274 454
329 333
416 427
293 458
93 145
374 384
151 197
252 331
261 463
354 490
90 216
25 149
102 188
20 180
123 226
332 452
290 373
277 279
145 187
366 492
43 212
299 460
370 395
129 240
115 226
270 348
63 215
281 380
14 20
313 317
425 462
250 446
115 130
310 436
91 160
284 435
300 387
458 487
154 218
142 163
92 181
195 201
160 239
136 208
149 195
5 193
36 112
189 233
112 171
340 443
32 115
88 186
274 413
110 247
187 234
276 373
96 245
75 223
252 455
61 89
131 182
23 105
447 480
328 453
284 414
29 234
112 245
58 72
89 156
179 243
63 146
173 236
200 226
251 259
296 374
73 109
43 190
308 329
263 382
74 156
374 479
415 417
336 438
117 235
270 483
21 236
290 339
253 496
314 366
423 467
24 134
119 234
332 408
98 242
360 362
48 149
140 214
399 488
38 66
68 107
12 19
409 414
59 67
338 342
194 214
59 185
360 420
333 485
0 178
367 464
28 206
423 445
123 243
276 282
96 184
54 89
449 454
263 412
458 481
251 439
277 312
350 394
82 245
14 142
424 428
69 73
57 236
105 173
265 358
259 339
38 76
27 60
363 379
1 23
19 190
304 342
407 435
258 444
415 452
340 392
7 151
147 247
120 242
402 425
93 147
41 189
447 491
16 143
342 431
306 364
120 237
354 461
164 227
44 137
307 423
93 153
296 421
37 197
125 247
141 218
336 466
143 202
415 418
78 109
6 136
185 189
257 280
156 232
363 369
228 237
75 237
12 63
367 434
111 188
300 493
338 416
157 168
234 247
311 469
259 268
474 484
24 184
342 363
13 146
131 203
60 101
141 171
14 148
74 194
313 343
356 383
9 199
352 474
13 219
133 141
315 348
255 436
442 480
1 83
57 164
33 108
99 163
230 238
318 499
266 414
348 484
280 456
10 227
354 363
322 331
382 469
13 52
37 74
183 230
285 489
283 298
354 490
298 310
2 124
164 231
320 360
60 248
108 123
18 39
254 443
221 244
320 420
33 207
60 177
364 469
452 491
24 89
375 499
22 44
156 195
195 208
287 455
377 403
125 203
437 444
296 426
329 401
302 335
92 133
367 376
316 443
289 419
336 491
330 403
142 249
345 416
183 197
325 342
387 476
56 95
102 207
291 327
58 240
179 217
57 112
331 437
484 491
418 470
351 413
299 425
187 215
288 385
285 399
96 247
81 243
468 490
163 235
122 231
89 100
209 243
9 59
369 412
143 183
250 422
13 158
86 112
357 374
107 177
233 243
112 227
431 494
131 204
351 405
313 426
288 386
130 248
388 494
31 34
10 21
110 116
172 216
30 218
80 106
427 431
376 496
120 238 341
15 118 314
52 353 379
16 166 487
3 206 283
6 307 424
348 384 418
102 159 372
365 446 482
262 269 431
22 225 315
14 190 195
71 352 358
240 389 416
64 92 156
375 422 457
308 310 435
183 418 458
271 287 415
296 329 405
53 143 233
40 110 145
17 59 90
84 148 255
304 327 476
17 133 319
97 102 221
118 237 245
115 233 469
127 334 361
44 125 407
76 126 238
62 165 216
347 352 360
343 396 414
254 343 471
294 334 469
294 300 364
343 403 465
244 276 395
89 97 116
5 264 401
43 243 266
341 418 437
70 414 434
292 330 398
45 204 226
94 116 192
379 441 458
55 183 377
2 319 357
192 215 429
94 176 452
29 42 247
156 240 425
24 224 248
34 187 221
58 245 492
153 190 195
171 243 257
32 170 188
141 249 468
82 144 454
318 351 367
170 268 495
7 212 438
18 68 238
64 139 391
252 277 476
49 132 171
56 208 238
43 74 241
74 79 159
106 233 333
116 131 210
7 45 232
120 178 245
168 296 361
15 102 205
9 112 238
44 79 477
30 476 477
373 469 488
28 47 332
4 35 484
106 142 272
70 243 340
119 220 417
32 121 233
16 212 354
326 359 456
9 184 273
315 320 456
169 181 291
11 43 105
351 379 441
398 404 490
56 278 439
210 387 419
93 286 440
123 240 327
56 103 209
71 294 436
108 172 228
250 287 313
431 465 490
41 232 244
105 193 298
29 93 124
5 337 425
16 256 374
180 277 459
394 481 482
82 124 170
20 86 342
259 486 494
74 332 387
31 182 285
307 323 383
108 214 305
27 123 224
103 384 496
376 402 465
43 132 205
13 284 392
15 307 380
29 106 287
204 309 420
154 172 419
123 368 435
22 121 177
47 204 210
19 81 207
237 286 311
244 275 276
94 216 245
364 407 479
172 204 244
152 188 253
17 333 463
97 191 302
308 309 320
26 149 214
68 246 324
14 37 75
23 335 367
26 137 335
152 294 474
196 341 462
282 396 457
291 375 487
4 61 154
258 269 371
18 79 150
89 262 370
130 250 338
11 54 70
159 269 486
177 344 386
88 313 456
306 385 415
18 111 163
228 308 350
34 182 410
305 379 455
104 231 381
276 417 481
166 184 448
145 361 438
337 379 408
54 185 458
383 398 441
108 137 189
108 378 432
177 223 308
105 117 188
157 275 339
110 391 474
23 60 173
330 370 427
277 295 447
95 186 192
116 199 473
281 328 388
2 185 304
1 159 253
240 276 287
98 106 118
24 231 233
173 285 432
47 66 266
270 338 480
287 364 465
260 421 471
112 120 340
123 144 463
25 27 435
278 346 350
139 204 226
56 145 425
98 340 358
0 27 166
178 326 464
297 350 435
44 152 238
43 273 311
325 376 490
72 80 309
310 324 439
64 228 376
142 178 282
408 437 461
6 91 261
396 444 467
115 208 471
6 171 398
32 99 252
272 300 450
23 99 131
207 234 425
72 75 223
103 134 406
31 68 89
329 374 483
300 346 385
382 406 425
158 372 483
115 209 216
12 155 354
56 177 477
76 115 128
5 51 134
72 207 336
118 277 293
227 275 443
35 109 198
64 121 322
26 58 136
98 239 312
317 409 458
341 368 460
37 125 416
55 216 305
91 116 321
160 345 435
179 216 227
128 187 224
2 180 231
218 295 409
377 404 420
126 437 490
101 322 346
50 295 383
12 125 163
30 163 266
134 192 481
55 123 383
78 104 252
177 287 298
357 405 406
52 144 282
351 373 386
330 456 467
180 253 363
97 184 224
26 219 294
117 236 367
106 202 402
92 322 394
33 57 85
198 382 412
308 441 494
14 209 221
75 343 367
250 257 383
11 61 327
33 458 465
107 140 145
193 314 337
65 234 477
58 155 351
25 103 465
99 247 336
376 406 407
322 418 466
45 89 468
74 117 238
242 451 498
49 185 198
1 138 291
322 444 480
52 164 213
14 36 201
13 39 211
202 209 426
240 368 492
63 69 198
285 329 471
64 156 363
10 54 115
80 276 372 461
46 104 171 294
16 69 170 305
20 62 278 315
283 344 426 444
59 90 189 321
26 135 208 331
55 183 265 289
48 67 299 352
10 196 231 442
218 350 369 386
281 359 431 488
56 151 175 290
268 340 365 466
136 194 202 205
156 222 258 458
94 115 150 435
23 192 226 380
128 229 241 246
17 191 339 472
158 264 410 432
159 211 273 307
56 320 418 488
164 249 289 428
350 363 381 467
143 331 401 412
21 154 185 207
114 151 280 352
145 173 178 218
67 115 190 226
134 228 342 415
106 113 282 321
186 188 247 316
187 219 299 426
13 20 50 191
51 130 184 193
69 133 252 312
10 59 147 331
178 383 412 478
49 158 167 364
15 186 220 427
292 303 380 395
59 202 308 340
28 145 354 379
78 101 216 363
123 273 344 425
104 175 268 290
21 77 190 224
95 152 381 432
267 350 405 439
306 379 466 498
174 192 210 348
0 181 267 314
113 342 396 463
19 198 356 459
145 213 446 467
30 287 347 357
133 376 464 479
200 284 422 425
14 131 272 295
4 89 166 285
113 274 284 293
63 212 213 323
191 192 194 217
141 240 456 465
412 422 478 480
22 142 300 445
212 270 296 461
112 245 318 378
58 336 377 407
103 219 426 469
195 237 346 408
71 79 152 414
74 79 152 486
30 73 98 428
121 232 279 474
101 290 382 397
15 40 393 471
71 118 120 237
14 103 244 454
85 132 162 393
256 279 419 444
119 124 127 325
47 401 408 477
215 267 335 394
358 373 424 486
24 188 208 429
250 381 417 442
269 342 349 499
1 164 420 457
165 227 397 428
146 183 195 349
20 118 212 473
35 321 345 412
155 294 422 424
31 65 194 329
227 327 397 417
77 106 107 185
73 284 300 476
13 91 109 320
66 260 372 381
247 348 392 481
9 15 83 467
69 268 286 480
17 57 264 316
146 305 313 339
90 187 192 349
116 204 243 375
123 329 357 419
33 47 267 329
146 376 399 430
28 98 137 221
254 279 411 412
55 63 123 247
3 202 296 397
316 417 447 493
117 145 149 278
126 177 364 477
113 152 338 409
47 65 107 371
183 196 330 400
104 373 378 444
72 78 151 288
140 361 395 439
5 18 144 302
151 322 328 426
51 86 192 427
5 352 378 475
30 133 150 173
67 207 240 266
57 173 286 298
227 264 413 466
206 229 390 479
57 130 266 329
123 181 274 454
48 89 160 390
175 180 318 431
21 183 239 368
166 205 328 448
27 164 214 216
29 168 239 390
187 232 278 282
60 186 303 435
23 279 286 338
9 117 149 239
151 310 359 442
147 155 206 257
336 433 475 477
240 363 435 484
152 321 453 465
94 145 262 424
39 272 389 428
281 368 383 438
17 18 308 394
143 232 435 442
30 143 258 472
49 75 91 92
9 58 116 188
250 357 370 429
23 125 200 494
291 395 404 458
124 142 216 410
266 269 379 382
8 84 96 218
246 318 348 415
168 255 258 338
4 115 163 238
216 286 337 459
2 291 410 488
7 17 107 365
163 168 439 479
56 79 97 366
49 443 455 477
214 238 300 349
54 292 388 494
299 376 410 452
73 131 316 418
1 123 128 178
11 83 345 351
5 107 236 443
37 372 412 476
92 126 129 277
228 307 360 474
115 123 371 433
145 221 357 440
100 183 185 311
21 201 393 480
281 353 364 404
37 121 450 470
164 337 396 480
110 229 424 435
270 285 286 456
95 306 310 412
17 48 63 129
26 161 233 234
76 99 189 287
21 100 114 294
71 120 216 481
151 154 437 479
58 82 334 488
144 286 330 381 482
268 308 367 497 499
122 261 384 405 475
108 163 177 216 373
130 151 166 322 396
111 112 337 412 433
130 267 283 295 443
316 328 351 411 421
22 69 137 245 254
3 113 155 180 411
84 105 115 119 230
8 390 409 442 453
160 218 229 295 451
72 108 250 345 426
62 180 182 192 318
16 213 320 341 452
4 129 239 357 490
54 166 167 183 358
7 26 223 278 431
12 36 112 340 469
131 220 222 230 305
68 341 395 453 473
70 105 310 442 472
14 17 117 212 283
89 185 282 409 493
148 288 381 421 494
92 190 260 362 482
15 64 119 366 461
19 104 145 175 190
30 52 159 323 459
43 337 413 447 468
23 80 276 375 412
140 342 433 476 490
35 68 111 216 325
113 130 139 206 351
176 181 242 347 395
68 164 447 466 480
15 62 88 145 457
51 250 257 280 487
49 152 439 452 480
22 53 177 257 351
83 184 187 242 431
168 363 373 451 494
234 265 275 316 367
48 140 207 306 377
115 126 341 384 493
5 74 76 317 402
132 202 292 330 354
9 91 177 201 280
223 284 400 453 496
27 68 139 223 228
325 366 368 414 462
26 149 225 240 492
294 363 394 428 464
65 143 287 337 410
72 270 394 449 463
59 137 241 436 494
65 185 458 469 472
81 152 435 476 482
12 124 181 261 488
28 34 243 320 464
18 135 158 173 176
38 46 312 485 492
226 266 277 327 474
321 386 387 404 408
137 216 363 371 463
19 228 312 337 418
201 279 339 356 462
116 126 157 177 464
255 352 410 454 484
61 266 322 370 398
39 68 292 335 412
60 251 264 320 353
24 121 158 193 486
100 236 349 361 400
111 122 169 235 296
61 186 275 357 427
157 177 186 317 428
31 43 150 178 276
47 98 194 220 264
14 83 212 214 287
29 112 276 394 437
142 235 335 403 443
98 115 128 207 229
9 90 101 323 420
77 116 227 314 402
93 137 240 385 428
77 98 151 454 472
18 245 404 445 475
146 162 347 394 442
172 206 236 285 436
19 170 288 404 406
237 286 296 306 337
141 219 315 346 370
214 225 230 363 419
91 132 171 368 438
82 128 175 262 435
14 100 111 431 473
32 229 296 379 419
84 110 152 259 417
203 263 379 473 474
167 305 428 432 488
51 76 131 216 369
50 70 254 257 259
351 378 421 422 496
22 259 338 439 476
21 116 137 362 426
4 198 278 338 350
37 169 195 278 413
15 46 270 386 467
3 302 308 325 378
3 77 178 386 476
0 26 48 266 269
21 94 100 216 429
183 204 285 291 445
24 105 115 316 451
10 83 100 150 211
10 144 160 435 464
251 261 283 338 491
195 215 301 305 311
93 112 213 255 327
35 56 166 207 228
107 155 159 180 459
222 228 320 422 460
25 39 74 108 337
95 180 220 408 456
149 254 328 361 436
230 266 347 378 418
20 206 309 339 438
7 57 199 256 398
88 113 118 227 286
34 106 212 330 466
261 314 354 414 470
107 113 149 328 402
9 241 268 285 322
21 41 61 200 405
142 198 290 397 447
63 86 145 188 347
56 110 356 357 420
15 43 179 337 405
289 322 405 406 454
107 162 207 415 424
0 196 301 358 433
13 149 236 264 479
63 96 175 254 457
59 77 205 415 450
51 93 354 365 387
71 156 449 479 489
8 80 177 243 492
17 239 347 383 429
12 26 42 69 418
35 204 238 292 470
51 144 265 266 476
12 101 122 199 245
66 143 257 272 368
69 88 212 396 437
2 81 193 233 395
54 153 204 295 487
23 336 343 387 450
14 124 377 445 458
14 277 293 340 413
58 77 111 190 268
29 73 77 112 161
25 67 246 397 449
32 34 237 431 452
182 217 453 488 498
187 193 241 274 494
107 142 285 369 440
39 64 171 172 311
52 268 271 323 408
35 199 396 480 498
67 125 158 220 359
242 324 347 402 439
62 178 180 181 377
9 138 248 297 404
32 36 95 145 231
57 172 286 420 490
125 249 345 370 475
145 174 211 436 463
45 266 271 309 400
49 61 377 405 413
209 308 444 490 497
267 310 346 386 472
64 322 407 419 421
72 162 324 449 459
28 136 167 291 397
43 63 113 170 293
36 63 64 190 193
38 89 304 371 444
126 137 149 490 498
4 13 28 123 215
72 107 262 308 334
34 78 104 171 496
144 246 305 318 499
90 264 265 347 445
155 163 190 208 280
26 31 125 190 235
23 26 29 169 382
48 161 217 268 321
96 246 263 345 412
94 135 162 172 331 496
178 213 347 466 472 493
237 269 282 285 373 476
33 228 270 293 385 440
43 44 115 135 189 368
113 154 248 318 378 445
43 89 165 357 374 463
3 164 184 357 373 416
115 243 394 404 470 478
113 246 250 280 450 480
85 184 389 427 429 465
150 233 337 375 423 450
138 163 221 315 364 447
129 209 267 313 346 445
157 161 222 375 411 483
56 104 190 222 346 410
170 203 253 317 326 468
39 95 131 195 362 394
65 156 159 166 248 423
16 81 84 160 214 256
80 101 171 305 378 421
144 191 214 219 221 244
90 288 293 295 439 453
25 98 128 197 207 424
34 88 167 182 243 282
20 251 288 317 357 438
60 96 219 277 431 460
34 84 242 243 311 314
135 157 326 378 406 470
175 257 382 409 449 489
52 174 283 332 421 496
7 87 94 229 486 492
43 53 285 360 388 489
47 134 161 196 452 467
6 19 131 141 159 213
44 47 84 144 182 385
2 11 78 148 255 323
66 92 129 279 403 460
63 124 275 294 377 410
81 172 216 434 479 490
66 68 135 287 308 329
177 190 219 240 248 375
48 101 347 449 467 483
126 155 164 205 233 495
68 102 140 233 484 492
76 84 89 240 489 498
18 142 144 151 167 383
80 169 252 329 401 490
335 348 377 430 448 485
22 187 209 249 272 301
7 71 193 457 493 494
77 194 229 336 348 471
112 160 166 175 297 478
25 154 237 251 354 359
95 131 141 331 343 484
67 114 215 335 409 423
36 74 218 219 314 399
35 102 163 272 321 458
18 30 145 217 225 409
22 74 92 114 181 337
270 284 366 392 426 447
28 31 118 220 233 366
218 223 426 433 454 458
71 274 275 390 435 488
57 86 145 170 183 282
42 101 202 278 293 413
102 174 267 332 362 452
38 129 257 317 435 474
10 60 289 341 449 496
33 300 302 326 357 458
119 125 197 223 365 475
200 209 315 372 448 453
46 279 309 381 420 432
79 106 131 151 215 300
94 193 294 300 340 342
8 20 113 163 407 471
9 292 427 441 456 462
95 104 121 139 254 313
221 258 289 299 383 470
103 179 353 354 394 407
116 132 141 160 220 415
8 284 457 469 473 479
122 175 291 322 346 441
92 93 146 216 267 390
210 256 329 372 382 446
5 53 128 137 164 254
13 131 196 200 452 470
29 64 123 205 230 350
52 223 381 415 478 479
24 133 136 175 242 353
120 183 314 329 337 389
42 114 202 243 458 465
130 143 157 202 247 440
50 75 228 295 406 472
166 231 270 298 392 436
102 138 167 437 456 477
3 53 56 243 367 491
28 176 181 200 373 466
49 99 263 269 355 415
105 175 240 292 352 445
128 315 328 348 479 488
260 263 359 388 394 420
45 67 180 185 294 479
35 76 197 380 427 460
123 344 417 424 454 480
56 219 332 389 391 461
12 109 186 203 246 318
9 36 105 334 366 456
97 98 102 144 459 467
229 346 406 441 465 468
45 131 373 475 481 486
4 315 319 345 346 393
37 40 47 255 274 401
10 83 254 323 409 422
132 205 207 241 315 479
104 251 323 394 442 477
24 53 73 160 168 352
53 75 208 323 340 476
26 171 189 249 312 330
30 159 203 267 277 326
204 233 306 398 401 433
89 197 257 448 483 486
33 70 214 231 424 463
96 155 313 390 401 453
125 130 301 379 405 417
213 230 319 320 321 403
34 132 138 172 268 307
111 159 204 235 322 443
257 258 275 334 412 498
8 260 308 337 409 420
10 67 71 109 173 272
45 56 71 99 170 198
20 21 22 80 141 197
89 181 258 305 410 445
28 144 194 232 355 416
35 36 74 109 196 299
5 25 27 31 435 436
137 271 301 388 446 455
120 263 292 355 439 483
54 158 231 261 295 318
53 129 157 159 195 431
104 155 207 214 314 373
63 264 368 401 403 417
40 51 59 167 170 175
70 86 110 265 455 485
20 227 296 416 430 479
94 143 181 250 361 390
120 182 203 220 317 442
55 177 251 257 408 412
49 75 188 301 331 377
147 230 241 272 353 376 486
104 110 196 292 320 453 454
271 284 293 355 379 476 481
13 120 139 147 210 328 396
177 241 249 251 261 287 367
12 152 169 178 222 282 321
75 113 129 140 146 324 355
77 224 257 277 337 395 463
140 397 406 458 473 475 496
25 233 279 302 373 394 451
299 326 340 366 378 434 452
19 72 173 287 422 443 470
65 118 121 142 316 320 386
53 95 160 173 214 226 469
47 79 100 144 154 242 450
145 186 253 329 406 441 459
27 28 274 333 356 458 492
50 122 260 317 330 426 496
64 83 88 213 303 388 409
140 233 262 266 330 386 439
17 91 216 288 420 427 435
3 105 217 373 392 404 439
118 228 257 261 300 350 414
11 49 102 159 189 319 495
59 178 205 223 261 356 430
15 232 245 307 345 372 378
47 123 180 286 287 288 370
157 227 255 325 363 380 476
16 137 142 159 185 188 241
92 164 249 391 438 470 474
1 37 99 227 267 425 456
42 65 191 221 284 320 376
58 70 119 167 254 282 322
8 23 250 309 312 391 441
121 139 160 288 472 480 492
181 196 200 332 415 426 465
25 169 173 182 203 219 410
8 85 92 112 160 233 421
40 47 78 313 480 486 492
1 182 208 234 244 329 452
73 132 133 159 343 363 443
14 252 292 304 319 333 432
139 257 269 318 361 420 456
9 22 91 253 300 345 476
1 47 138 181 299 321 456
25 100 119 139 279 325 493
0 6 50 358 398 408 410
8 153 175 205 233 336 353
34 53 75 282 295 426 473
13 66 163 253 315 437 467
14 38 135 160 170 320 481
55 104 140 189 310 349 465
274 292 304 350 406 438 480
17 186 189 247 309 329 385
96 106 314 426 430 473 476
27 135 252 263 309 377 458
37 75 145 161 266 431 483
20 95 115 147 153 274 436
36 124 208 253 357 379 489
108 150 165 238 270 275 321
16 128 218 262 285 321 341
8 14 20 60 162 279 446
215 296 309 435 448 462 494
38 189 263 287 311 388 447
28 155 406 472 476 495 497
191 265 280 300 338 369 383
70 99 128 181 247 293 495
0 5 53 149 175 259 440
155 201 219 280 387 464 497
257 304 311 363 364 427 431
34 105 238 269 379 440 472
14 49 166 189 246 349 486
20 62 192 253 286 435 449
155 159 210 283 303 403 475
160 228 388 437 448 481 493
77 81 160 255 362 395 398
110 125 143 189 217 245 438
47 56 157 160 232 248 415
45 83 141 168 440 442 459
237 292 327 339 340 438 462
113 135 239 256 314 407 459
9 34 115 200 294 389 421
1 76 122 162 357 367 425
106 126 356 357 448 485 499
115 262 307 313 441 454 484
227 260 302 436 450 466 470
80 105 158 224 254 329 487
141 208 376 422 446 452 463
21 38 127 338 431 474 486
10 98 100 145 239 292 302
118 142 226 272 377 413 432
98 204 245 247 257 481 482
33 51 140 141 238 337 420
9 44 50 63 314 326 469
78 141 153 159 196 452 483
177 220 339 388 409 465 493
279 300 331 343 399 452 480
22 145 151 260 302 397 438
4 41 96 227 228 402 472
80 141 147 219 391 399 452
40 265 271 273 353 394 452
8 72 77 213 219 225 278
100 102 123 174 284 447 457
121 178 182 246 248 398 444
52 128 252 342 357 466 497
38 55 252 253 322 344 364
38 72 268 285 304 367 438
53 147 246 279 325 349 417
27 50 53 127 253 400 415
101 229 279 297 365 455 493
149 185 261 263 269 394 443
114 117 146 149 178 269 333
40 115 237 268 304 444 476
2 3 50 164 185 253 293
172 187 214 241 293 449 498
57 122 147 201 219 224 280
15 55 61 144 195 251 292
67 68 120 125 228 291 424
71 80 124 284 371 374 406
135 143 174 255 343 470 473
26 119 184 242 274 294 334
57 101 105 205 212 373 469
47 102 146 191 201 260 405
166 186 251 349 362 412 460
19 100 126 196 407 437 492
121 250 328 344 383 438 474
18 48 99 143 213 331 431
54 133 136 184 188 415 457
2 62 140 176 229 243 279
7 15 46 83 127 140 203
67 108 121 173 326 338 462
53 71 116 260 357 414 446
33 42 164 196 257 260 409
29 72 83 179 314 351 416
77 131 242 322 336 374 445
70 157 269 310 328 430 477
155 305 343 424 428 465 493
11 118 194 291 383 414 494
2 56 327 338 378 479 491
69 172 203 336 381 400 451
23 154 157 223 235 333 424
46 50 156 224 411 475 487
20 173 316 386 487 493 495
6 31 107 282 294 346 410
18 100 288 394 403 464 480
16 66 107 311 341 442 447
59 66 217 261 413 452 468
124 224 259 266 311 361 420
218 331 381 391 429 471 482
20 60 203 355 357 443 472
139 144 182 207 257 331 404 450
187 357 370 382 402 416 425 454
127 260 297 375 432 435 442 471
64 92 104 132 175 231 334 361
31 196 212 247 252 304 367 397
9 47 56 65 69 136 153 457
50 58 108 141 181 272 285 292
228 251 282 292 302 308 311 369
60 101 151 158 177 328 368 472
6 146 207 322 418 443 455 482
27 34 44 126 255 269 370 464
25 99 260 268 273 431 440 493
73 115 199 226 428 433 447 451
13 22 35 41 103 174 247 385
75 164 283 363 415 463 492 498
13 146 219 268 404 439 464 481
17 119 150 218 267 363 373 420
115 151 160 215 305 316 395 415
29 77 180 210 248 401 432 473
56 152 180 275 291 390 457 496
15 26 112 159 259 302 316 464
120 130 177 316 325 327 338 489
27 50 100 142 259 326 443 489
13 26 56 108 239 254 277 286
6 25 80 162 209 294 462 499
25 81 90 114 197 245 258 452
19 31 72 319 351 391 419 488
2 25 34 58 142 161 210 351
5 81 136 222 224 348 394 480
86 222 330 335 340 352 441 456
13 31 56 91 106 216 433 499
30 31 81 119 185 303 439 466
83 223 262 334 343 417 433 470
0 32 59 219 291 355 358 377
67 91 190 317 321 388 412 486
193 204 339 367 381 437 455 484
6 33 57 124 135 146 403 421
129 181 213 328 339 378 440 461
72 97 122 172 241 253 362 372
24 58 92 99 217 269 321 343
135 168 175 177 303 396 456 475
34 146 156 278 337 350 365 475
154 182 191 264 287 387 445 455
194 263 285 311 404 450 462 489
46 82 136 182 230 234 300 409
55 77 149 159 182 317 320 401
40 68 183 222 304 417 427 454
141 152 266 365 397 433 453 467
90 132 193 305 332 351 363 491
18 46 75 113 245 320 361 385
88 103 115 208 387 397 415 471
167 177 266 313 319 402 429 453
142 220 230 239 308 349 364 460
49 101 112 129 185 237 301 320
24 35 44 333 414 443 451 492
155 227 290 291 346 376 421 433
59 307 332 335 344 358 377 432
13 32 85 100 132 255 293 333
11 90 124 141 163 244 295 297
57 60 100 135 161 280 391 441
6 81 97 192 218 267 318 490
119 198 211 364 385 435 456 490
60 94 145 171 190 360 395 477
14 104 150 305 322 357 406 435
76 95 161 171 247 311 398 493
12 211 254 268 318 363 424 437
33 55 122 283 378 433 452 479
31 41 99 107 157 306 453 486
4 8 12 76 172 182 349 394
115 128 138 213 306 327 336 458
72 155 247 302 303 327 383 439
27 59 173 229 231 376 394 451
34 81 139 154 345 394 467 486
1 115 187 248 268 388 405 456
31 107 146 186 194 357 370 462
34 163 219 229 247 252 388 433
5 7 225 303 351 361 430 440
8 117 171 218 288 435 446 478
75 95 103 244 264 288 356 489
5 18 121 149 171 206 478 499
41 101 169 205 294 342 422 465
5 38 135 148 160 188 315 371
11 67 80 224 247 250 296 412
13 83 226 263 293 426 450 452
34 54 213 214 245 424 427 481
28 29 55 81 168 207 234 315
25 30 40 98 302 383 436 443
46 169 197 304 305 318 368 412
162 206 300 335 382 413 487 498
24 42 44 126 209 236 287 491
10 29 103 108 247 256 323 402
29 60 61 73 120 162 217 385
4 178 219 229 327 330 414 486
16 57 59 108 128 142 223 377
19 25 38 86 260 355 402 428
123 124 201 267 314 390 433 435
64 88 247 254 267 349 414 456
30 51 71 93 126 381 492 493
84 110 188 207 259 352 381 432
66 115 153 155 199 201 253 272
74 130 163 213 367 386 410 493
34 201 261 267 271 455 478 487
18 42 98 158 190 246 405 480
174 186 284 300 308 323 417 449
20 132 246 317 355 370 412 442
6 157 206 259 329 436 468 475
30 202 215 276 279 353 461 479
52 165 171 214 333 339 431 466
117 361 391 431 446 447 468 485
52 82 86 94 146 234 296 345
10 31 45 76 82 172 259 384
14 61 143 179 286 384 473 491
209 250 264 284 307 319 327 421
8 47 192 222 248 299 377 494
11 25 41 67 112 304 432 450
9 40 218 227 243 266 319 370
30 134 183 282 312 317 329 490
56 103 121 127 150 378 428 446
20 143 168 176 191 248 322 394
151 197 206 232 260 418 477 494
90 204 227 310 320 387 391 422
176 280 293 308 351 369 390 486
35 60 130 229 350 354 367 487
25 221 295 355 391 406 462 495
19 130 143 199 203 208 270 275
29 73 304 324 355 433 447 483
95 117 121 132 213 313 407 419
126 239 325 415 423 452 486 495
196 228 235 255 323 338 433 485
74 95 104 313 349 425 435 496
9 99 113 187 215 298 462 470
25 43 51 60 67 151 395 411
9 57 124 234 281 339 353 481
64 72 206 236 295 317 325 347
10 29 50 144 155 289 369 432
43 144 241 292 297 374 421 443
9 39 70 84 107 127 344 495
5 26 34 39 106 183 364 418
150 165 206 215 320 382 397 420
0 2 25 168 219 236 320 410
46 132 213 246 253 323 353 439
60 116 190 273 287 327 369 402
0 46 51 101 217 280 378 439
4 146 326 351 386 418 422 498
10 35 126 268 275 374 461 493
114 161 171 180 221 292 328 439
113 250 297 313 323 392 422 479
63 183 200 247 345 361 433 476
214 255 294 325 437 473 484 490
4 183 208 250 291 318 352 383
6 63 74 88 219 265 288 370 482
23 75 165 172 235 322 340 343 371
24 63 82 89 151 195 219 387 462
38 45 82 110 395 400 469 481 491
105 159 258 335 361 382 427 440 480
23 91 123 178 224 228 319 327 395
22 57 74 77 139 161 257 278 468
48 157 230 299 310 354 364 424 481
52 97 214 232 269 319 353 375 481
49 262 265 296 304 305 330 448 486
115 144 186 246 349 380 399 411 434
8 74 81 182 202 258 410 414 457
39 283 292 329 424 433 447 478 482
10 153 200 268 315 371 401 411 420
18 66 70 163 390 396 425 457 491
14 80 97 105 129 188 193 251 481
20 128 203 245 252 262 385 434 495
27 60 157 241 278 285 317 341 432
67 119 190 207 239 261 293 302 385
112 120 206 335 382 407 468 495 496
33 45 50 71 81 99 116 174 423
105 118 120 143 146 175 264 276 289
131 256 281 347 349 376 414 456 487
30 53 98 143 225 386 398 454 499
58 84 94 151 210 283 294 303 376
62 194 212 247 260 319 337 357 388
58 94 147 178 190 206 269 362 446
9 75 175 259 262 286 389 391 460
77 179 208 284 342 399 465 485 493
21 23 36 123 125 232 267 403 476
16 103 257 268 271 357 361 424 430
52 62 147 208 251 298 320 394 410
3 15 73 164 179 180 212 330 347
4 14 73 157 186 220 249 282 294
37 102 115 139 224 317 372 429 454
48 107 348 365 388 398 413 482 492
123 150 184 185 217 275 278 415 492
57 74 95 113 183 185 424 429 471
82 219 230 256 332 406 407 428 485
71 164 219 225 308 332 415 426 458
100 173 182 227 245 262 265 347 484
70 112 129 159 184 240 261 263 276
119 186 205 297 327 399 408 421 439
4 38 70 117 167 231 314 420 476
4 78 121 222 299 349 432 446 473
96 137 175 176 212 220 353 425 430
53 173 194 214 253 279 306 435 491
44 56 150 155 228 261 337 348 372
77 126 160 170 219 230 272 278 449
48 67 79 88 249 263 323 462 485
107 128 143 187 246 288 313 422 430
116 261 332 368 388 399 457 458 461
79 174 189 231 269 374 414 462 479
39 43 92 141 151 176 181 295 421
34 91 213 282 294 307 370 373 448
2 15 96 147 244 295 372 379 495
35 54 86 190 217 239 267 347 471
50 106 256 272 277 291 357 375 432
14 18 116 202 232 334 354 391 429
70 130 226 263 341 396 434 437 498
22 69 112 121 176 187 362 399 403
31 50 116 181 245 275 301 365 382
20 37 49 176 256 264 356 454 496
175 234 269 294 335 348 356 365 470
43 46 63 82 125 251 345 435 441
143 184 300 372 413 418 421 461 497
43 51 73 89 159 162 191 265 324
11 55 138 163 252 310 336 349 424
61 78 198 207 234 320 399 430 439
69 91 166 228 260 267 309 426 487
16 139 191 205 222 228 240 478 484
130 147 164 182 218 386 397 446 485
6 72 106 153 200 351 380 383 408
16 39 47 213 245 249 323 396 432
16 65 250 253 285 343 360 377 387
56 199 218 230 373 382 386 411 464
58 122 173 181 270 286 341 395 428
13 26 43 85 231 269 324 330 418
32 174 215 254 280 292 333 343 362
69 177 229 232 251 300 344 401 417
0 146 199 267 268 301 390 420 476
26 36 190 237 306 313 316 344 488
83 100 106 174 191 318 326 465 496
97 105 117 118 192 220 332 404 477
49 74 90 129 328 333 338 343 456
33 39 86 94 112 121 249 363 418
165 240 290 301 306 360 369 409 425
49 245 256 316 377 384 393 460 473
66 98 136 172 175 200 263 354 499
75 137 240 260 261 317 377 414 441
26 207 232 238 342 401 430 445 453
109 191 232 250 289 299 429 436 447
0 46 95 128 129 184 187 256 419
78 88 107 124 143 241 247 273 289
60 103 140 198 217 226 229 310 443
54 55 75 113 272 322 333 369 478
167 189 216 326 366 374 403 420 471
50 172 213 215 326 393 396 411 440
7 90 139 195 216 237 277 308 489
130 188 247 263 331 339 360 374 464
125 153 159 178 253 275 281 358 461
98 147 185 197 209 272 368 379 451
16 104 152 161 198 215 421 475 488
7 26 54 128 141 233 319 396 470
10 41 64 164 215 239 255 356 481
142 168 286 329 344 355 418 438 497
69 126 177 199 228 232 249 379 439
18 33 117 190 248 280 292 405 414
42 290 340 363 419 432 436 450 469
91 101 181 241 244 365 379 423 462
25 171 296 343 344 359 365 426 444
24 27 142 143 189 192 239 482 494
68 131 200 216 259 301 350 482 497
77 141 159 215 328 382 422 428 434
3 68 170 224 295 309 316 353 382
91 162 179 329 398 431 471 476 490
18 74 85 94 97 119 253 363 396
31 56 183 252 305 369 394 395 480
93 131 139 175 249 313 423 446 448
71 83 103 173 201 215 222 230 301
49 58 63 101 134 149 195 236 341
150 179 278 325 328 356 357 372 471
50 142 183 221 346 417 488 490 492
50 84 194 204 225 307 339 387 484
87 88 108 306 325 342 355 438 476
57 95 263 280 292 293 304 339 375
60 135 184 213 318 334 366 457 474
71 122 176 190 232 269 419 430 487
1 58 59 215 287 356 419 431 467
25 32 116 166 181 253 310 318 432
28 54 106 146 153 237 317 336 421
54 73 86 108 178 183 269 310 396
48 119 137 280 284 321 355 421 432
29 31 175 197 205 351 386 387 400
96 108 109 139 181 241 317 377 487
50 60 81 86 89 116 162 292 363
74 106 161 164 169 185 274 418 493
5 7 29 69 134 153 205 225 440
11 54 270 279 282 303 388 414 479
4 63 74 97 194 204 318 322 454
3 52 108 162 187 229 273 369 409
29 92 127 147 232 279 292 378 465
28 42 208 269 308 375 396 404 444
2 153 216 227 307 331 429 459 470
3 5 9 31 144 203 270 298 334
27 124 148 218 255 283 354 425 451
91 103 159 172 174 282 355 465 486
35 188 240 265 268 278 407 422 432
20 60 101 144 298 364 455 470 493
55 141 226 277 299 348 406 407 428
47 116 238 303 305 321 331 384 397 438
73 166 237 243 295 296 320 327 336 427
37 47 119 149 169 175 182 184 250 450
36 59 141 215 231 242 285 329 402 407
14 71 87 128 179 204 208 256 448 498
43 118 151 187 189 312 329 392 430 479
93 186 199 270 276 278 388 395 400 489
24 62 146 173 206 232 332 419 465 487
10 102 128 148 154 206 275 333 343 465
61 142 180 335 373 390 411 423 469 473
104 140 151 191 250 302 429 454 458 473
29 57 100 125 237 324 330 338 379 423
57 77 104 185 233 334 382 434 465 468
168 178 288 322 353 360 379 389 412 453
26 124 203 236 328 414 440 474 480 485
1 24 70 121 129 211 253 263 266 481
50 159 313 322 409 422 442 465 467 493
53 81 98 173 174 206 229 367 375 438
39 57 92 127 243 267 269 330 354 484
40 164 169 203 275 302 305 377 446 453
83 129 230 240 285 291 310 333 491 498
103 195 199 200 209 275 281 348 403 444
45 82 125 223 253 288 393 400 406 441
1 30 148 152 376 377 402 421 455 472
38 117 155 163 176 216 284 314 328 430
45 60 236 247 287 354 370 388 419 464
81 137 221 256 277 301 376 405 418 424
21 61 105 152 297 370 372 399 487 495
14 137 140 153 197 204 340 378 380 424
16 57 63 112 143 207 236 247 266 402
113 150 179 253 270 274 325 455 465 499
60 63 124 132 202 205 230 332 371 384
4 75 105 255 323 398 418 436 461 487
38 52 62 222 244 260 417 445 461 484
20 97 197 202 288 299 323 336 376 411
6 40 85 115 231 253 256 309 417 432
21 35 51 78 164 213 227 236 381 424
33 68 168 203 258 281 328 362 421 479
42 57 65 75 118 137 177 197 304 379
18 54 63 185 219 285 311 396 423 438
160 168 216 239 257 318 329 349 359 389
26 27 115 156 188 190 287 354 399 423
139 216 218 260 364 385 391 466 483 496
34 47 52 98 123 220 235 325 347 389
99 162 178 299 369 385 402 420 442 496
55 62 155 269 290 453 465 470 473 474
114 132 144 195 215 275 400 433 465 481
68 142 194 229 251 376 379 392 414 487
31 100 162 201 289 314 364 366 383 470
0 8 20 110 113 209 216 226 265 478
29 73 110 194 217 283 329 357 381 440
109 138 144 149 165 166 191 250 393 460
4 25 115 221 222 366 400 434 440 485
13 38 148 256 305 328 430 438 455 492
31 106 121 136 204 266 295 318 357 413
49 62 139 142 204 285 335 356 407 463
10 21 27 119 140 154 168 279 338 496
44 83 187 226 304 306 326 371 376 457
151 183 244 328 349 351 381 408 413 418
31 138 186 258 293 320 337 352 411 417
71 79 102 144 145 324 327 388 413 499
3 6 16 87 141 146 166 287 408 432
104 115 200 231 351 422 446 448 456 474
15 47 83 128 200 281 311 382 414 463
18 143 211 231 234 236 293 303 414 470
8 82 183 277 310 335 376 387 431 444
16 119 164 186 212 266 330 342 351 355
109 219 226 242 270 276 285 308 345 422
5 25 28 35 49 61 164 210 348 436
50 74 92 143 164 172 211 291 428 451
37 40 59 130 133 153 240 306 389 452
17 104 125 131 207 224 363 387 415 425
77 96 247 276 300 316 387 394 478 493
133 174 215 263 289 295 300 301 306 335
25 62 92 172 244 253 260 339 430 481
0 4 143 160 252 257 411 463 472 486
71 112 223 290 401 414 423 425 473 486
25 41 226 260 270 320 321 339 426 494
9 56 207 232 275 294 356 386 392 478
7 21 55 72 183 189 336 351 392 433
1 153 163 169 266 300 328 348 419 496
15 78 102 130 135 193 250 281 336 471
8 29 31 60 106 133 198 319 403 434
22 44 86 100 315 379 383 415 417 449
29 46 69 149 156 159 221 255 404 473
3 110 159 245 295 303 312 380 385 400
1 13 33 40 63 75 113 169 368 417
33 85 92 107 128 242 306 330 337 491
2 11 21 173 212 220 244 271 312 476
45 203 274 380 424 434 455 474 485 498
4 121 133 136 152 221 272 331 367 493
13 37 147 209 250 252 277 305 343 483
84 97 130 138 186 211 273 274 359 437
91 119 137 192 205 242 268 269 477 493
89 99 131 161 255 261 324 347 384 453
40 44 77 130 164 218 236 246 359 422
19 42 89 139 266 316 329 366 381 472
109 207 240 254 266 267 327 365 395 471
27 186 214 253 294 312 330 411 456 463
10 18 20 39 80 89 376 403 440 451
0 23 139 163 233 301 316 322 340 464
22 28 91 104 302 360 395 400 415 424
3 12 164 219 248 284 300 372 423 451
85 107 145 253 295 358 375 412 416 448
31 64 213 221 223 261 345 415 484 489
3 21 25 123 124 162 172 175 300 451
67 74 109 134 241 285 363 397 463 497
12 45 71 87 103 105 215 244 345 478
27 40 142 221 237 258 281 296 388 448
45 101 171 174 300 324 383 398 401 452
8 35 36 57 83 110 184 341 388 412
21 36 50 179 199 296 349 385 447 489
56 57 77 195 249 261 318 422 452 460
14 32 153 163 188 228 273 315 333 477
43 65 82 83 111 204 290 376 473 497
94 106 111 128 239 252 283 294 317 321
9 136 152 198 228 236 243 298 302 312
25 123 124 148 152 184 315 378 397 422
47 93 148 164 172 197 250 260 363 494
23 135 173 180 247 355 400 424 438 479
39 114 171 259 316 355 396 458 474 483 491
80 89 157 186 195 212 278 279 282 389 452
33 116 156 159 184 197 228 257 435 449 491
65 83 90 206 228 231 294 346 422 433 444
122 212 292 295 358 364 377 399 425 465 470
43 85 134 175 247 298 374 376 389 412 467
14 21 102 106 119 150 176 183 199 212 234
25 55 155 170 171 237 267 306 352 393 476
1 5 6 12 40 124 126 268 296 376 451
3 43 88 123 152 170 267 363 376 399 465
42 64 78 86 202 249 272 288 342 372 391
17 110 164 195 292 313 319 381 394 445 495
67 72 126 212 217 218 294 338 344 395 470
33 34 60 83 89 204 242 291 433 456 485
56 63 84 140 171 202 205 242 266 450 479
0 56 195 233 258 291 375 384 397 409 463
6 23 28 88 130 192 256 294 344 395 412
10 151 159 202 219 228 269 337 408 415 461
21 66 128 178 275 317 378 412 437 439 481
51 99 135 145 166 286 298 356 366 457 475
48 54 175 203 243 362 363 368 390 457 493
7 17 70 109 110 160 209 247 336 413 443
48 60 68 95 110 194 267 351 421 435 488
9 54 56 73 100 126 201 221 346 373 394
75 84 125 138 186 198 266 348 384 415 418
29 75 76 225 238 239 253 290 378 430 439
16 71 86 122 168 184 186 192 325 341 457
27 86 151 179 186 201 252 254 398 425 438
82 114 118 122 175 187 314 317 358 385 406
83 94 101 114 175 255 280 289 324 394 450
11 62 113 119 120 286 305 320 434 436 466
24 43 70 94 118 193 194 327 335 364 499
60 97 149 223 247 256 281 309 388 406 432
36 73 124 248 286 327 421 427 443 479 484
74 127 271 285 321 345 367 442 464 472 489
137 147 149 163 269 276 359 401 403 445 468
11 30 33 37 47 131 200 219 233 275 299
95 104 111 122 142 199 202 317 350 352 358
27 62 148 161 219 250 287 387 408 418 490
6 65 137 166 224 240 284 319 345 389 479
110 142 164 233 257 281 305 307 403 462 479
7 56 57 111 182 188 214 294 304 308 443
108 132 202 249 282 304 332 417 435 487 489
41 60 72 92 182 188 191 340 342 366 423
17 87 98 186 275 289 301 304 328 372 389
119 137 149 189 217 243 337 339 346 390 419
63 71 110 125 146 196 258 308 322 332 333
45 57 60 104 170 180 371 420 433 465 489
70 85 90 167 248 358 365 372 441 449 496
73 160 221 312 359 370 373 406 426 478 491
8 42 64 154 167 179 212 238 281 304 402
100 128 155 189 199 205 229 289 334 345 381
51 80 82 163 183 194 201 213 239 382 432
44 45 155 157 183 192 283 316 380 451 493
8 32 36 60 86 100 263 323 365 388 474
76 79 151 171 277 299 376 387 462 469 480
133 141 202 237 259 260 333 348 363 414 471
6 80 162 172 209 214 258 366 427 445 497
58 98 115 151 152 153 220 285 290 339 459
3 39 56 65 71 120 195 198 244 393 498
18 80 100 122 151 233 261 325 433 453 459
25 63 64 74 209 328 369 444 469 473 484
27 59 161 175 177 340 383 398 430 451 496
67 93 119 145 386 403 420 464 468 473 485
4 52 72 115 131 247 249 312 330 353 367
127 158 179 196 250 317 363 364 368 385 416
3 50 52 93 111 123 128 146 218 289 376
49 65 67 101 187 223 231 239 241 480 495
97 104 123 126 223 240 266 300 311 432 462
123 160 213 219 247 281 287 308 310 344 354
50 85 103 117 159 181 188 200 336 417 474
25 41 52 113 169 198 282 300 417 433 440
29 105 134 141 156 192 199 234 296 326 496
103 155 265 293 359 370 429 459 466 483 489
23 27 53 57 191 259 274 330 445 465 497
0 20 63 140 142 181 185 249 268 326 363
79 112 115 135 139 163 211 271 279 305 312
16 28 61 71 112 212 214 216 239 285 344
107 155 208 256 290 341 350 355 393 452 489
68 88 141 167 209 236 237 247 279 333 441
89 93 178 199 221 224 227 271 295 312 450
9 18 121 223 236 261 323 398 407 425 446
13 75 100 152 194 204 255 315 360 367 467
2 27 29 42 109 136 177 189 210 293 471
127 150 151 283 396 416 421 452 461 477 498
100 149 222 260 282 366 417 442 451 453 454
57 73 82 132 135 139 153 211 251 334 402
27 236 252 310 321 362 397 406 426 452 464
53 58 76 110 206 239 318 342 372 461 475
8 10 120 302 317 376 416 438 462 492 497
54 63 136 308 329 349 355 361 394 423 461
14 24 49 122 126 223 274 329 358 379 453
48 69 96 157 199 214 225 249 269 315 451
66 115 120 180 200 235 252 370 473 479 490
33 73 83 97 115 257 277 301 398 404 421
37 53 61 125 166 348 417 472 481 490 493
10 59 101 191 230 295 302 329 408 416 436
73 98 105 140 149 272 323 387 408 429 476
33 144 187 205 247 293 328 378 463 473 487
48 54 87 128 253 271 297 369 425 450 490
8 105 152 212 216 277 364 386 389 405 475
53 134 161 163 175 268 324 332 409 432 468
27 37 189 239 256 268 273 373 396 397 434
15 154 187 196 207 229 334 364 457 464 474
34 73 119 122 206 212 270 286 304 320 490
62 63 64 273 321 330 351 364 462 474 494
25 118 257 272 314 319 334 338 376 450 472
60 69 76 86 137 141 196 364 427 453 499
3 121 125 139 226 247 256 271 276 405 458
36 59 63 91 104 164 315 344 399 416 497
12 43 48 60 170 189 285 316 371 484 489
1 13 25 57 187 241 269 396 441 460 469
67 90 98 122 140 142 156 321 369 478 496
14 32 60 65 129 200 306 387 434 477 493
40 100 106 109 147 169 188 201 263 473 496
65 70 87 145 226 248 260 264 280 309 405
32 85 109 115 390 446 451 463 466 480 483
59 71 75 86 97 160 227 249 290 336 440
142 164 249 275 287 289 338 423 466 495 496
78 139 140 190 191 232 302 322 333 454 465
67 212 226 227 246 285 290 292 422 450 465 489
11 46 148 177 220 277 280 294 323 422 453 483
6 44 71 91 164 196 217 342 347 394 421 448
51 81 136 238 256 326 337 372 377 380 396 446
19 40 73 229 253 255 286 289 305 325 385 392
54 98 146 156 176 203 265 309 313 336 356 396
12 65 84 123 130 200 207 223 227 368 429 472
30 201 294 362 385 410 412 424 425 437 457 484
13 35 70 117 135 169 232 269 335 355 378 491
57 179 240 280 281 289 351 359 389 410 447 470
2 50 75 95 165 179 237 300 303 376 401 450
21 51 57 59 131 164 179 216 253 327 392 411
0 1 56 68 84 104 106 235 250 294 307 496
72 86 95 137 169 179 185 237 249 316 325 443
84 257 266 268 272 329 349 351 360 373 406 483
14 168 248 264 322 387 416 436 445 477 487 498
13 59 124 162 303 308 347 376 380 441 460 486
6 35 55 89 135 192 213 216 243 255 364 469
24 29 75 216 308 348 351 403 421 434 465 485
11 28 167 178 203 222 241 245 316 410 425 487
30 31 104 127 141 145 146 172 232 320 417 464
25 34 38 154 227 311 384 391 403 425 483 488
22 43 51 129 168 172 188 192 219 225 273 276
0 143 252 279 333 338 353 403 416 421 445 448
72 80 98 99 111 214 252 260 348 389 429 431
5 17 40 54 71 78 234 277 334 350 379 442
16 130 142 154 179 230 240 266 308 354 426 498
40 60 66 134 141 194 199 266 325 372 392 424
66 139 151 154 175 210 230 232 278 328 413 429
29 86 272 302 309 377 379 385 403 413 482 493
1 24 66 134 162 197 261 308 338 344 446 477
32 58 97 113 124 174 231 258 313 368 408 498
52 61 77 120 167 245 246 256 292 301 309 367
6 29 99 101 148 158 221 257 313 330 361 483
6 7 9 15 35 36 144 160 332 346 360 461
3 10 44 51 111 252 262 266 277 434 442 472
48 92 94 116 168 192 274 363 436 468 473 477
37 47 74 102 168 192 263 287 350 411 455 483
31 41 159 244 254 278 358 362 377 394 412 481
3 19 107 185 245 272 281 289 395 404 484 492
2 11 26 164 211 256 317 338 414 466 485 493
111 170 171 214 221 226 273 376 413 436 445 447
70 77 104 184 295 361 377 393 426 442 452 453
75 99 143 155 191 209 227 288 306 386 403 453
67 71 84 90 178 237 313 344 348 412 434 453
72 111 220 274 304 359 363 369 424 433 462 463
11 99 226 249 250 269 293 310 317 381 396 414
38 63 122 156 182 247 308 311 447 461 478 480
22 27 83 194 233 287 314 340 373 409 463 497
86 149 173 179 201 276 315 335 358 408 464 478
21 37 86 105 156 182 184 257 275 364 414 434
156 158 175 176 223 254 293 328 365 381 385 495
9 48 89 95 130 275 282 311 324 327 446 491
9 26 46 126 159 186 249 315 326 342 388 428
20 28 31 54 186 197 254 288 317 372 451 466
97 154 157 158 174 228 278 312 378 381 386 494
40 93 170 195 237 270 325 407 439 440 457 471
53 85 95 154 163 260 313 414 425 478 486 494
132 158 160 206 208 242 255 275 318 332 391 470
20 61 109 194 244 297 355 391 412 463 482 484
38 87 201 274 284 287 303 338 397 424 464 499
10 30 67 117 122 207 254 305 316 383 457 492
72 87 134 141 143 237 288 319 345 379 429 451
8 103 176 198 212 235 239 249 250 302 436 455
15 217 225 257 317 332 374 396 431 439 462 495
91 96 104 127 199 270 272 296 310 412 467 498
1 20 83 169 204 288 290 294 296 392 440 499
147 193 253 258 279 282 346 365 395 402 439 465
6 18 24 74 94 116 125 215 218 228 230 370
82 129 151 157 320 342 355 366 405 444 462 475
19 105 167 170 221 223 327 337 405 423 429 492
45 114 172 262 275 283 356 361 380 384 425 451
8 15 24 77 157 160 185 196 367 419 434 447
92 96 200 219 242 250 256 307 328 407 486 493
74 103 114 118 128 152 155 172 230 307 335 387
20 159 184 277 292 336 377 422 440 456 464 498
121 180 208 224 252 259 284 298 319 367 377 445
129 130 161 190 245 287 382 389 396 424 457 466
6 38 45 59 106 210 229 232 242 362 383 451
90 120 133 134 183 184 190 245 254 348 451 478
30 82 102 130 155 214 233 268 299 373 420 487
6 35 96 172 204 224 343 362 385 397 469 483
28 101 117 138 150 255 256 300 324 338 480 498
21 31 90 195 258 275 296 323 385 447 458 466
5 28 79 125 136 149 178 336 425 434 477 485
32 143 172 202 216 307 324 357 391 401 446 452
25 29 96 178 245 278 372 404 434 446 476 480
33 93 102 106 117 147 231 276 300 305 369 470
1 42 65 121 194 202 216 227 271 289 326 341
58 116 168 170 276 284 285 388 409 415 438 491
4 77 160 167 198 201 207 236 248 307 314 340
31 172 219 249 259 266 317 330 415 431 470 476
29 47 95 125 148 240 242 247 287 321 380 395
45 50 67 85 87 104 131 300 309 361 407 414
95 137 148 257 275 333 343 387 414 420 432 480
35 47 56 125 173 176 200 238 260 286 322 396
14 88 99 213 235 246 283 425 442 446 471 484
28 59 71 81 98 149 166 182 262 352 481 488
2 61 65 170 179 296 301 350 378 405 460 462
82 84 146 148 192 224 248 347 360 366 377 458
43 151 178 207 214 216 220 228 377 420 451 467
4 132 141 184 219 221 318 352 371 401 437 495
14 59 60 108 114 136 152 159 226 423 457 490
61 82 83 107 122 165 191 205 294 296 347 410
6 29 32 138 209 263 358 406 414 465 482 497
9 47 108 131 145 183 187 208 233 243 305 427
2 4 20 33 43 97 133 172 283 357 438 445
72 77 93 132 147 185 205 244 384 402 472 495
83 102 180 232 277 284 316 336 356 358 412 474
15 107 163 227 265 296 305 325 337 375 454 495
42 56 64 95 167 171 246 290 307 370 373 440
10 47 122 143 171 187 233 238 329 375 395 452
42 76 85 102 156 349 360 376 377 419 424 488
25 76 107 167 209 213 267 327 328 373 410 492
15 29 46 193 239 299 423 428 436 439 480 483
4 41 42 150 162 226 244 252 253 264 381 398
12 117 129 146 174 195 231 249 305 341 350 353
5 19 167 182 195 248 251 274 292 398 417 423
4 25 31 68 129 154 344 357 368 407 411 430
78 116 193 216 228 255 267 291 326 386 435 453
10 28 46 47 65 70 110 207 277 410 438 472 489
33 83 140 174 176 210 271 293 303 366 371 434 468
89 149 173 221 227 228 272 278 338 419 430 478 487
23 61 75 195 242 253 263 289 295 349 355 382 426
5 53 105 140 223 273 293 334 339 418 426 447 470
0 2 71 80 118 169 182 198 210 350 356 376 467
13 18 100 117 215 264 321 327 370 380 427 450 492
21 90 146 190 257 262 323 374 394 400 408 428 484
21 80 93 98 125 178 249 253 302 305 363 375 399
70 168 192 218 257 266 348 405 441 447 450 460 467
9 34 35 50 105 192 216 230 250 334 396 431 454
14 156 178 207 225 247 267 293 341 396 439 456 478
23 30 61 78 90 128 153 155 167 264 266 307 320
1 17 74 91 120 169 326 330 386 396 445 484 498
2 66 72 162 269 273 340 346 389 393 394 395 499
70 83 171 263 288 356 372 380 382 411 418 456 477
7 95 106 127 187 236 315 349 401 460 463 467 497
4 32 50 67 71 128 153 194 209 228 331 383 456
64 109 114 117 118 203 242 393 419 446 453 469 491
47 76 112 166 248 267 285 291 338 352 357 422 481
73 201 221 254 279 317 319 320 332 392 405 467 486
3 21 65 90 147 151 152 201 226 327 346 348 409
21 117 136 139 164 176 227 247 268 294 309 344 409
135 166 209 230 233 266 339 355 372 386 401 491 492
12 47 110 135 148 224 261 309 338 397 456 475 497
8 13 22 44 45 48 77 142 174 311 323 324 390
27 55 57 74 118 203 206 208 243 246 251 375 447
18 29 46 229 236 303 312 316 321 363 390 451 457
6 51 80 125 181 219 246 306 401 403 410 441 482
17 42 55 66 205 235 272 327 333 410 444 484 486
2 11 30 87 94 113 115 209 264 290 355 378 466
52 66 91 169 178 182 312 327 332 355 389 401 445
6 77 174 272 280 302 305 345 356 357 404 415 436
8 69 70 73 129 187 235 236 269 281 299 356 376
30 48 58 80 93 191 223 224 345 346 444 451 472
20 89 115 154 160 168 198 256 343 383 430 453 463
12 24 35 53 183 275 286 306 347 416 418 446 485
21 40 101 115 155 188 196 210 215 233 237 414 487
13 25 64 66 153 164 172 233 324 342 352 373 472
6 57 114 129 130 225 256 266 302 429 474 477 494
122 171 181 198 208 238 306 313 375 420 429 449 464
81 84 126 127 248 250 294 402 408 422 429 430 472
42 90 131 156 171 178 191 201 275 318 408 415 424
120 183 187 258 267 302 322 325 341 380 469 479 487
28 98 222 236 292 293 300 306 360 390 392 396 439
61 63 78 109 161 201 244 316 413 421 426 427 442
16 50 80 119 139 161 204 206 219 262 376 393 444
31 51 120 132 140 182 195 208 260 272 287 311 373
25 85 211 263 282 331 370 371 428 430 435 454 482
14 22 46 53 122 236 258 280 359 366 384 489 497
19 79 93 177 193 229 278 313 314 327 425 426 448
52 75 115 207 297 342 349 360 380 400 425 429 455
22 35 57 60 104 115 125 157 198 338 352 403 419
14 62 126 133 180 208 211 216 234 238 420 449 459
13 124 168 193 207 220 238 324 345 361 397 434 460
48 87 132 202 276 279 304 319 327 389 426 494 497
5 195 210 215 290 297 338 359 444 467 489 496 499
8 17 45 65 139 168 212 237 265 325 388 396 430
2 107 213 225 250 284 299 349 353 403 422 443 490
2 16 42 110 126 161 173 182 238 255 272 284 489
0 8 42 52 88 92 156 364 369 439 441 478 497
7 140 171 187 190 270 409 423 435 466 467 477 499
24 27 80 83 109 214 257 266 281 313 349 371 406
10 12 27 202 226 254 258 327 339 362 395 404 477
7 32 60 108 149 155 168 173 214 234 346 347 426
51 63 120 137 231 241 246 324 333 389 423 453 478
35 37 99 131 169 217 228 271 324 344 345 346 355
117 161 173 191 220 233 254 268 290 302 337 411 467
52 112 150 159 161 232 330 348 356 394 437 458 472
2 6 22 36 124 195 209 221 248 279 309 388 489
46 57 63 136 143 146 169 220 324 369 406 423 441
4 8 30 32 218 244 317 321 343 390 405 438 479
9 85 193 219 220 221 231 233 259 315 347 411 496
7 73 129 178 184 195 244 248 260 307 331 403 456
42 80 175 196 223 245 298 361 380 402 435 437 467
87 171 200 207 222 242 282 289 306 329 362 388 452
50 107 137 176 239 288 317 319 375 396 446 449 475
56 128 247 250 259 262 274 356 388 413 416 430 479
10 25 55 63 125 139 141 153 250 293 345 387 444
62 64 84 156 232 243 313 317 358 375 458 466 477
59 129 133 203 208 212 266 286 307 336 339 423 474
32 74 95 98 276 285 316 317 348 351 422 423 495
4 71 115 156 186 197 205 215 261 395 407 440 472
30 36 46 80 107 156 317 329 332 363 364 454 455
10 11 66 106 112 153 202 264 268 345 350 391 455
51 65 126 141 144 166 231 275 278 292 357 414 418
121 135 204 235 241 292 355 399 432 438 446 478 497
51 67 91 137 239 395 400 434 461 466 477 486 488
27 61 63 74 97 171 172 323 357 389 392 448 458
25 69 111 115 232 277 286 315 320 429 470 475 480
7 8 24 34 214 253 339 344 347 350 369 387 470
14 51 80 91 99 116 118 184 248 323 433 477 490
5 57 101 150 168 265 279 313 339 344 431 455 467
57 90 95 99 166 178 212 295 312 314 321 374 416
68 99 124 159 180 264 274 331 414 450 451 453 460
8 92 119 193 254 261 298 304 346 390 411 419 423
0 28 49 84 120 167 176 253 263 275 282 298 395
6 72 78 117 155 237 238 290 398 417 444 453 478
1 51 60 91 213 236 246 304 337 361 411 475 490
5 58 221 253 269 289 292 396 400 422 431 469 492
31 96 111 134 167 234 308 312 354 390 427 438 480
18 42 117 118 204 236 250 262 302 303 318 418 449
132 145 155 162 187 200 245 247 254 376 381 445 464
19 77 120 132 160 216 267 282 295 301 332 410 468
0 8 62 77 115 184 232 274 310 369 425 486 496
4 11 14 21 78 157 175 176 188 284 347 395 402
6 97 161 197 253 260 333 350 418 425 443 444 447
33 116 125 131 282 283 308 332 362 396 426 479 492
23 26 38 101 117 157 162 204 213 251 290 331 461
90 141 152 178 180 203 224 231 268 306 310 334 393
49 53 60 291 327 333 339 362 367 374 428 454 498
126 129 149 152 207 326 348 373 380 396 421 452 456
62 140 243 247 271 284 296 306 361 393 442 446 464
40 41 54 87 182 279 349 352 403 422 444 447 495
22 23 147 183 197 200 307 322 328 360 363 389 410
3 7 16 57 103 104 110 116 274 294 339 340 464
51 80 86 231 232 251 263 300 311 314 319 371 415
70 106 197 205 226 243 245 255 257 272 312 360 368
7 18 62 162 237 240 247 304 326 393 465 469 471
14 28 44 145 164 186 189 197 271 326 402 472 477
12 26 47 57 115 200 206 231 272 304 325 418 436 446
50 140 163 181 194 213 244 281 390 417 432 473 486 487
5 51 57 62 81 95 115 132 271 353 433 444 450 456
13 23 45 153 169 177 210 242 257 332 351 352 389 434
63 101 147 157 186 190 213 304 339 369 372 387 395 404
31 62 82 108 122 170 181 196 276 415 446 447 451 466
101 109 124 163 174 267 304 350 356 439 446 464 481 482
45 74 98 186 228 265 315 323 355 370 413 433 476 494
16 45 58 123 174 175 229 304 306 324 361 368 389 399
35 40 45 82 84 122 254 272 285 356 443 462 474 498
21 40 66 75 84 97 114 161 203 240 262 319 322 389
28 55 62 90 162 176 236 336 357 429 433 438 469 488
54 66 71 135 152 168 181 183 193 309 347 350 414 493
58 128 134 139 172 184 199 219 277 341 365 387 390 445
10 17 44 63 76 77 105 124 128 206 207 415 490 498
3 42 74 121 126 143 164 205 218 239 258 380 447 484
26 44 110 136 200 206 207 217 263 283 312 352 360 480
36 88 115 170 189 240 279 345 347 371 382 397 431 447
59 109 130 152 157 167 180 193 229 236 274 450 455 466
3 7 31 64 97 214 218 250 297 422 455 463 473 484
1 2 23 30 62 71 216 232 262 263 291 310 382 393
19 34 98 132 162 233 241 253 297 312 317 398 404 430
28 102 116 119 145 207 211 242 248 275 283 303 315 316
39 46 165 175 195 221 237 252 275 286 352 379 403 460
26 43 124 172 179 190 201 220 247 267 328 352 395 449
62 185 186 188 211 229 248 318 320 356 359 476 484 486
59 209 246 271 277 284 299 303 310 324 363 383 407 489
20 127 129 185 236 244 267 348 367 388 441 460 465 479
11 56 159 171 183 207 233 246 355 398 405 408 441 451
51 111 172 279 289 310 337 340 343 368 379 396 464 472
127 136 164 210 233 263 265 279 311 348 371 379 415 497
14 94 97 114 131 132 194 208 264 293 327 338 478 491
14 16 41 76 90 96 217 245 263 274 336 378 386 484
23 53 67 101 117 119 199 262 274 298 304 368 371 423
6 87 113 116 151 175 181 238 250 266 288 408 483 488
38 57 73 106 146 189 213 274 281 312 350 352 439 451
30 61 112 132 149 174 230 240 259 260 298 354 363 439
0 24 43 53 117 135 209 210 218 222 291 370 384 388
7 100 105 151 235 258 284 297 333 362 389 437 489 495
9 80 120 143 219 222 279 355 378 403 417 418 466 488
102 188 195 227 316 330 334 369 370 410 429 449 462 497
13 51 99 115 126 132 198 256 340 344 366 370 437 482
11 50 142 183 220 221 261 284 302 310 317 417 442 483
2 25 56 127 169 198 215 250 300 337 407 441 471 478
1 4 5 140 146 156 157 218 265 306 329 349 388 477
24 94 104 187 242 272 307 312 339 348 364 438 483 495
61 70 79 119 268 298 384 393 401 414 430 443 457 478
46 58 96 117 120 189 262 337 367 379 393 407 414 436
2 30 50 68 90 105 176 209 325 338 391 415 422 479
29 59 100 154 176 183 213 277 292 322 327 333 392 393
4 29 56 172 207 253 285 290 312 363 371 392 418 438
11 25 36 48 102 156 205 207 218 249 292 353 383 482
28 36 40 59 162 250 267 278 311 356 409 464 471 485
14 118 170 173 174 184 237 261 309 341 363 430 431 444
6 11 70 101 104 121 142 151 205 337 344 354 377 389
80 87 88 133 211 249 307 316 322 327 373 377 392 413
6 46 79 94 107 226 237 259 307 356 359 360 460 470
83 120 131 156 161 169 263 299 311 334 402 403 404 407
1 28 71 85 93 115 155 317 346 377 405 418 430 463
32 46 76 77 181 191 215 300 346 387 408 413 432 436
16 22 56 83 126 231 289 295 343 400 406 449 480 495
8 64 78 118 213 228 250 276 286 316 344 459 463 481
1 122 131 178 202 206 214 240 241 252 308 351 360 454
3 28 34 65 78 101 191 193 194 240 367 396 421 491
50 75 80 178 198 207 219 256 337 366 388 398 462 466
86 100 173 184 217 218 239 246 256 257 312 336 344 389
30 45 94 103 110 116 123 129 179 186 287 299 386 388
18 37 71 100 104 156 166 327 333 335 412 420 471 482
16 19 52 64 131 138 142 188 196 216 302 316 334 495
10 22 41 165 168 189 233 273 372 387 395 411 461 474
32 98 115 116 125 154 212 215 251 254 301 312 404 450
62 75 95 136 146 171 178 221 259 292 365 381 406 442
50 113 114 123 124 169 211 221 293 328 422 430 460 496
36 115 135 161 188 223 245 278 329 334 388 407 410 488
24 57 141 164 194 213 222 247 273 289 311 329 362 430
37 50 60 128 136 162 176 264 273 330 333 403 458 471
5 65 74 97 106 147 150 189 206 209 390 412 429 475
15 40 80 114 194 209 225 238 248 284 286 349 371 441
32 71 140 152 228 253 265 268 387 400 413 420 453 454
9 41 101 151 180 203 208 247 260 283 299 324 344 458
21 60 79 133 190 200 224 279 290 355 358 367 377 467
17 37 44 109 113 192 214 292 325 357 370 392 423 461
0 40 77 84 123 135 167 224 227 263 308 364 468 490
35 58 73 93 99 111 203 224 225 306 353 355 444 475
32 63 103 130 242 273 280 348 357 380 382 386 445 454
65 85 108 131 133 150 196 214 220 262 284 326 450 473
75 116 125 149 163 189 232 245 266 270 290 313 337 483
46 53 55 76 113 114 219 243 251 308 355 382 394 407
20 40 78 83 86 106 110 196 220 331 342 351 361 438
22 56 74 120 122 157 170 195 233 243 299 309 321 391
3 40 42 65 153 171 192 202 210 249 274 281 383 473
22 77 88 94 99 121 160 171 199 270 308 397 458 463
0 43 72 121 151 156 164 284 308 359 378 402 422 452
25 29 69 145 146 197 212 219 246 318 330 340 413 477
7 70 78 182 191 207 217 220 254 256 266 422 427 444
109 130 154 224 268 342 360 376 380 382 384 419 453 489
83 98 133 148 201 204 245 258 285 293 389 396 418 459
4 24 56 74 110 112 139 169 190 209 261 370 412 467
1 21 25 83 122 205 287 333 351 370 375 386 458 472
21 24 151 154 174 232 252 260 264 317 365 425 442 462
4 18 47 105 149 224 260 264 265 311 367 392 410 468 488
80 94 142 207 208 235 288 347 386 429 434 446 461 464 480
7 45 65 166 250 254 280 307 402 411 443 450 462 482 485
41 89 103 116 146 166 169 178 213 219 254 262 313 431 474
17 27 40 80 87 136 154 166 254 276 307 383 396 408 483
71 77 127 145 146 177 189 271 297 299 321 347 375 422 431
14 18 36 50 53 267 311 375 383 387 408 412 425 487 497
28 31 66 77 111 122 138 252 271 285 310 356 359 384 398
46 72 80 169 265 303 358 374 401 447 454 456 488 495 497
28 32 54 74 75 86 97 146 150 157 188 190 294 465 488
36 46 83 126 163 188 255 299 335 343 358 361 431 456 495
2 54 67 85 95 115 147 169 198 235 348 355 468 488 497
52 93 135 229 241 280 315 381 392 400 417 433 438 456 487
21 53 63 80 98 122 247 286 314 321 328 395 428 472 492
9 10 12 194 244 253 264 286 289 306 313 315 361 370 392
40 41 45 57 128 185 223 232 257 258 283 302 350 426 455
35 37 60 72 115 142 153 154 197 228 229 377 415 479 482
39 50 116 118 148 180 238 241 251 262 318 320 334 342 429
6 48 57 60 121 156 282 300 323 373 391 402 406 430 483
40 91 146 160 185 221 226 244 282 299 333 374 375 402 499
21 29 76 96 113 126 139 156 202 235 245 300 308 393 427
6 35 45 80 187 221 227 257 320 350 352 399 438 456 467
0 86 98 103 114 177 183 203 269 337 412 425 447 464 477
69 153 173 184 266 291 299 356 377 384 392 418 419 497 498
0 18 77 165 212 220 242 286 313 364 370 376 399 432 461
20 44 146 167 189 192 293 331 337 345 363 402 414 470 475
24 33 113 130 255 274 336 341 382 421 428 439 446 476 488
6 49 98 104 135 146 164 213 249 296 321 400 406 429 477
33 85 110 160 178 225 237 263 265 284 333 347 385 416 441
15 19 112 145 181 371 373 421 422 439 450 451 458 462 495
27 117 122 129 147 168 170 270 297 353 381 414 432 453 486
68 73 93 210 212 220 227 265 298 315 344 376 395 489 497
71 81 116 131 152 163 254 281 319 359 382 439 460 465 478
74 75 79 111 222 255 256 263 284 319 359 386 412 453 468
10 56 91 93 106 132 194 272 276 379 393 413 416 442 489
12 40 73 78 163 181 182 215 224 388 401 444 445 466 483
31 36 55 105 112 137 152 158 165 213 232 315 325 356 369
30 38 62 138 155 172 219 230 234 243 266 268 400 405 431
28 42 46 57 92 132 148 166 207 298 310 329 473 489 491
25 76 84 123 136 153 196 242 365 370 412 430 448 479 491
11 42 45 56 65 118 179 247 314 318 366 368 369 403 409
27 226 303 310 337 349 373 374 377 378 383 392 393 445 471
85 109 141 250 260 282 311 324 356 388 393 417 459 460 486
47 53 62 91 110 193 284 292 308 316 353 362 397 414 454
12 43 84 103 122 219 324 339 348 356 403 429 437 476 498
35 65 67 85 131 213 271 286 309 312 385 402 420 431 458
42 50 97 142 205 224 227 259 348 383 397 407 452 453 479
67 78 111 112 115 147 175 182 204 242 278 318 364 429 433
14 35 111 197 229 237 244 246 285 356 380 387 400 479 481
19 125 188 215 217 226 248 300 339 355 397 414 486 496 497
37 61 81 106 140 154 237 239 284 306 309 312 358 378 456
37 49 70 158 190 192 240 263 276 333 360 407 434 435 437
28 37 60 95 108 186 198 224 257 263 329 369 382 443 492
17 42 88 159 196 214 282 303 323 331 342 428 435 439 471
18 28 43 68 108 123 136 167 176 222 228 260 350 389 444
23 129 142 170 209 218 253 298 334 406 408 429 462 469 489
1 29 47 73 130 218 226 291 311 352 406 427 459 465 498
3 5 43 49 115 118 120 131 151 212 231 300 328 428 442
15 110 127 137 153 160 168 188 227 261 314 332 359 404 417
6 39 100 179 194 239 248 276 300 317 344 445 471 487 499
7 49 56 85 103 151 168 184 230 297 317 325 397 403 463
11 47 64 73 106 109 135 146 163 223 232 261 344 350 436
2 8 41 113 120 179 203 251 347 377 391 405 426 431 460
3 20 23 30 41 47 120 200 213 236 262 339 383 396 421
1 60 62 125 145 181 190 210 226 309 351 397 437 456 484
12 22 68 84 92 113 160 164 246 257 286 299 341 349 350
38 98 102 134 154 188 246 295 306 332 341 364 431 439 453
11 82 118 123 138 156 204 304 336 344 350 380 392 405 499
8 114 122 168 195 215 252 260 296 313 386 402 466 477 489
63 180 237 247 270 273 277 306 313 398 400 433 451 467 473
21 34 57 135 230 234 321 354 426 430 450 469 474 476 483
51 68 93 100 120 139 214 234 299 308 412 439 454 465 485
10 23 44 53 74 88 114 134 198 228 232 290 297 330 374
5 100 105 129 166 199 352 367 384 404 407 418 438 461 470
81 94 110 121 146 162 260 277 299 304 327 418 465 466 480
34 188 220 245 254 338 348 375 394 407 425 459 465 472 491
102 117 125 139 200 210 247 272 296 371 373 420 421 443 493
15 79 97 117 150 169 182 211 218 222 223 262 306 416 417
0 52 72 78 105 113 115 219 262 266 292 315 326 344 425
0 3 36 44 45 67 84 110 129 156 201 204 377 379 452
4 42 152 161 169 240 282 284 318 355 391 415 419 422 442
67 123 143 170 222 244 278 292 308 318 353 364 384 470 491
77 87 102 114 158 185 186 188 244 245 347 353 411 442 454
51 57 74 80 162 186 192 222 236 242 247 257 351 426 445
61 80 81 128 131 189 191 232 260 263 323 365 373 391 490
11 176 227 228 229 281 285 307 319 345 364 376 471 477 492
13 14 92 107 119 120 137 139 153 162 164 173 282 332 457
5 18 30 110 115 181 207 220 233 263 295 314 447 472 488
19 38 69 137 179 206 238 280 287 323 336 441 452 455 487
13 102 108 126 157 199 272 282 299 315 323 410 420 487 490
41 56 58 86 134 149 165 199 251 310 349 380 423 452 468
20 23 50 61 66 70 87 188 192 193 274 287 306 382 480
57 79 120 180 206 213 227 336 348 363 394 432 435 470 482
51 76 93 146 149 224 225 254 255 274 393 397 462 479 489
38 112 121 126 151 174 192 193 205 219 270 359 463 477 494
2 70 72 86 105 141 181 293 381 390 404 442 461 467 490
33 161 168 223 224 237 255 263 298 320 361 371 385 390 467
13 25 56 67 73 114 120 238 278 279 298 358 426 428 431
58 76 90 154 158 222 243 264 284 299 318 379 425 454 498
115 147 168 176 182 201 230 262 301 355 380 401 446 473 486
5 44 64 69 90 108 158 224 265 322 337 348 368 387 479 490
64 105 108 143 223 240 259 282 304 313 343 368 391 397 419 434
67 77 119 177 196 201 281 297 300 336 340 343 364 395 448 466
124 127 138 156 170 199 238 249 256 293 316 372 386 397 400 427
15 35 54 152 172 308 309 320 332 338 367 390 401 444 449 484
51 75 121 140 155 167 254 301 311 326 343 350 372 410 469 482
4 39 115 156 212 220 237 243 284 291 301 397 417 428 457 467
12 14 36 53 77 92 160 184 192 233 362 378 413 429 468 492
1 47 71 185 194 233 270 290 293 328 334 394 410 432 443 453
4 14 72 102 186 212 242 262 298 314 316 334 341 346 396 428
12 21 58 163 235 245 281 289 294 340 344 365 370 391 463 494
33 64 89 135 139 142 179 298 313 328 337 350 358 395 417 439
60 65 90 103 145 232 271 316 320 345 350 371 406 423 431 498
34 63 82 89 107 135 159 206 214 237 266 293 447 448 461 476
18 78 88 163 185 218 221 259 278 310 340 342 372 424 483 487
53 80 198 238 266 281 283 299 306 335 352 353 365 393 441 480
16 41 58 75 82 110 146 152 164 191 273 276 311 327 471 479
40 68 81 142 160 233 241 253 260 268 300 308 333 341 365 496
59 71 79 100 102 125 144 154 222 229 243 316 374 385 425 497
10 126 174 186 218 235 242 254 305 314 365 442 460 472 493 496
4 9 23 62 119 160 168 176 213 238 252 257 365 409 443 492
2 10 33 76 110 187 242 331 351 356 378 400 403 413 440 451
37 96 136 168 212 250 267 275 283 284 302 342 371 420 481 485
10 14 25 70 85 110 130 150 163 201 207 257 328 387 427 447
38 39 80 87 155 159 200 229 240 296 404 414 424 435 461 473
4 63 67 80 86 90 148 164 172 183 210 300 312 329 414 447
34 64 68 81 107 197 204 234 262 273 310 336 357 377 407 479
38 86 103 129 216 219 290 292 324 329 370 453 454 455 464 495
10 39 117 191 195 227 256 262 286 304 306 386 400 407 458 465
53 56 132 161 181 212 218 225 230 233 296 316 339 380 408 417
9 81 159 183 208 216 306 324 354 363 389 435 436 442 452 473
11 63 81 228 236 280 284 292 324 335 345 357 366 423 454 487
2 15 41 51 68 101 135 175 180 204 207 212 299 366 449 469
48 67 101 136 182 185 256 266 289 292 328 341 344 351 409 484
14 22 24 33 44 67 75 99 103 164 187 203 207 222 319 320
27 44 119 139 144 170 176 183 186 188 288 320 328 437 445 483
13 31 58 98 231 247 266 300 307 342 372 394 402 415 454 496
9 70 171 210 217 230 233 250 295 318 329 364 421 431 460 470
13 67 105 116 119 152 189 199 238 242 276 277 310 343 405 423
17 40 57 103 133 209 235 271 311 312 374 397 401 416 449 488
52 71 138 157 170 183 296 300 307 311 351 353 377 418 447 456
28 63 85 146 161 178 199 226 382 391 406 416 420 431 469 485
3 62 112 151 202 227 309 313 345 364 408 415 446 453 481 486
101 151 227 234 279 290 307 328 354 358 367 377 398 405 415 484
26 76 100 103 109 110 111 188 213 256 303 323 401 444 455 467
2 13 30 61 97 100 129 162 210 334 370 371 379 418 451 481
8 42 94 95 132 177 212 214 232 257 300 317 385 444 473 483
48 80 100 105 138 151 222 268 277 285 313 385 420 454 462 474
3 47 51 84 130 192 203 222 251 272 309 312 366 439 461 480
10 23 38 58 158 162 184 202 208 209 233 358 397 405 434 498
3 4 14 15 24 36 72 119 133 137 195 218 392 411 459 489
2 71 93 115 136 162 208 229 231 234 241 271 361 375 475 476
1 18 42 97 120 180 265 299 318 336 347 377 408 431 445 487
50 61 72 81 137 150 210 245 246 355 358 399 400 436 467 482
6 32 69 89 194 204 262 278 316 345 362 379 384 409 415 477
6 23 28 130 158 161 230 250 254 276 390 391 395 412 457 476
25 54 67 101 112 190 223 233 270 284 306 325 382 418 436 474
30 100 149 161 180 183 251 272 282 345 347 359 428 444 487 498
51 77 88 103 120 169 215 250 279 293 312 330 458 463 476 494
14 26 90 104 117 130 162 164 171 224 331 355 388 400 418 476
3 95 110 121 140 153 211 263 283 350 386 389 429 472 477 493
0 16 103 249 250 285 324 331 377 394 405 408 442 469 480 487
24 74 144 177 180 181 187 207 242 269 271 322 340 346 389 483
0 43 58 61 115 214 261 270 289 390 399 404 439 450 470 485
8 33 86 89 169 173 176 231 294 299 306 370 391 392 440 443
22 102 115 154 156 175 185 200 259 292 334 394 397 433 468 481
6 20 40 52 62 91 94 133 144 199 247 293 305 335 337 423
0 12 20 101 169 215 225 232 244 301 313 317 387 408 413 475
4 9 91 94 191 264 277 290 300 355 378 383 401 404 408 435
14 59 110 122 149 176 193 221 227 249 262 272 322 323 396 466
12 29 47 74 158 227 277 359 367 402 404 433 447 448 473 479
31 95 108 119 141 149 200 251 280 287 330 339 346 457 465 490
43 44 98 113 135 140 192 261 332 351 358 361 395 425 450 496
32 43 46 119 154 179 204 209 267 272 275 351 367 412 448 471
41 46 56 98 148 188 198 214 233 306 318 339 382 397 402 479
26 27 64 89 110 112 119 135 190 214 276 326 329 423 445 451
17 23 64 68 91 137 166 200 209 263 323 328 371 381 415 455
8 91 126 127 131 181 203 214 245 254 327 355 361 373 389 392
30 43 49 54 122 208 243 250 282 293 303 389 408 416 433 492
117 181 218 301 304 346 376 377 416 425 426 460 466 479 490 497
53 123 166 169 191 202 225 264 269 308 311 316 342 428 438 474
3 19 36 58 59 67 79 87 127 170 257 299 301 354 414 437
4 13 70 111 117 131 138 144 178 249 251 286 312 318 372 474
20 25 34 37 51 115 128 179 196 200 304 327 365 366 436 454
7 47 66 67 106 109 125 133 191 196 202 284 300 305 396 464
3 10 42 56 92 132 136 178 229 264 266 276 370 464 480 485
79 127 132 165 263 272 297 300 302 341 363 376 393 403 404 467
27 61 124 177 222 236 245 254 261 303 330 366 375 404 423 471
13 74 80 85 106 153 165 180 246 249 299 320 336 475 480 483
8 104 116 121 150 159 207 247 268 276 291 346 393 428 489 492
1 33 178 235 251 269 272 294 307 354 360 398 412 419 484 485
46 86 104 108 151 221 230 249 261 277 290 324 367 455 461 469
6 45 91 101 133 219 228 332 362 380 387 411 421 422 438 487
10 12 40 61 76 200 205 220 230 236 367 431 433 438 450 484
30 42 67 94 103 147 192 201 226 293 302 312 319 382 427 494
29 83 104 164 247 258 296 297 302 307 355 391 396 399 408 452
16 49 101 118 163 259 289 295 315 320 345 353 374 380 415 421
106 121 146 171 270 309 353 366 369 380 382 424 428 474 494 498
2 18 22 118 129 179 183 234 306 314 339 343 382 405 432 442
9 47 75 82 124 133 143 166 228 231 277 350 393 410 463 495
16 17 43 53 87 213 231 248 294 317 369 389 445 452 461 490 499
67 91 94 102 118 146 152 176 222 256 312 327 368 404 436 452 462
12 73 80 81 122 138 163 299 304 314 325 326 375 377 472 477 494
33 53 58 88 103 152 191 261 294 308 313 319 339 352 373 379 495
19 34 35 74 122 127 167 219 227 233 339 344 402 411 415 432 459
83 125 180 215 263 268 270 275 289 295 320 324 344 365 369 452 459
7 15 20 53 193 198 243 247 276 336 341 349 367 368 403 447 458
3 9 19 29 62 64 65 123 153 216 239 347 372 411 415 428 465
56 71 105 123 127 128 224 244 262 309 317 319 331 430 463 468 472
29 79 109 149 155 156 202 208 254 263 307 345 388 408 409 433 442
20 34 46 77 105 116 117 120 174 245 257 271 321 328 409 462 495
35 72 93 176 188 216 273 288 292 308 317 322 363 364 365 417 436
31 32 35 55 61 104 156 166 218 219 221 245 305 366 382 429 451
54 95 111 151 169 189 198 206 280 295 309 355 358 431 450 479 494
14 41 49 58 139 141 166 201 259 274 347 351 365 366 371 406 438
74 87 97 137 153 178 220 227 256 258 269 304 374 433 454 486 494
26 41 46 108 239 306 314 334 338 370 373 382 405 406 427 437 478
1 13 19 48 82 101 106 120 219 242 297 340 392 438 461 463 481
15 21 76 97 134 143 189 193 280 303 312 317 338 369 432 447 481
68 75 102 202 228 249 286 293 301 316 368 388 400 417 422 425 475
78 95 114 180 190 195 199 203 213 217 262 272 351 354 456 480 491
17 39 56 119 129 152 165 185 187 199 221 231 260 264 302 416 432
18 19 41 56 69 76 80 107 116 248 252 305 313 328 442 472 473
39 74 90 93 123 160 169 239 261 287 308 312 353 365 372 424 466
83 106 147 182 286 305 314 330 336 360 368 374 382 419 440 453 481
19 42 58 72 176 187 191 233 260 264 285 315 319 366 417 447 492
27 56 58 111 118 123 163 171 188 319 329 368 396 412 428 445 470
82 145 162 228 241 245 255 272 275 301 366 373 408 437 461 473 491
4 42 56 59 120 137 176 179 247 272 283 305 328 423 439 452 481
1 5 45 70 105 113 136 207 219 244 309 348 365 416 436 438 462
37 84 88 179 181 191 267 280 281 308 370 401 416 424 426 443 474
7 24 58 120 177 184 190 192 195 210 319 380 387 410 414 420 497
71 80 93 102 148 191 206 303 307 325 352 356 370 384 404 441 476
3 39 81 117 147 165 171 209 215 245 281 293 305 326 348 362 403
35 60 69 74 130 134 176 178 221 231 309 318 377 397 417 445 483
43 62 145 190 193 194 242 326 334 348 358 366 384 394 429 454 494
48 51 68 103 154 173 255 257 271 277 341 345 362 385 425 459 473
7 15 29 103 171 174 227 242 299 309 324 329 330 344 446 463 477
0 44 61 63 120 122 178 184 264 328 365 401 421 443 458 464 498
5 10 36 85 101 109 135 182 190 192 215 327 329 334 347 393 474
12 24 28 38 68 73 247 285 317 321 334 345 352 385 440 452 458
19 28 94 96 113 115 179 264 302 335 347 364 393 405 437 443 454
14 27 28 40 41 45 56 59 133 173 205 244 281 369 459 483 484
6 17 82 105 136 146 154 181 214 240 275 313 316 319 325 445 448
28 70 83 105 163 167 229 317 366 379 405 412 418 457 461 465 497
23 29 39 71 98 243 277 298 300 311 320 335 383 392 419 466 484
16 50 125 148 154 156 185 230 240 294 300 340 376 413 436 439 473
12 16 22 35 52 53 69 114 143 212 270 271 306 338 392 440 490
17 36 143 178 182 228 232 235 297 347 361 385 395 429 431 469 495
21 25 53 87 98 133 137 212 231 241 267 302 371 401 447 468 475
11 47 144 151 220 244 262 331 338 353 396 405 419 449 451 471 486
23 42 46 117 186 210 220 241 248 257 261 274 279 283 347 388 448
38 58 59 65 66 73 77 189 196 306 362 369 395 436 451 455 464
68 155 177 216 236 243 247 272 281 307 444 447 464 469 479 480 493
35 41 46 156 176 191 202 344 346 366 370 394 397 419 463 476 498
29 34 65 87 139 150 168 174 182 200 242 298 380 381 412 413 434
22 27 71 99 109 149 227 237 252 312 349 391 396 400 436 468 489
69 101 122 131 137 139 189 250 258 310 345 360 398 430 460 479 489
29 51 58 79 111 125 165 195 213 228 277 304 310 390 433 452 473
33 50 56 62 137 162 271 279 297 299 307 363 370 379 394 429 477
6 33 34 51 73 308 355 358 383 402 429 445 451 453 475 486 492
20 43 65 74 93 183 189 192 204 250 258 272 358 387 392 451 488
12 20 25 27 34 166 202 213 224 265 285 306 334 371 441 471 490
18 41 54 55 79 85 103 105 164 182 271 298 327 385 431 458 482
8 12 16 82 94 103 117 151 196 204 270 295 309 361 379 404 491
1 26 46 70 97 133 168 179 212 263 341 363 384 462 464 481 484
41 48 56 58 125 157 188 248 324 328 352 415 432 448 464 472 491
10 38 52 56 86 103 127 134 176 192 233 280 303 338 356 359 425
19 51 55 85 87 93 122 137 165 235 258 260 272 381 428 439 489
13 14 15 16 46 153 167 185 218 346 453 454 460 463 487 494 499
19 56 64 69 73 108 133 211 251 257 301 303 313 362 408 453 466
4 27 63 73 76 129 160 172 190 208 238 247 308 335 350 435 470
41 64 71 88 96 103 123 205 223 259 265 291 328 409 429 436 472
38 41 52 88 95 119 140 164 207 220 267 319 341 343 408 426 465
34 37 41 48 67 153 192 217 230 269 302 314 332 341 360 411 446
8 61 63 84 102 129 133 210 242 266 268 299 306 307 340 420 488
66 104 106 114 188 219 242 247 287 338 374 387 419 444 458 492 495
6 11 24 99 130 198 214 248 250 282 366 367 373 392 450 460 479
3 65 79 106 142 151 194 260 279 307 352 369 373 392 486 491 498
3 36 48 51 109 150 183 191 196 246 250 323 341 399 413 453 495
22 23 48 101 104 146 159 217 243 244 288 308 316 389 402 408 492
11 28 39 95 99 125 148 151 209 217 269 271 305 306 322 412 433
77 96 139 146 192 202 215 226 255 275 290 298 321 412 429 434 435
20 70 97 98 99 100 118 124 153 172 175 187 323 400 412 419 450
13 32 97 114 165 214 258 271 290 301 325 351 391 397 411 438 475
9 25 70 133 186 218 271 289 292 312 318 335 397 401 470 485 494
2 42 50 67 91 103 110 123 135 155 253 300 337 357 361 368 396
33 114 135 156 159 167 174 229 264 316 374 380 396 421 427 460 467
7 42 143 165 176 258 281 290 332 353 367 435 449 462 486 488 496
14 40 63 66 78 118 136 138 220 231 335 349 380 381 398 455 456
41 52 74 106 107 128 138 141 178 195 196 242 249 356 435 445 467
20 22 67 97 102 121 154 195 201 304 321 346 353 392 393 416 446
30 35 36 58 59 163 187 257 280 333 340 352 380 395 452 470 499
4 34 61 62 146 181 185 194 203 236 256 309 314 335 405 422 430
16 61 117 126 135 179 190 191 221 295 333 418 445 456 463 464 481
13 31 62 89 99 124 174 202 218 253 263 274 289 297 411 477 492
2 5 44 126 129 133 171 234 257 273 295 297 333 338 396 448 482
4 15 129 139 167 177 225 290 295 321 328 385 395 396 409 423 461
2 102 104 137 151 157 241 244 284 318 319 338 391 408 434 454 464
10 23 62 84 137 143 183 190 204 251 268 332 345 353 374 378 483
75 96 133 153 155 157 166 169 212 225 254 298 360 390 400 409 411 425
46 67 86 117 118 144 181 266 270 289 297 327 339 372 415 434 435 461
13 19 25 28 29 38 45 163 170 231 232 269 274 289 335 338 358 370
49 80 127 150 164 165 179 180 195 232 243 271 273 297 316 318 418 425
22 51 72 95 96 104 114 115 142 190 204 224 247 305 325 391 433 482
7 13 47 51 66 74 94 102 126 149 168 180 188 227 290 350 360 431
17 62 66 108 118 129 149 155 159 167 242 258 397 420 425 436 446 491
77 86 157 159 172 210 213 260 303 305 320 336 370 387 456 470 476 494
61 84 153 168 172 198 199 210 241 278 288 325 341 370 396 402 451 480
28 77 94 98 101 165 228 244 251 324 333 346 348 375 376 404 437 463
35 50 89 158 160 169 256 276 279 287 299 343 350 370 381 411 412 420
8 15 19 135 180 272 278 283 290 351 375 388 391 451 460 467 471 492
5 31 38 72 82 86 88 100 118 268 328 399 424 447 453 465 480 483
55 65 134 173 181 203 270 277 284 292 314 365 398 435 450 488 490 494
17 72 91 95 127 157 210 237 260 305 340 352 364 378 445 478 479 497
1 33 42 43 79 147 199 204 214 243 247 309 334 381 388 415 467 495
1 9 21 38 45 71 73 107 173 180 189 192 265 283 319 322 395 490
10 17 52 61 67 72 78 94 111 140 172 238 283 289 320 333 371 487
38 135 163 212 232 240 276 312 324 333 360 372 374 396 402 419 451 482
43 73 80 157 158 180 182 232 261 340 344 356 358 359 372 374 460 465
38 54 69 86 93 116 137 200 203 209 220 239 272 299 336 352 392 433
71 74 84 89 119 137 176 199 288 338 368 369 395 410 413 444 479 499
9 24 53 78 119 135 175 182 236 264 284 307 342 441 449 453 458 475
8 19 32 41 101 114 115 132 183 185 275 314 346 371 390 398 416 475
12 21 25 30 35 67 128 130 152 204 217 250 259 262 356 385 437 481
27 42 117 163 173 185 203 270 348 384 394 405 420 466 467 474 488 496
4 34 48 59 94 122 139 197 251 273 314 316 340 397 408 469 470 491
10 25 49 57 90 93 100 253 273 354 380 387 424 431 455 479 490 493
32 45 50 66 72 78 93 107 132 147 160 235 306 339 402 405 456 488
16 50 66 109 148 159 201 207 238 245 261 267 322 331 356 397 455 464
22 59 72 81 145 161 184 216 262 283 305 327 342 446 454 470 483 488
5 44 86 130 137 162 205 206 241 246 257 333 387 420 435 477 486 496
14 26 40 95 116 128 220 242 276 279 308 349 370 385 413 424 460 481
21 41 73 86 87 115 155 158 161 171 200 254 316 358 367 411 453 479
60 85 98 106 124 203 204 216 345 347 359 371 377 404 416 469 495 499
15 17 55 121 136 200 204 205 211 234 235 294 309 354 401 414 443 482
114 122 134 136 149 154 167 183 198 212 224 274 313 323 337 340 409 481
20 45 62 140 158 172 198 203 214 257 265 308 317 371 373 390 410 433
24 60 144 149 156 214 299 303 306 323 330 345 350 406 436 440 451 482
31 32 52 64 81 117 130 155 166 195 230 260 295 348 396 404 432 476
42 46 47 52 54 60 72 86 138 178 192 195 249 287 299 331 345 380
22 26 75 114 161 171 218 232 240 248 323 330 355 390 426 428 440 466
32 33 48 77 101 151 217 252 263 281 294 310 321 326 343 428 470 493
0 30 55 67 96 118 120 123 127 143 170 175 203 267 301 377 441 487
12 32 65 72 77 95 125 178 192 257 270 371 384 421 475 476 480 488
17 52 99 122 153 188 233 239 258 267 296 319 343 352 382 430 453 481
36 45 69 94 147 150 215 240 261 273 279 294 338 359 387 409 453 472
28 83 129 157 166 250 281 299 306 331 338 345 346 386 387 396 495 499
16 36 59 118 127 136 170 216 221 234 260 278 309 337 378 413 424 426
11 35 59 77 158 160 197 244 270 286 292 336 363 430 447 477 478 479
4 22 47 56 91 96 141 192 206 286 356 388 416 430 443 485 494 499
79 88 96 108 110 124 186 213 239 264 305 325 327 339 350 388 392 488
36 52 74 76 92 208 268 284 320 321 322 353 366 377 387 431 452 464
26 64 67 103 158 167 173 202 213 227 255 267 330 363 367 399 417 477
1 23 67 120 134 136 140 150 159 162 192 285 324 328 363 364 404 473
45 61 72 126 141 146 183 221 330 345 375 377 422 435 439 459 480 495
4 15 23 60 92 199 216 235 237 242 269 327 349 367 371 372 428 496
38 51 62 65 142 160 187 218 250 266 273 296 299 305 362 386 402 435
8 18 52 83 156 170 171 176 184 215 219 247 280 292 321 341 411 489
31 36 54 68 75 110 114 149 245 306 324 327 340 350 357 358 378 402
15 40 52 85 114 139 171 184 223 263 276 292 295 388 411 435 453 472
59 85 120 132 178 219 225 237 245 253 283 307 312 320 357 476 485 490
20 60 74 130 162 202 244 245 265 310 320 378 385 388 433 438 441 454
7 16 27 41 51 52 87 105 165 170 194 214 260 289 300 318 438 486
35 55 65 86 100 130 157 160 170 199 254 266 302 316 374 386 409 414
7 60 89 142 144 157 166 200 246 254 270 272 288 298 311 393 482 492
54 143 185 286 289 296 302 319 330 340 400 411 422 428 434 470 482 497
2 12 14 118 136 160 213 235 291 294 326 334 353 360 362 381 430 498
18 21 33 36 49 63 72 92 124 194 196 239 290 306 307 427 429 467
24 27 53 65 99 107 124 145 179 185 202 216 310 332 384 417 460 465
36 82 85 97 123 126 129 137 179 246 249 274 290 321 324 345 405 494
100 110 135 162 189 195 207 223 238 243 253 254 273 295 353 359 486 493
1 13 21 33 47 52 70 161 208 274 289 313 329 350 390 395 404 446
14 57 72 115 120 122 165 202 250 279 282 294 346 369 382 396 476 489
28 32 41 82 97 102 107 155 176 203 210 231 327 334 397 410 435 449
6 50 83 165 247 252 316 323 324 335 345 356 405 418 423 463 466 471
3 75 114 142 148 159 282 307 309 368 375 413 423 424 453 474 476 480
45 58 74 95 116 152 170 172 179 237 286 293 312 378 380 427 453 455
34 85 87 102 104 140 184 215 236 274 275 334 361 363 437 451 470 490
33 104 152 168 178 189 195 216 272 286 303 344 345 398 405 432 472 479
47 86 167 202 210 211 222 229 259 264 298 328 355 359 381 400 431 494 499
16 40 45 51 102 114 131 160 180 190 246 270 272 371 389 428 474 487 488
28 43 111 112 132 152 223 235 250 256 258 262 298 381 396 418 481 493 494
0 17 48 61 99 123 197 260 274 301 308 341 374 388 394 417 446 483 489
23 47 86 154 170 172 179 180 237 279 283 367 373 380 396 405 419 424 444
23 73 87 96 116 121 132 143 153 186 206 238 302 317 334 375 384 389 433
48 89 92 113 127 129 148 156 220 237 263 268 330 345 352 357 425 471 486
58 65 105 170 173 227 240 262 267 285 295 297 338 358 367 386 412 428 456
29 111 141 158 201 233 242 277 285 288 325 336 341 393 470 476 484 485 495
8 61 116 185 193 212 246 248 298 305 346 361 373 379 380 382 384 448 449
4 25 88 103 118 125 131 137 164 174 189 252 304 327 381 394 410 458 496
29 31 48 65 81 100 105 138 152 189 206 210 276 298 309 315 317 382 440
13 64 81 131 133 149 159 230 238 246 249 250 325 353 388 414 425 432 458
7 28 29 108 149 166 219 229 306 320 329 359 368 390 392 411 412 414 468
19 64 80 129 159 196 203 253 272 273 307 310 333 349 358 368 445 459 470
10 17 65 96 104 154 158 190 191 208 214 216 257 317 334 344 397 399 419
25 50 97 119 176 179 250 257 262 274 286 302 308 340 342 377 448 486 487
0 66 68 143 155 156 208 216 278 286 289 311 339 346 416 419 458 478 481
9 32 45 49 65 85 110 116 119 160 175 228 255 370 380 399 420 421 454
32 115 234 241 242 262 291 294 296 301 313 325 331 332 337 390 403 458 477
8 27 31 52 81 83 105 119 129 141 176 180 225 228 333 355 410 421 488
16 23 29 52 82 97 147 167 185 275 295 323 328 334 376 400 408 448 475
2 14 52 65 98 170 179 234 289 305 357 367 383 431 437 448 451 459 469
22 27 79 118 132 134 145 211 287 293 328 329 331 366 388 439 468 496 498
53 78 90 121 165 177 206 212 222 227 230 231 238 247 260 276 366 375 410
12 40 100 101 128 148 215 218 221 238 258 260 293 318 326 360 363 375 431
31 50 78 93 104 118 155 204 244 249 260 276 298 318 319 352 379 385 470
11 36 58 97 104 132 151 242 243 285 343 402 423 428 430 431 433 452 468
20 47 55 64 68 156 223 240 262 318 327 369 389 412 438 440 468 469 481
4 10 30 99 106 133 136 177 217 223 270 359 412 428 430 468 470 472 495
22 29 47 66 84 119 127 130 191 210 219 248 309 334 352 402 413 445 495
17 36 45 105 119 146 148 210 242 366 385 398 401 428 431 472 480 496 499
58 67 93 120 143 153 165 199 202 242 253 284 285 292 297 362 381 414 437
7 15 43 48 147 183 235 240 275 291 307 308 309 358 373 434 442 445 477
0 7 12 42 68 102 114 151 156 158 200 213 260 292 306 349 404 450 463
5 58 148 151 192 201 209 251 264 285 316 338 353 394 406 428 432 486 488
0 5 13 21 53 60 73 81 82 177 219 266 277 329 343 344 459 482 490
60 66 80 88 122 193 212 239 266 281 282 303 316 342 357 374 420 443 471
22 30 48 51 65 85 97 115 135 138 154 211 243 326 338 384 428 446 450
3 26 44 99 123 137 159 213 217 225 246 278 282 294 332 333 423 437 443
2 5 75 148 168 175 204 207 227 234 253 344 347 391 447 459 469 472 476
19 34 41 46 61 64 171 210 212 279 315 318 325 335 342 355 394 434 485
42 44 59 89 104 148 163 198 205 249 264 309 312 373 397 402 458 481 482
25 34 46 93 113 134 145 174 190 270 275 301 306 325 373 393 405 470 492
1 22 46 51 63 71 101 135 257 258 280 285 345 356 361 432 444 462 495
3 10 15 40 43 80 85 89 92 93 96 105 236 252 302 308 406 434 490
20 25 36 68 71 74 103 121 126 169 174 177 183 217 318 332 383 446 484
10 22 31 48 72 162 193 224 268 274 298 326 336 353 397 414 459 466 486
31 72 91 134 157 183 190 217 238 249 253 255 295 314 416 424 439 446 482
6 21 33 44 51 72 102 112 199 224 265 341 395 402 428 445 466 468 492
26 55 120 138 150 190 226 231 235 242 255 257 318 411 420 422 441 457 464
27 30 56 99 104 134 161 166 179 240 264 343 367 372 374 396 432 480 491
19 44 56 59 113 128 143 209 239 254 263 297 299 322 339 361 362 398 458
6 20 88 247 253 272 281 282 322 333 341 355 364 391 396 434 440 450 496
26 35 57 58 169 227 251 258 274 305 308 318 378 402 414 427 455 465 470
1 8 39 42 46 82 87 90 161 198 212 236 247 265 297 347 349 377 395
44 48 133 178 181 190 201 224 241 260 272 324 329 366 376 410 436 456 477
30 38 51 86 126 141 142 234 317 326 351 375 391 392 394 405 428 447 492
21 30 39 59 73 83 96 133 137 142 184 198 218 229 236 258 279 349 378
20 22 52 77 132 185 202 245 310 320 326 330 348 372 402 418 428 448 454
23 55 58 78 139 148 180 207 261 263 280 297 329 349 354 382 410 452 476
13 14 30 86 93 101 161 188 199 250 252 275 318 371 399 413 442 457 495
22 76 80 98 123 165 182 205 258 264 268 296 320 337 347 357 455 489 497
26 120 137 171 199 243 259 266 317 330 352 366 401 409 415 423 472 493 496
9 25 27 40 96 126 166 170 211 222 242 251 263 316 382 451 453 461 486
61 71 175 176 187 203 214 270 296 318 341 344 359 390 402 412 444 446 455
19 26 44 46 56 65 74 117 119 125 160 249 335 351 386 440 448 453 466
10 37 97 101 148 158 208 257 263 282 287 290 293 315 348 349 384 424 473
1 23 31 67 73 116 149 189 198 236 287 306 325 343 367 371 373 390 489
6 33 43 81 83 118 131 156 205 252 287 298 305 339 372 374 434 467 475
30 50 70 94 98 165 205 210 244 251 263 295 310 318 365 464 489 490 495
67 92 111 121 149 154 218 245 280 292 346 347 349 358 384 396 422 452 463
11 12 69 119 166 186 191 231 257 262 270 326 354 370 376 403 412 419 470
3 6 47 64 92 115 125 138 221 234 246 256 268 326 332 407 410 443 474
27 54 62 148 236 255 271 303 331 344 360 370 396 407 425 439 446 472 495
32 40 87 88 102 105 125 177 189 223 247 271 373 403 411 448 475 479 492
10 31 68 78 90 92 97 132 158 172 242 243 294 295 361 393 398 431 480
7 11 67 71 102 117 127 149 184 197 238 264 303 308 321 332 343 356 422
33 50 70 73 82 134 143 157 224 274 278 302 327 333 341 356 397 427 462
9 47 56 98 112 165 213 261 272 297 336 340 346 382 430 433 435 458 465
26 67 71 76 120 191 202 203 232 246 263 275 284 311 321 388 394 433 441 475
14 17 70 88 121 128 143 164 174 241 246 248 275 319 324 373 419 470 482 483
4 16 43 80 85 88 109 132 134 176 218 247 343 356 367 368 376 398 411 469
90 107 111 118 127 134 153 218 284 285 293 294 315 341 392 449 456 469 490 493
21 26 71 87 127 135 160 167 191 199 213 222 236 250 258 266 329 332 431 440
12 43 46 119 128 181 195 271 295 302 314 321 329 332 352 359 383 390 415 447
8 25 50 53 68 91 98 130 205 239 259 284 333 372 396 400 418 429 458 474
23 38 46 47 122 126 131 133 145 170 199 203 209 255 355 405 423 439 488 489
19 20 68 82 109 197 214 248 271 282 297 305 309 313 332 382 407 420 423 470
25 37 79 94 128 160 179 247 290 298 306 307 346 365 378 406 443 457 466 481
0 5 17 28 54 64 93 98 103 112 136 157 167 184 218 226 364 415 442 445
13 14 25 55 116 135 185 258 261 278 316 344 353 356 374 388 395 414 448 498
11 24 35 41 72 83 97 139 163 164 179 186 194 232 311 335 344 409 410 494
6 7 9 19 43 46 56 82 142 238 242 245 267 308 325 335 362 365 487 493
15 19 21 96 101 120 137 151 164 231 236 243 264 266 300 307 393 401 446 497
21 29 79 120 121 135 160 166 180 189 199 222 235 246 313 354 367 435 464 498
4 6 13 21 28 32 53 113 142 147 174 180 202 208 243 297 324 402 433 435
1 13 25 45 90 94 96 133 154 187 234 256 270 307 318 340 366 370 471 490
29 107 119 170 272 274 283 305 308 322 324 344 361 397 412 451 466 474 485 499
46 68 91 92 108 109 140 148 178 257 291 310 334 388 426 434 454 469 475 480
5 38 51 61 180 184 206 217 218 232 234 259 284 335 336 374 403 448 457 470
31 62 64 77 112 188 233 269 278 301 307 316 318 323 329 371 373 445 453 454
5 50 59 66 71 74 96 125 126 210 243 247 266 269 310 335 422 425 450 452
20 133 135 171 176 209 228 230 283 316 354 365 400 422 426 483 485 490 495 498
55 99 108 135 164 172 236 256 262 264 271 279 289 290 330 350 362 387 414 483
13 41 75 76 111 120 170 181 198 213 240 286 305 340 361 369 463 474 477 479
4 16 21 26 35 102 110 111 131 195 220 238 259 308 327 360 384 395 484 499
16 164 221 235 251 253 255 283 292 362 379 386 406 424 431 436 439 443 457 475
72 73 81 131 215 228 242 250 264 267 299 321 339 366 372 395 412 424 428 432
3 94 124 138 141 234 251 292 357 358 359 365 369 385 400 413 422 462 485 494
6 8 34 49 67 70 121 192 208 210 243 247 273 301 316 317 371 401 432 493
2 25 41 59 133 186 242 262 282 299 301 308 328 336 345 347 390 459 486 494
8 21 30 35 51 55 97 107 114 154 201 204 216 252 325 328 345 445 472 491
6 26 81 89 90 92 121 175 206 211 216 219 230 233 236 289 292 330 405 415
2 12 24 31 99 116 151 154 185 186 190 233 244 258 268 282 316 398 420 441
5 60 120 134 137 159 215 218 235 247 293 315 345 366 401 402 413 416 422 440
28 49 63 71 116 148 206 227 249 267 273 281 286 299 303 331 337 382 385 387
1 8 27 116 127 150 157 184 193 207 218 239 298 328 375 394 421 458 476 497
5 40 56 87 104 145 150 160 174 210 262 313 314 321 340 399 418 468 471 475
58 60 88 99 103 106 162 165 208 224 238 284 291 298 351 368 437 466 485 494
39 78 81 89 91 154 162 230 242 266 273 274 278 294 297 319 333 391 422 489
27 55 63 84 146 223 244 260 282 285 316 320 355 371 379 397 412 416 461 464
4 27 45 48 60 83 102 153 187 225 265 286 295 316 322 345 400 464 473 481
6 16 18 20 26 102 121 168 174 185 201 247 255 260 295 300 305 338 350 456
13 15 16 38 82 87 97 121 196 198 210 284 302 318 324 355 365 408 426 429
20 37 59 77 82 84 91 97 114 153 220 253 324 332 360 386 400 437 489 493
24 62 66 70 91 93 153 157 162 207 208 209 213 268 271 314 325 450 463 496
17 21 41 46 52 55 72 139 160 189 196 229 285 294 296 302 352 388 405 416
29 58 120 186 235 241 248 260 270 275 286 312 336 341 383 422 425 442 447 477
31 45 76 90 99 132 193 220 233 278 309 334 401 403 410 431 455 470 478 494
6 24 50 87 117 125 141 239 241 271 310 316 320 342 344 348 367 392 410 477
51 89 117 214 236 238 264 290 319 324 367 391 439 444 445 468 477 481 482 493
24 95 120 235 245 248 249 251 253 301 318 339 348 370 399 404 480 487 489 493
19 41 54 140 144 164 179 213 241 279 300 301 332 355 368 372 378 389 421 462
9 23 37 64 97 105 175 229 242 280 306 349 352 380 400 434 437 452 488 496
22 26 59 86 102 105 111 112 117 199 234 236 249 256 303 310 320 341 364 365
13 64 92 146 148 149 195 202 223 232 236 265 267 335 357 400 409 454 474 497
17 27 33 36 56 69 83 151 155 170 214 221 222 256 344 346 366 397 414 440
15 68 116 121 142 166 184 197 205 251 260 291 312 392 400 403 417 466 471 491
6 18 35 58 68 95 99 112 158 159 171 203 234 235 346 419 429 440 488 490
21 23 26 28 35 86 100 144 159 161 204 252 278 356 365 371 390 440 475 486
60 65 73 91 151 156 169 182 236 237 238 240 251 269 316 331 343 394 419 452
17 21 22 51 81 129 181 191 203 220 258 325 328 376 411 415 424 456 463 471
20 26 118 129 213 250 264 291 293 321 331 367 369 373 420 434 440 460 469 472
0 104 110 140 144 145 234 239 253 265 277 284 310 321 344 384 400 403 436 457
29 46 52 62 91 154 196 217 242 269 306 364 380 391 415 439 456 459 481 486
51 54 88 113 129 138 140 160 213 231 242 311 315 341 359 372 405 417 429 460
54 60 82 104 116 190 239 247 293 295 302 344 356 395 400 402 417 446 477 491
4 33 49 61 83 90 96 111 125 143 160 204 210 333 355 358 446 465 472 487
10 18 52 160 163 167 168 190 300 334 338 362 387 397 404 419 425 430 455 458
4 42 62 70 91 107 121 135 181 214 287 288 314 320 374 375 458 470 482 487
23 63 148 168 176 192 204 224 263 322 345 383 393 403 456 466 485 487 490 497
9 14 54 57 84 96 102 109 124 170 199 234 235 264 336 338 369 381 399 493
107 129 132 144 176 214 228 234 248 257 267 277 285 291 292 320 367 455 480 495
43 63 65 75 76 86 135 180 194 212 254 294 333 353 358 370 416 430 465 488
52 55 71 134 136 168 171 186 231 274 291 307 322 370 393 420 428 475 482 491
29 99 124 211 213 224 230 232 246 268 270 271 295 312 331 372 384 406 417 475
38 72 105 119 146 180 225 230 245 281 284 289 301 361 437 442 450 476 477 493
43 48 90 104 113 159 165 166 176 320 327 348 372 404 432 443 451 472 488 494
23 27 32 45 60 72 128 167 189 267 272 318 329 359 396 405 443 465 467 479
