105 124
355 386
401 446
213 284
305 331
150 165
395 397
3 48
30 82
325 336
318 328
126 181
328 359
422 478
314 398
169 198
320 365
213 293
238 249
201 253
412 477
406 464
427 430
38 80
403 474
203 246
219 257
38 59
60 90
34 68
242 289
19 85
466 481
438 493
340 375
106 176
125 136
305 377
202 218
420 469
417 465
227 263
19 55
231 265
12 16
441 463
308 325
419 472
144 154
29 53
468 487
326 371
174 182
242 297
244 272
137 163
443 478
354 395
239 277
95 98
212 215
143 188
109 176
251 294
31 81
208 256
31 35
322 359
12 77
430 451
12 66
224 233
418 468
266 269
230 231
271 283
281 287
125 190
122 129
417 476
206 236
467 485
102 136
435 480
133 148
251 280
105 173
312 319
443 471
125 143
437 482
108 145
38 82
4 9
352 365
151 172
137 153
444 483
332 365
306 391
310 369
113 186
251 261
208 286
421 455
336 379
205 285
203 262
360 366
203 298
410 466
154 173
2 36
306 317
413 421
12 26
191 193
305 332
21 79
359 367
61 68
165 197
320 339
39 81
425 463
142 145
319 348
269 297
227 299
247 249
53 97
110 192
37 75
423 493
102 123
26 60
1 35
360 382
371 376
163 179
76 86
304 363
119 127
250 255
20 54
52 65
241 267
333 392
148 195
200 279
209 295
149 176
140 195
140 160
44 61
352 364
343 365
253 297
301 307
132 193
241 282
112 194
48 97
217 299
242 267
338 368
115 187
214 270
310 385
344 394
247 276
333 356
420 430
353 384
158 186
440 489
446 453
108 122
418 477
130 179
441 471
300 310
45 84
136 182
405 461
14 55
123 153
419 493
333 382
386 389
13 75
321 387
234 235
105 117
39 51
363 388
223 289
219 277
10 64
305 350
20 64
291 292
245 296
104 187
122 179
235 245
132 179
161 193
257 264
156 162
324 391
105 188
200 248
56 62
259 282
229 248
151 192
174 175
26 52
53 92
21 77
179 181
328 398
448 469
304 333
83 96
428 497
9 58
246 259
209 282
447 465
455 474
323 334
120 131
117 123
403 418
282 296
413 450
366 367
233 260
100 174
259 276
200 297
206 269
283 296
309 347
208 261
379 386
417 476
182 187
442 471
309 370
450 474
319 346
133 171
412 479
444 499
109 151
417 420
284 299
4 68
135 173
6 43
114 157
341 387
144 187
216 248
31 91
350 364
255 268
160 168
408 424
128 170
9 91
477 499
31 34
349 386
362 387
411 483
411 424
83 99
230 259
252 260
318 321
319 346
24 61
327 389
283 296
409 443
416 474
58 83
330 339
211 292
465 476
402 418
427 434
174 184
48 95
144 179
327 348
207 306 311
60 90 99
6 72 269
209 421 470
352 415 429
25 42 471
70 406 492
122 194 268
83 92 270
107 374 395
253 427 492
125 126 419
115 124 219
307 361 484
24 90 392
60 78 87
131 437 438
81 369 372
102 182 442
60 435 451
109 140 196
18 70 296
256 429 473
245 278 333
163 229 250
169 352 393
52 55 161
60 80 353
63 200 298
210 221 392
29 88 93
53 483 491
5 113 118
326 330 395
151 448 455
55 77 357
36 154 164
167 388 396
112 170 403
109 426 456
76 80 130
117 155 215
36 75 278
255 267 475
233 415 419
232 283 439
123 135 330
73 81 222
30 60 160
303 325 395
77 165 189
54 97 454
126 156 478
274 326 340
371 429 497
303 345 347
304 426 427
217 225 229
243 269 323
170 301 360
283 442 467
248 310 340
438 454 463
277 400 422
124 160 296
263 297 406
124 166 168
36 42 56
19 89 175
43 114 176
405 443 467
339 343 358
237 445 479
48 306 326
135 312 362
185 428 494
97 123 199
22 302 337
311 395 451
224 261 262
62 455 480
270 443 472
2 8 370
266 295 316
138 175 262
9 224 299
8 465 497
305 309 357
160 179 477
4 367 372
201 297 489
446 463 467
106 184 290
20 78 84
166 411 481
283 401 405
98 203 299
348 435 450
217 435 451
153 159 257
310 319 489
129 434 491
21 42 146
333 395 456
190 442 497
241 257 273
235 328 383
157 165 238
107 311 397
6 52 70
307 347 391
55 130 172
37 321 346
214 223 485
295 345 356
285 324 353
166 179 301
101 146 238
256 289 290
40 68 385
14 88 349
12 75 174
91 346 375
108 427 432
222 286 348
4 329 339
42 260 279
32 46 354
27 74 403
182 288 291
254 309 375
160 351 386
116 170 266
308 373 488
203 234 253
226 321 392
152 224 254
15 93 481
152 186 392
152 190 459
107 141 143
39 128 171
100 176 226
175 400 488
40 150 156
48 57 494
69 308 331
131 170 423
234 264 395
266 313 333
7 232 251
57 60 268
120 192 241
214 260 397
340 379 387
2 25 418
4 65 381
293 458 478
30 97 227
178 308 366
145 152 298
411 427 466
341 351 367
198 328 348
210 289 491
114 139 179
108 136 452
260 269 314
80 476 490
21 57 341
131 424 455
147 433 469
429 431 439
2 46 323
485 494 499
338 391 472
339 440 467
226 272 330
34 87 126
176 431 478
340 352 375
341 396 428
183 186 358
373 401 493
149 171 315
55 435 460
8 71 188
32 44 476
29 35 347
80 321 394
39 331 348
78 94 147
151 185 201
317 322 394
118 137 185
36 70 79
30 63 184
212 383 394
225 232 296
125 135 256
43 57 437
342 366 487
115 430 469
11 257 278
10 39 92
4 97 450
261 348 364
401 425 473
110 192 195
130 144 350
342 414 420
314 326 332
297 410 489
232 313 398
425 427 460
48 392 396
40 137 156
22 86 97
116 307 379
28 41 479
265 308 375
278 366 379
60 63 283
138 142 280
206 215 232
330 377 396
405 445 466
24 41 309
250 280 438
89 189 196
407 445 492
5 224 258
312 493 498
270 402 447
106 186 452
78 88 256
14 46 186
187 321 365
137 148 197
160 326 339
143 441 482
216 244 289
217 254 454
104 113 429
149 356 382
409 419 460
67 89 117
57 250 291
211 229 259
218 315 384
39 41 476
366 422 469
124 184 476
100 107 131
38 88 156
19 100 179
106 119 264
30 306 341
41 142 143
251 339 368
406 428 442
183 348 357
180 200 274
73 133 177
17 21 102
357 360 367
74 93 97
56 224 261
337 340 371
305 388 441
171 404 498
318 411 491
109 193 484
253 264 274
74 172 193
0 13 186
7 412 451
51 92 439
104 114 254
400 408 491
301 424 471
33 422 481
104 184 281
71 431 440
113 169 334
209 257 282
258 287 319
39 436 471
188 461 481
38 65 103
4 42 56
131 158 181
279 315 369
78 89 309
14 100 103
243 407 496
94 247 255
140 408 431
1 57 65
35 40 324
104 146 422 449
32 212 420 439
163 205 219 420
51 78 199 409
226 286 371 412
160 199 428 448
52 70 447 470
8 105 420 461
129 220 254 270
291 345 380 391
113 138 199 309
220 235 260 354
92 136 184 483
84 232 358 367
38 103 404 409
134 231 236 387
189 238 257 305
95 143 146 400
138 330 376 415
46 54 220 437
50 72 75 326
31 435 452 465
209 299 346 414
199 218 236 430
8 325 383 386
61 119 150 187
127 187 195 437
120 189 194 231
67 258 265 274
34 140 169 393
62 194 230 260
11 53 170 457
8 67 146 381
205 236 326 412
21 324 420 427
108 132 436 496
100 282 345 381
120 145 360 433
198 342 447 473
156 189 330 358
138 203 204 365
53 229 303 304
80 300 395 398
235 245 304 392
159 249 257 264
46 95 273 299
3 63 87 214
6 125 323 357
109 127 255 443
11 91 228 492
114 145 262 432
62 182 415 439
208 215 278 398
260 389 415 459
60 69 414 454
87 189 339 382
2 214 228 251
129 187 191 451
33 48 290 398
66 234 263 305
205 268 291 297
99 127 131 259
76 306 370 432
26 210 235 446
122 185 403 432
96 181 496 497
269 272 405 409
34 44 252 292
182 314 331 404
49 231 473 484
40 42 110 416
73 258 328 384
64 96 271 291
53 241 425 490
62 253 264 291
62 88 181 208
204 218 275 397
69 71 96 108
46 325 336 348
106 124 138 283
144 242 351 397
53 215 407 477
242 296 358 497
3 94 160 424
101 130 192 338
4 30 35 465
297 327 397 398
127 320 364 481
323 359 459 462
43 225 298 479
51 118 163 436
124 131 277 471
22 65 148 150
115 195 222 295
0 62 334 366
33 106 180 246
240 413 437 481
85 200 301 328
162 357 409 469
20 315 423 460
44 56 169 468
13 35 418 436
10 278 457 486
172 369 385 432
25 99 255 308
73 91 261 326
107 152 326 335
67 309 330 394
441 442 448 463
54 137 222 235
59 77 268 409
213 356 401 499
192 272 420 450
45 84 362 391
42 78 98 333
130 443 468 482
241 289 296 495
409 438 459 482
187 192 434 465
187 252 289 290
313 400 475 492
54 124 331 354
83 440 475 498
86 122 413 435
4 197 449 490
132 171 185 186
96 139 195 338
137 139 457 476
36 37 287 454
60 82 95 493
177 192 217 284
238 300 334 376
82 214 277 371
195 237 250 299
53 84 197 249
74 120 177 271
87 326 383 462
136 185 200 472
111 138 169 266
260 300 390 392
32 45 52 158
1 72 84 218
159 230 271 358
5 33 325 368
120 252 273 297
23 201 210 489
147 229 274 412
117 128 181 349
198 258 270 296
47 111 162 439
207 219 233 458
46 349 401 467
0 298 323 333
268 383 421 461
43 287 368 372
125 344 422 462
9 101 109 307
29 225 256 348
157 160 384 479
74 436 454 471
7 68 156 224
276 377 488 499
23 37 157 173
25 62 367 426
347 387 450 456
5 20 75 482
0 172 314 396
206 209 297 397
295 309 447 463
141 211 216 278
234 239 299 447
464 468 474 497
112 211 239 484
111 204 270 446
85 110 164 265
70 130 248 290
111 291 309 333
7 11 160 409
214 387 390 484
117 179 184 377
12 40 235 291
110 140 169 491
66 151 426 430
119 286 458 482
3 21 97 392
25 326 333 373
159 168 177 194
114 240 290 310
215 282 368 493
35 53 262 316
168 259 323 359
3 27 414 416
114 234 273 374
43 50 327 377
17 129 280 286
15 23 180 409
89 334 352 414
2 87 378 396
66 77 411 412
12 428 494 495
92 114 199 237 329
19 54 227 269 441
60 73 82 340 361
164 264 307 402 437
7 37 55 195 453
21 102 144 174 476
31 192 279 456 491
36 39 177 254 270
11 252 285 324 397
0 183 304 330 393
160 295 383 409 472
32 108 122 407 435
41 407 424 472 493
270 320 415 427 454
161 208 266 283 403
41 345 358 425 453
37 84 213 217 254
65 119 172 218 300
126 141 261 270 495
209 327 372 392 489
27 46 260 325 362
233 239 257 381 495
238 261 440 459 491
27 71 73 147 229
108 122 177 285 354
53 59 259 274 351
187 366 371 426 463
184 311 342 352 477
51 55 81 233 256
45 114 118 129 192
202 258 277 278 320
237 274 295 306 388
106 126 283 355 454
217 244 355 372 385
80 133 291 366 375
65 176 216 273 313
231 252 419 444 474
208 256 271 285 314
25 37 64 417 423
122 246 247 305 425
92 99 239 285 315
21 63 100 339 456
138 225 267 272 419
52 131 213 254 404
11 177 413 435 445
33 41 49 75 93
29 119 122 319 324
52 171 199 292 308
7 31 50 177 425
62 84 103 222 270
29 214 237 277 369
62 131 429 443 453
11 162 199 396 417
100 125 167 222 287
122 160 181 264 272
36 214 299 330 487
126 183 186 248 313
307 345 360 444 469
44 74 115 153 401
89 219 252 466 494
53 70 328 398 435
74 91 114 190 334
27 240 257 304 443
189 242 278 401 415
56 64 124 205 277
213 245 343 404 441
40 69 97 352 489
20 74 146 217 223
38 65 324 327 366
64 211 239 259 273
36 91 139 270 472
151 182 189 280 330
188 358 401 421 427
250 366 447 469 489
215 219 352 377 386
74 97 218 330 379
94 198 268 314 379
201 231 294 373 428
11 26 76 142 420
72 274 328 343 416
58 158 170 394 415
10 66 169 172 397
58 81 108 123 223
101 131 313 398 421
57 98 246 395 469
34 114 143 275 457
7 118 121 212 240
11 57 86 383 437
7 309 340 445 451
275 276 370 432 451
17 210 213 231 270
18 33 428 467 496
240 314 414 485 496
115 158 191 193 294
202 223 272 288 290
57 292 371 390 404
142 263 456 479 482
105 170 225 278 377
410 424 447 449 475
1 128 186 269 490
153 164 223 310 352
281 285 386 406 433
0 78 165 456 480
21 105 311 315 332
64 78 174 349 439
20 68 88 110 338
5 154 226 409 454
74 190 220 311 390
115 211 400 456 471
110 149 197 353 480
118 128 196 362 397
1 57 68 338 350
19 26 51 108 477
15 120 313 406 408
191 269 326 376 435
122 163 172 319 387
52 76 97 317 454
10 84 204 324 342
41 42 50 204 467
4 32 83 333 467
157 179 211 240 264
234 249 294 302 347
119 193 298 325 497
115 214 406 409 423
49 105 125 402 455
240 320 367 380 487
27 76 136 359 489
195 271 413 449 475
137 199 390 426 443
21 66 73 88 328
116 156 200 280 441
39 104 134 194 351
15 189 320 443 460
19 138 403 433 435
67 122 126 142 305
157 174 236 444 487
203 308 367 387 453
194 230 231 305 479
93 303 412 434 454
209 210 211 262 265
9 111 354 360 377
167 213 238 283 445
23 188 434 455 493
87 327 330 455 461
62 264 334 346 349
6 19 188 244 287
316 347 351 359 381
224 238 262 308 477
261 301 338 364 370
7 30 33 212 431
247 288 289 298 376
16 59 67 200 325
173 267 349 402 431
11 13 23 418 459
136 298 410 441 452
108 215 274 449 495
229 255 448 460 472
179 362 411 413 449
79 139 160 284 353
46 166 234 317 387
42 59 212 433 445
134 165 275 277 291
103 387 420 440 458
39 104 146 226 493
283 309 408 413 449
15 66 98 436 473
182 207 225 326 332
60 132 215 241 272
259 359 453 457 458
6 8 25 84 491
79 221 235 289 295
29 44 117 405 493
245 257 277 424 481
76 109 138 144 325
236 305 373 383 403
82 184 288 414 421
60 157 160 367 418
251 262 308 356 462
83 242 302 318 357
49 77 144 272 370
11 64 76 162 448
113 309 355 388 472
21 58 69 157 417
34 51 68 180 452
103 169 189 435 448
118 134 172 248 365
37 153 200 207 468
106 168 268 446 478
19 257 262 331 469
33 101 263 311 355
121 201 205 273 300
127 169 170 266 286
159 201 202 226 332
46 89 271 312 485
270 286 369 390 490
15 144 188 386 388
28 33 312 323 487
22 76 237 320 396
40 109 160 195 417
61 205 299 415 497
115 239 310 374 381 388
44 50 83 305 477 480
103 122 202 413 414 429
167 168 182 279 298 489
64 219 246 398 442 449
19 85 220 273 368 472
157 200 225 249 347 365
10 23 56 98 124 195
30 58 316 326 382 494
90 211 221 303 390 467
181 184 202 204 275 456
156 168 184 186 377 493
279 363 401 425 437 498
72 344 351 387 445 484
24 91 96 205 218 429
70 103 152 205 269 381
9 20 116 376 406 412
49 109 146 351 438 472
79 115 129 197 283 426
211 393 408 427 461 493
18 87 234 286 320 391
134 161 257 259 435 497
35 190 347 472 487 493
24 262 279 281 416 433
42 106 119 326 366 371
71 79 141 271 349 442
21 41 230 235 242 488
18 56 159 270 298 433
45 65 120 184 275 394
108 124 217 338 357 373
110 119 141 263 296 404
136 150 292 372 395 396
8 13 49 105 215 297
1 56 290 299 388 414
114 173 210 387 441 443
302 333 369 373 396 479
93 112 147 264 271 447
21 62 215 246 268 345
272 329 333 373 388 405
11 51 194 291 367 373
127 134 344 423 464 479
161 176 210 397 426 455
173 275 288 330 454 483
52 240 261 438 449 460
35 40 242 321 345 477
31 122 202 209 269 360
14 145 200 225 241 255
44 148 229 295 355 424
18 51 310 378 432 473
71 114 149 205 290 305
16 105 148 216 361 412
11 74 87 99 419 438
61 72 79 422 442 498
161 218 295 318 354 390
254 295 311 404 406 429
5 332 390 421 433 470
97 99 206 309 402 439
76 83 189 190 383 404
286 312 316 336 369 440
13 59 119 261 274 443
34 44 132 185 201 422
36 85 145 172 190 202
202 205 233 275 483 486
19 313 350 384 389 417
102 245 257 397 411 443
139 157 280 421 424 447
19 80 116 416 440 467
126 144 354 426 436 450
0 96 106 131 281 443
42 65 76 368 433 459
303 324 327 343 371 483
23 183 190 216 263 409
1 51 87 239 260 385
336 387 416 464 467 494
32 104 156 166 239 385
141 160 262 318 404 408
43 69 370 375 390 419
61 90 254 315 317 366
119 189 219 417 429 437
208 307 320 399 425 469
15 42 65 98 144 235
54 71 145 264 435 496
0 17 22 46 356 467
140 153 272 302 480 494
7 14 18 181 313 359
83 100 117 125 250 284
102 143 157 264 312 470
11 81 307 311 376 417
12 105 135 162 419 477
112 123 155 217 232 370
224 285 326 346 376 414
18 59 83 96 252 431
138 223 246 359 423 458
2 54 75 99 185 187
11 75 120 336 473 483
20 75 101 179 417 447
255 257 381 400 460 478
27 219 288 298 392 408
12 242 327 362 414 465
125 187 192 228 239 390
158 187 189 250 253 398
3 63 104 114 306 484
12 146 281 384 391 473
11 55 70 99 357 499
6 7 10 19 51 260
6 104 110 215 262 279
216 256 313 357 467 479
7 38 63 167 355 495
117 165 175 402 471 491
97 242 249 285 330 487
149 217 432 440 459 466
32 54 64 239 248 258
146 160 180 231 346 437
25 183 279 361 408 471
38 93 131 295 422 461
63 242 279 422 460 480
121 178 225 270 295 473
1 255 303 365 389 492
51 101 113 298 413 491
19 65 231 305 404 491
90 92 293 308 328 392
46 116 121 214 327 344
203 214 337 374 398 405
78 87 90 197 237 374
12 333 373 409 412 476
6 28 79 167 319 371
6 8 32 33 319 350
1 62 75 80 305 391
0 101 203 332 333 376
46 71 217 360 434 469
132 152 176 346 426 441
205 232 247 293 353 364
88 103 157 299 457 491
142 191 322 337 376 391
94 131 175 183 214 489
27 31 77 163 239 301
66 130 140 437 488 498
60 204 213 264 272 305
55 68 115 125 143 273
51 52 99 190 395 398
80 87 119 130 407 481
95 99 274 291 373 413
3 30 116 225 257 410
10 53 162 229 324 355
157 228 327 347 364 396
27 108 152 308 437 493
94 242 284 430 439 494
131 223 230 290 393 491
104 132 408 424 444 492
49 150 456 461 486 494
57 258 291 346 348 417 480
41 93 183 214 235 415 430
49 71 72 175 259 263 376
27 67 120 155 170 278 292
88 106 326 434 463 485 487
13 56 241 261 269 302 374
85 204 260 292 303 347 489
95 99 117 152 172 429 489
2 70 200 216 353 402 479
61 74 138 348 384 401 474
57 157 160 175 226 402 472
32 109 164 169 211 265 340
189 312 418 426 484 492 493
56 73 85 212 226 373 466
220 315 323 364 366 380 403
21 34 270 281 283 352 426
79 93 185 232 295 394 486
113 189 289 291 349 358 384
36 96 134 320 322 368 376
204 292 295 303 415 478 480
107 136 167 379 455 480 489
71 121 136 230 280 345 460
125 187 206 287 310 346 440
138 169 174 354 424 462 493
15 73 142 173 309 336 460
88 131 136 160 188 196 272
50 314 326 414 430 475 499
65 89 256 275 321 459 473
16 33 104 220 368 378 450
17 60 182 245 257 262 421
60 230 359 360 372 410 436
9 10 27 81 127 174 274
124 212 288 364 373 378 488
45 50 203 251 269 419 482
0 15 112 182 221 473 486
188 233 280 301 330 365 447
49 97 171 313 324 344 465
77 210 369 438 439 461 499
89 142 144 212 254 257 332
35 293 405 428 446 448 461
154 252 275 320 321 358 387
128 132 161 379 418 450 482
22 30 176 221 228 283 351
12 90 93 162 167 212 388
15 20 231 279 312 395 433
98 133 256 291 348 360 374
3 32 51 191 253 393 394
76 83 244 346 349 363 467
45 132 158 209 373 391 484
2 82 88 195 201 290 465
92 210 238 450 455 458 474
6 15 30 32 139 455 460
120 301 328 332 384 435 463
31 77 301 322 386 449 477
136 139 149 155 194 377 456
244 261 263 269 302 425 471
280 352 372 444 450 470 483
115 144 257 268 386 488 498
43 61 215 227 289 334 376
10 131 133 139 218 282 301
194 218 244 294 297 318 383
100 181 327 378 435 477 496
70 134 223 244 250 287 342
20 240 244 258 322 425 468
23 118 208 253 290 392 484
18 26 88 260 361 379 387
138 206 218 232 237 257 490
143 230 305 340 360 446 476
4 83 246 321 440 443 498
89 97 228 396 411 416 495
114 122 161 162 177 187 198
251 322 337 354 375 406 414
58 116 124 231 355 363 382
46 126 139 212 355 415 483
8 87 169 220 248 283 492
50 81 265 320 354 403 486
79 214 222 249 286 340 365
25 47 94 269 270 314 318
78 98 100 106 131 139 270
64 171 216 220 259 328 335
129 133 134 159 346 379 450
20 43 71 98 361 478 485
4 244 251 267 373 467 495
0 9 129 211 267 287 465
85 122 123 171 223 259 296
9 103 110 175 177 334 398
88 204 215 328 409 463 471
131 146 222 259 270 271 313
160 214 222 252 281 435 476
17 55 266 316 470 487 491
41 73 83 179 208 219 477
84 202 210 308 314 315 465
122 123 129 186 246 330 424
8 62 76 119 160 173 217
105 117 153 216 222 229 349
37 52 60 73 196 311 317
13 55 93 259 272 283 433
21 135 210 250 307 378 398
60 161 304 311 314 337 454
59 170 211 336 351 427 455
65 117 118 298 372 420 422
21 227 242 253 355 377 450
38 84 99 320 367 438 499
109 120 129 136 206 247 274
120 266 301 407 426 441 459
139 204 297 384 388 416 435
11 71 126 245 270 286 289
73 77 278 317 363 430 492
48 54 69 82 156 219 228
53 193 228 251 357 386 449
0 48 104 147 181 280 389
119 234 337 368 390 455 496
84 183 191 203 301 455 470
0 62 220 373 434 448 454
23 55 227 290 354 440 484
77 189 247 257 357 381 416
82 89 274 361 369 400 463
141 274 379 397 398 403 452
87 131 234 249 290 327 444
69 103 125 145 189 349 405
95 167 263 349 365 403 433
13 14 91 118 131 260 341
126 169 191 265 286 402 409
9 95 322 376 392 416 439
144 201 300 311 386 391 465
51 57 262 325 409 417 464
1 88 310 353 427 490 496
11 41 56 327 403 414 466
46 115 147 310 365 395 432
57 135 268 277 291 328 329
38 64 67 73 89 212 253
10 30 51 154 228 249 277
159 167 188 306 343 387 426
3 162 177 178 338 461 468
1 66 263 328 335 351 449
6 19 53 71 375 387 401
39 162 248 256 389 407 441
50 109 128 176 393 482 496
84 95 203 286 372 429 491
151 201 253 294 342 416 423
6 34 46 118 126 144 419
8 92 126 160 163 276 322
43 144 223 256 279 291 337
11 66 124 216 254 267 282
21 112 230 239 455 460 487
34 42 218 242 263 337 485
17 71 136 223 324 358 410
36 144 209 304 307 310 371
138 164 206 333 417 443 476
71 107 132 189 250 288 463
61 196 318 357 404 425 452 491
90 91 98 115 120 159 263 364
33 85 135 254 297 372 411 491
28 41 85 88 128 253 353 359
15 43 251 285 327 367 440 443
49 70 126 162 181 273 327 418
87 133 172 245 316 331 364 372
83 122 155 287 299 333 476 485
134 138 152 163 169 359 462 463
42 63 78 85 172 324 358 475
111 223 287 302 319 346 420 484
115 196 398 405 471 485 486 497
208 289 297 301 321 330 396 470
184 223 237 444 466 472 477 483
27 91 229 395 414 423 432 439
9 139 149 185 226 378 422 480
39 43 95 103 138 334 356 439
12 117 188 274 320 378 414 498
2 169 184 193 244 297 336 362
28 34 151 155 164 345 357 382
2 27 184 284 326 408 486 490
20 170 216 281 318 340 343 449
12 38 86 159 314 422 424 445
47 89 147 172 177 191 208 491
19 238 241 301 315 326 344 382
62 74 77 80 235 261 277 319
104 220 238 262 272 345 390 442
130 136 164 169 193 200 365 432
116 118 258 272 326 328 384 407
59 327 334 379 402 424 427 454
28 29 47 76 80 98 170 494
54 168 320 388 390 470 487 490
2 40 80 115 128 136 138 307
76 150 168 310 436 449 462 478
19 99 182 425 436 472 493 498
63 119 170 187 443 457 469 473
28 150 323 332 366 376 405 471
153 159 199 293 344 405 421 488
10 108 136 222 250 432 464 495
151 218 226 258 329 380 429 458
10 78 90 293 299 362 467 474
11 56 92 148 161 308 314 356
13 46 171 187 258 386 389 422
180 234 239 277 308 314 437 480
144 168 171 182 302 305 312 438
49 53 263 337 370 401 415 456
97 122 205 223 289 413 475 481
91 129 146 311 323 341 353 452
99 160 313 336 360 404 420 432
70 114 283 370 388 405 409 424
26 46 49 58 75 158 314 456
6 132 191 291 308 354 445 456
134 303 318 326 365 391 434 462
8 50 63 79 87 191 253 316
61 255 264 301 307 335 416 475
128 212 221 240 372 426 436 492
55 91 101 133 145 243 372 402
18 106 121 166 297 436 446 471
55 68 69 93 282 311 355 413
9 23 101 197 282 297 359 430
57 69 92 127 135 202 226 269
23 78 197 210 266 359 362 438
24 146 156 157 192 201 385 394
9 66 288 337 421 437 447 458
19 84 215 248 264 319 449 477
72 86 231 265 290 386 402 454
177 343 358 432 448 492 494 497
73 176 358 383 422 462 477 484
135 261 310 335 341 383 394 405
45 109 123 220 299 324 328 358
44 47 102 194 203 261 268 279
3 133 142 187 192 204 390 483
109 129 267 273 312 361 364 366
281 303 332 344 359 396 409 462
18 48 216 241 291 293 331 373
8 43 116 135 143 260 290 322
37 138 159 283 312 317 470 495
37 38 55 73 121 131 250 343
113 140 143 148 162 166 222 395
117 176 235 299 344 357 430 438
44 135 189 266 278 297 441 481
46 143 169 212 213 216 405 470
1 18 138 163 235 253 448 485
117 156 160 267 338 368 375 442
48 112 128 157 166 277 466 473
10 21 50 223 290 401 420 460
135 215 216 304 347 355 366 471
46 70 142 170 276 318 331 375
74 108 120 331 346 354 368 475
6 26 126 166 250 268 367 431
122 232 295 319 322 346 449 473
29 31 62 334 353 456 467 490
195 287 310 318 384 397 421 468
110 177 193 278 292 330 347 398
2 3 85 116 174 208 307 381
10 60 64 91 144 155 373 396
78 134 180 202 260 345 384 495
4 16 18 58 136 163 360 405
140 162 167 180 346 369 433 469
104 172 193 217 222 254 278 478
1 6 40 211 247 316 396 440
43 185 193 205 211 282 456 491
38 66 207 253 284 297 431 491
20 25 58 68 130 303 422 434
102 116 126 142 297 410 475 490
40 64 148 341 349 369 380 463
52 94 232 279 284 316 349 363
32 46 64 165 291 379 458 466
3 11 182 266 354 408 425 459
88 104 200 228 241 324 407 426
2 4 11 62 97 131 287 431
8 63 101 128 130 268 303 455
6 39 44 54 162 190 410 439
109 113 161 232 248 250 352 409
119 244 261 280 359 388 487 496
9 53 184 257 291 331 438 497
137 144 215 249 310 370 386 444
11 53 164 220 308 309 351 376
5 119 209 284 351 402 410 412
205 210 232 293 346 387 445 471
72 82 104 132 243 335 454 468
8 146 206 260 265 337 401 461
14 50 52 70 81 89 161 481
11 100 122 181 182 184 344 349
3 31 41 66 75 297 371 432
82 109 221 247 250 279 284 355
99 129 147 196 302 338 397 478
24 31 33 64 277 360 388 452
100 148 190 212 223 246 306 418
45 309 314 331 372 382 389 493
24 186 223 264 317 320 369 418
11 33 88 135 286 429 449 486
37 56 67 205 227 337 408 410
118 119 196 225 317 381 465 492
118 119 136 168 199 248 327 483
18 21 24 52 94 165 275 399
34 58 189 357 360 428 483 499
2 36 148 247 389 421 441 480
24 57 212 392 395 431 448 484
42 136 160 239 262 437 453 493
13 77 127 203 212 303 309 355
167 232 290 360 384 420 443 486
17 31 54 130 162 257 299 454
29 156 183 251 403 404 414 479
83 100 134 294 312 360 384 396
29 99 100 113 196 313 403 466
11 117 163 168 173 262 269 382
62 74 78 224 438 449 476 477
11 65 202 337 384 391 418 478
8 61 139 152 153 184 306 352
106 132 146 218 260 272 281 286 302
4 58 60 116 220 226 249 251 327
37 112 170 185 218 259 325 392 423
9 33 125 246 250 258 284 346 383
18 19 71 76 194 230 247 266 423
4 36 37 218 229 280 332 341 412
63 118 140 164 165 243 262 442 469
37 101 104 202 240 270 290 356 387
43 198 272 281 335 341 359 371 389
19 102 113 122 203 257 313 315 477
14 29 42 103 112 257 328 330 387
32 200 210 211 243 270 293 345 439
50 62 109 129 147 181 294 318 354
41 53 80 104 105 133 149 184 358
1 86 94 106 149 214 335 345 346
27 51 167 194 325 360 454 471 474
127 171 181 210 301 366 476 485 490
30 40 44 57 94 143 156 232 321
11 56 116 254 365 411 444 456 476
24 32 177 185 204 254 257 268 419
7 57 85 109 131 173 229 283 495
56 114 124 144 158 159 174 191 494
3 51 54 63 332 373 420 444 446
160 179 180 198 264 285 320 393 449
2 63 131 145 202 240 257 289 404
48 93 94 187 278 318 328 357 360
74 177 210 289 322 382 398 462 468
234 239 275 314 316 354 408 412 438
71 77 84 192 224 225 280 405 417
72 95 100 122 193 230 278 286 442
72 221 270 364 433 453 457 459 478
1 23 89 198 303 311 312 397 441
37 40 73 139 177 306 448 458 485
37 48 66 180 220 282 287 359 496
84 118 248 269 308 397 429 461 491
81 152 156 183 302 303 327 415 480
4 81 84 197 280 303 325 333 444
5 35 50 104 230 232 253 462 489
31 78 125 167 242 262 274 368 417
59 93 208 305 329 344 403 434 476
40 180 241 280 346 380 464 482 484
50 98 126 137 157 161 258 360 486
7 10 82 115 170 331 361 378 410
71 94 109 158 195 235 376 400 479
68 149 183 221 222 227 265 362 491
39 47 87 108 215 318 388 414 452
40 235 236 289 350 369 465 474 486
149 253 270 387 421 428 441 447 492
106 156 157 232 254 318 426 451 463
118 148 208 211 229 262 299 405 487
13 48 123 195 302 305 338 409 414
22 31 53 180 190 292 311 372 390
107 131 244 250 308 316 473 486 492
2 95 98 102 170 200 336 396 410
14 26 63 80 101 198 246 353 441
2 55 76 136 191 318 460 473 491
46 73 222 289 293 326 397 403 408
73 118 239 306 365 366 432 481 487
25 27 122 133 140 233 256 331 359
60 138 169 182 285 300 461 462 485
21 55 148 223 231 234 272 287 413
51 127 129 319 356 381 393 399 425
169 198 220 395 403 429 432 462 464
52 129 171 184 231 276 329 371 476
6 49 71 79 91 189 313 358 428
6 10 104 173 194 198 296 362 379
37 60 101 184 214 310 340 344 490
32 199 307 308 354 369 424 474 486
28 59 62 84 123 168 222 263 433
13 48 128 149 158 169 372 376 455
67 147 228 235 245 252 298 356 499
12 63 247 276 301 318 417 443 445
193 248 283 332 362 485 490 496 497
134 188 190 220 307 367 378 402 460
119 159 341 380 384 401 421 451 460
48 169 265 321 332 368 389 433 436
7 19 68 146 281 339 417 448 473
19 29 52 163 164 211 236 244 369
68 106 249 261 357 384 386 470 471
0 41 331 346 357 359 369 411 448
2 49 65 68 75 244 308 362 474
61 107 119 121 152 248 326 357 359
87 91 115 134 258 310 368 395 471
22 35 93 165 275 277 287 304 334
81 95 102 166 279 286 351 358 362
44 61 123 144 383 392 402 433 457
10 18 70 126 140 175 276 288 499
30 81 110 171 176 189 363 419 475
64 201 274 289 293 312 340 405 491
136 175 180 190 217 262 272 300 316
41 83 104 198 273 411 454 475 484
41 67 189 242 246 250 251 268 415
32 73 88 277 333 365 377 400 420
2 4 8 81 224 255 257 425 432
32 43 58 244 246 309 359 383 491
81 92 98 104 188 211 254 340 384
26 85 190 196 216 228 241 380 459
22 165 186 256 296 310 402 436 496
15 61 74 96 195 239 314 382 392
6 17 34 247 301 315 420 435 449
106 270 302 347 372 379 415 416 468
95 126 136 188 227 234 308 421 497
2 16 43 133 137 155 179 277 338
39 43 48 365 419 434 464 469 477
4 36 97 179 282 362 389 411 462
63 157 205 315 447 457 473 491 492
150 264 275 318 326 341 385 481 486
48 141 309 413 420 456 467 485 498
63 231 252 269 279 307 318 416 482
35 97 304 449 454 474 484 485 495
12 80 122 147 289 338 339 352 435
25 63 153 179 254 344 380 400 408
46 63 104 110 115 186 335 355 495
104 215 385 405 407 410 429 431 455
30 130 164 176 178 193 220 231 428
38 61 217 236 254 267 354 385 477
26 77 242 273 313 343 363 364 383
71 73 95 131 157 192 229 300 453
69 100 246 343 404 424 449 462 484
51 66 88 208 225 231 283 291 439
23 45 120 130 159 182 225 255 344
108 261 293 310 311 365 387 437 493
12 166 178 230 233 319 470 475 480
136 219 221 257 271 291 332 487 491
35 85 134 155 169 222 283 325 433
0 135 137 234 298 320 360 375 482
175 265 269 320 337 374 406 428 468
23 83 97 104 138 149 168 208 290
9 41 114 202 333 358 376 404 430
8 10 32 184 198 345 426 442 447
10 45 74 144 163 232 330 347 421
4 35 49 115 128 202 303 333 336
20 54 117 180 204 242 326 436 488
74 84 117 221 241 249 266 361 481
28 29 86 94 129 350 379 390 399
11 36 121 236 277 281 303 322 421
56 78 108 180 281 327 360 419 494
57 78 166 269 313 363 380 464 483
59 80 97 263 281 315 400 412 486
36 273 283 307 329 381 415 424 450
179 205 233 261 337 352 407 414 479
9 21 25 81 111 165 209 222 378
0 8 230 265 363 437 466 476 479
4 21 28 98 133 240 250 386 494
83 122 124 132 218 252 337 383 396
11 41 148 221 269 294 365 400 416
14 210 351 366 400 414 446 457 479
9 92 133 269 346 363 375 435 464
9 65 67 142 201 236 279 432 449
29 76 138 142 154 243 245 341 356
19 31 84 92 127 252 267 381 385 472
2 44 64 107 295 299 350 355 414 478
25 64 211 234 240 316 345 370 375 432
37 58 84 116 182 393 413 452 453 498
5 138 158 195 209 238 272 305 343 468
123 126 171 172 177 214 223 288 374 389
30 151 241 258 317 340 396 420 480 494
52 62 173 264 273 308 413 433 439 472
8 45 48 55 81 173 228 438 479 493
1 77 135 162 174 186 217 322 349 472
26 66 93 171 216 228 251 259 291 361
24 36 90 140 159 336 414 429 432 452
7 48 79 249 329 362 367 371 435 469
10 76 103 170 189 235 318 375 422 448
111 132 135 169 282 312 329 391 419 491
133 155 179 182 200 220 246 408 416 433
32 51 61 71 255 276 318 419 464 473
0 30 32 128 209 222 247 282 301 303
27 61 69 81 111 152 221 278 435 494
234 249 269 343 362 377 385 409 414 436
11 117 205 225 234 274 283 398 426 481
34 140 159 228 265 322 358 476 485 492
0 16 31 101 151 274 338 386 428 497
22 70 110 214 254 256 267 369 427 461
26 88 99 145 235 330 333 372 400 488
105 106 120 124 275 299 326 396 404 421
20 27 100 272 317 373 397 408 430 460
36 52 59 82 185 275 299 420 482 490
56 75 82 83 90 106 239 326 391 424
27 28 137 218 249 347 351 381 432 445
3 10 14 18 49 208 231 384 434 499
18 35 68 82 216 330 454 459 461 468
3 121 158 244 295 302 306 351 354 490
61 69 81 159 262 292 311 360 408 445
22 202 251 257 357 360 393 419 447 460
30 108 127 143 146 236 338 385 455 484
11 146 169 174 187 201 207 283 329 421
19 150 171 174 178 187 198 238 347 459
72 325 329 380 388 393 394 410 496 497
21 74 211 259 315 347 353 393 401 480
22 35 42 209 230 241 279 314 452 487
40 44 64 66 103 106 119 179 218 391
1 42 97 130 194 219 302 332 335 494
26 114 140 141 207 237 293 398 422 435
8 40 64 93 199 284 334 415 463 478
75 85 185 209 229 250 262 300 325 354
8 34 74 88 184 186 303 326 405 411
107 127 157 167 174 179 258 381 439 495
131 262 268 275 282 283 285 297 374 404
38 138 157 167 192 224 266 302 433 474
37 107 158 180 209 211 229 277 299 445
107 145 207 235 310 321 336 377 410 418
59 124 151 178 211 220 223 382 400 413
49 90 142 192 209 259 270 281 349 360
37 97 141 158 208 231 240 251 406 430
11 14 110 214 301 330 383 393 407 463
57 92 94 104 200 237 252 370 394 416
178 292 329 330 344 352 442 475 481 497
8 30 96 142 231 259 260 315 429 479
19 39 125 130 254 278 280 345 486 498
75 88 119 133 152 250 334 420 444 490
92 94 161 196 208 253 317 329 354 492
24 46 92 184 189 195 238 336 337 348
80 116 135 164 240 327 367 455 464 485
46 94 105 119 231 280 345 350 364 487
22 70 71 145 170 220 255 297 440 455
3 46 70 77 227 268 309 343 415 467
27 28 77 92 104 169 249 272 358 426
93 125 147 187 189 215 337 344 368 375
34 48 99 134 177 200 208 297 341 461
41 55 96 125 202 306 335 455 467 487
102 170 181 187 235 252 259 307 398 466
47 162 180 308 318 371 372 424 454 462
24 100 223 229 273 303 339 384 443 444
22 90 189 215 394 410 430 445 466 497
2 99 155 240 269 282 286 338 351 374
20 25 27 54 84 250 268 314 427 449
165 182 190 197 274 286 327 338 355 380
36 100 193 230 260 301 302 317 367 378
37 106 143 169 286 335 368 370 383 462
32 79 152 205 207 211 304 363 379 401
140 192 259 296 304 335 370 402 410 446
22 63 106 158 237 289 370 387 454 489
157 160 210 223 328 329 374 389 396 470
25 49 60 127 142 288 349 412 467 484
35 90 211 279 300 365 422 455 463 488
144 148 149 174 194 245 287 306 328 338
15 47 59 62 125 181 223 276 431 462
76 217 218 250 255 294 300 329 406 442
29 96 111 149 191 215 226 331 353 388
23 34 71 178 183 307 421 428 435 451
52 102 145 197 214 237 247 287 417 419
21 45 51 128 162 252 319 353 379 436
34 67 89 108 198 296 299 399 441 460
20 37 41 88 96 148 151 168 193 427
32 70 95 157 309 343 387 393 412 482
176 178 201 220 222 239 244 275 447 499
66 88 186 210 214 217 338 363 377 403
28 66 109 144 161 185 337 372 407 460
5 145 190 225 246 269 376 382 439 443
31 138 277 336 363 377 386 404 422 434
18 75 150 196 198 248 257 288 340 363
16 166 201 327 372 414 448 473 485 489
30 41 50 110 114 216 327 445 491 496
105 107 299 312 377 382 397 420 447 490
130 180 194 202 345 389 390 393 429 431
46 108 143 176 214 231 234 235 388 413
33 67 109 118 183 206 324 374 418 421
16 32 40 255 269 300 323 353 384 411
17 148 178 210 269 296 298 403 418 466
20 29 85 160 369 391 418 440 486 488
213 238 258 267 389 414 441 467 479 482
32 57 75 102 140 176 247 283 328 408
36 46 50 107 109 235 286 365 379 480
21 69 78 108 149 214 228 237 440 467
66 102 201 232 273 281 319 376 391 411
5 38 57 71 89 120 150 187 191 251
24 36 195 332 347 393 402 424 437 474
58 120 137 148 313 342 355 413 442 471
17 50 67 204 212 252 347 486 489 498
15 20 31 109 151 156 210 433 447 463 475
62 119 153 170 283 317 346 365 382 437 462
3 113 168 212 291 349 352 353 364 390 475
11 109 119 185 203 220 249 272 338 404 482
13 68 128 206 284 304 351 353 390 442 470
17 57 58 84 135 337 363 414 435 469 490
21 39 103 119 322 328 386 398 432 449 463
15 55 94 190 280 301 337 357 396 400 445
8 66 109 142 150 191 288 359 382 396 468
21 33 120 125 130 187 211 227 282 308 389
0 11 51 112 253 302 356 374 379 388 434
0 19 41 57 150 167 228 303 321 359 475
74 96 138 181 228 248 262 378 393 415 435
13 44 64 81 88 97 153 160 174 328 366
35 37 66 69 104 122 169 185 221 359 425
138 139 144 170 206 226 237 376 443 464 475
48 50 60 132 135 206 221 289 386 415 473
12 59 170 198 217 245 248 257 319 485 492
28 153 186 226 234 255 276 311 398 453 498
100 151 181 193 305 324 337 347 364 378 468
25 85 88 92 119 310 319 321 335 368 376
78 109 115 128 209 252 288 311 374 404 484
53 70 112 134 184 213 263 280 292 391 466
22 36 61 71 95 97 150 158 316 377 493
3 6 7 12 48 102 117 155 159 312 454
66 94 109 121 167 172 196 207 311 339 373
42 51 56 75 160 217 260 303 424 463 492
0 76 148 153 281 365 382 408 448 449 451
98 136 142 219 270 273 298 323 342 439 444
109 112 164 239 283 296 327 337 353 417 485
62 74 102 125 127 175 223 246 322 381 489
77 133 136 201 259 298 308 327 351 390 499
1 65 94 138 227 297 347 358 370 378 389
51 69 91 96 113 160 183 262 368 391 468
102 139 150 166 226 229 280 342 373 414 442
3 29 44 129 144 197 246 283 294 356 422
35 48 109 116 194 340 408 414 424 430 475
47 61 78 135 156 169 232 310 369 401 454
85 98 133 163 194 299 425 434 447 457 465
50 134 188 196 318 326 359 365 372 393 459
49 51 139 191 216 222 333 354 362 366 450
2 53 97 135 208 212 268 378 459 461 493
25 48 83 89 137 146 150 154 170 219 456
76 133 134 159 218 239 351 361 427 472 473
6 11 19 21 135 197 228 264 464 470 493
37 47 54 57 81 127 143 147 162 179 228
38 76 77 89 138 268 296 364 428 479 480
15 178 195 199 202 205 271 401 443 452 454
19 93 160 202 219 240 243 286 298 318 344
52 59 61 66 68 163 193 219 380 389 429
128 130 155 195 236 253 287 322 472 481 496
16 46 47 73 81 103 207 311 399 455 485
17 68 122 152 241 250 281 353 385 403 409
28 31 73 215 233 277 297 331 390 405 486
15 73 219 268 281 310 326 333 338 388 452
38 74 79 130 151 157 197 226 312 427 447
78 171 200 236 244 262 310 339 342 498 499
93 105 115 170 198 405 406 430 452 460 470
59 69 118 183 231 273 384 401 438 472 482
8 41 48 98 102 122 126 131 339 437 499
42 128 130 153 232 254 335 408 419 448 471
44 70 98 121 158 168 221 268 323 329 422
66 146 200 201 211 260 263 283 389 393 451
6 88 137 153 167 194 195 308 379 388 414
16 88 107 112 114 207 380 425 432 438 489
12 36 54 78 81 94 208 235 331 352 419
3 34 42 164 298 317 319 320 362 385 435
62 75 120 121 181 188 231 265 385 442 465
0 15 35 128 141 189 265 325 335 378 479
68 121 130 206 264 275 368 412 438 439 491
66 169 206 303 306 315 320 419 438 439 448
42 93 186 199 200 233 241 341 413 432 448
22 35 36 100 191 197 217 258 387 427 499
18 21 40 250 307 318 346 395 406 431 487
80 119 152 179 208 212 236 244 256 276 496
24 47 50 53 92 123 225 230 242 261 348
35 55 65 83 84 110 167 180 368 398 450
3 17 18 21 76 110 136 186 197 236 490
30 36 43 87 124 275 342 374 411 437 488
37 103 243 251 288 292 294 335 339 425 451
34 106 120 123 147 207 209 212 294 301 358
0 9 18 62 98 112 148 169 330 380 483
18 189 241 316 351 352 363 379 384 402 459
103 121 173 187 212 233 359 365 380 409 478
4 24 39 147 148 150 225 277 315 417 465
55 59 60 143 240 316 412 422 474 479 489
203 208 233 252 279 313 337 361 366 374 462
180 303 322 335 338 340 382 384 423 458 477
43 133 191 253 328 359 373 425 436 448 486
49 112 122 161 177 258 321 324 399 433 455
35 87 97 127 220 228 239 245 319 323 465
83 113 115 118 125 191 334 338 411 441 482
78 138 143 148 218 232 235 250 269 287 457
59 139 151 157 310 313 333 451 454 464 469
19 74 166 248 281 312 325 328 358 366 475
7 68 96 194 221 258 302 368 399 494 495
3 57 72 176 209 222 262 297 412 462 486
84 215 290 296 319 323 350 376 394 475 482
1 22 133 170 206 292 293 301 314 449 494
25 113 119 125 169 281 331 360 364 423 433
9 23 33 111 143 172 194 211 251 345 453
112 118 204 228 231 244 286 328 336 416 451
4 8 23 32 97 109 147 247 371 403 421
80 151 171 177 297 316 329 350 426 430 438
52 122 167 205 314 315 321 341 352 411 461
44 46 47 248 270 288 357 395 436 456 481
4 23 41 121 122 218 228 432 446 481 494
15 46 47 61 132 146 342 412 456 485 492
74 83 97 116 141 308 319 366 398 416 454
11 41 225 281 298 301 303 304 395 398 461
10 58 98 107 112 117 135 302 325 436 452
47 52 59 71 95 178 185 194 351 451 456
23 139 152 249 369 392 396 412 422 424 459
60 83 130 223 302 363 384 403 426 437 450
2 67 99 172 191 199 206 374 449 477 489
19 39 67 97 155 224 273 377 385 446 470
13 33 103 144 164 173 179 295 325 462 474
18 168 182 205 254 257 281 305 383 390 473
71 77 78 144 176 183 247 251 360 381 382
26 28 37 51 93 131 212 264 432 456 485
43 45 156 176 290 294 298 338 390 426 464 490
0 10 40 55 81 225 265 290 400 404 417 421
26 57 63 85 124 170 192 193 195 199 389 444
8 42 103 135 161 185 219 236 318 382 404 441
0 46 88 143 166 264 268 283 344 401 417 428
34 48 96 185 192 213 220 283 332 382 435 464
33 37 39 64 101 158 189 207 215 238 358 407
64 77 104 127 194 246 258 282 301 371 374 422
79 114 142 214 250 268 284 330 359 364 375 378
71 74 88 144 170 232 245 295 396 404 411 489
47 65 87 292 297 319 348 363 413 428 447 459
6 29 58 101 108 115 180 256 302 432 461 481
45 52 58 124 150 175 219 258 345 420 438 489
5 7 105 114 125 134 189 195 199 248 298 459
10 88 193 194 231 255 306 309 393 401 406 435
43 84 120 140 163 205 223 307 373 457 458 466
11 55 57 129 159 165 235 273 283 321 377 493
59 65 66 105 179 227 237 272 305 335 431 438
65 85 145 165 203 261 298 301 357 370 474 476
17 20 57 132 178 226 280 286 385 392 401 411
33 66 100 135 267 336 376 393 398 415 436 473
4 13 110 244 249 325 361 368 373 385 431 474
11 84 94 98 150 180 186 303 345 421 440 467
96 103 110 158 199 226 357 402 439 446 456 458
21 39 78 119 224 229 231 253 308 317 336 458
14 25 38 41 49 113 178 179 246 251 252 495
10 27 41 56 70 110 136 256 305 334 444 454
65 69 110 188 192 242 244 304 428 455 472 491
76 90 173 193 197 220 230 238 265 301 371 480
41 64 98 103 162 213 249 276 296 385 397 418
13 33 61 76 218 219 256 260 392 451 490 492
16 61 73 224 225 230 233 277 326 408 469 477
29 114 144 194 236 241 248 260 311 352 436 437
50 107 127 148 156 167 191 236 279 344 405 455
25 177 201 202 207 219 247 260 306 368 430 449
63 82 131 160 169 206 317 354 356 374 404 421
3 112 198 205 259 318 341 349 360 409 473 483
5 12 25 34 86 110 124 125 274 288 314 320
120 140 173 209 368 405 415 417 425 444 481 483
38 55 66 91 139 162 188 246 303 329 330 430
3 16 82 83 87 103 194 198 229 350 368 423
1 30 39 50 78 121 154 186 229 247 264 470
55 183 215 222 263 328 346 362 411 458 483 494
29 35 51 65 71 226 231 365 424 463 466 473
15 79 96 139 159 193 205 236 237 272 285 303
190 225 226 236 245 273 331 340 397 429 433 491
120 217 224 241 267 306 321 322 333 350 399 454
119 177 245 252 303 359 419 427 451 485 492 497
181 185 271 285 298 300 304 337 356 369 426 481
12 84 91 110 149 186 190 247 323 389 417 460
45 85 90 105 156 193 226 232 275 289 449 458
146 187 239 283 293 326 348 361 378 401 438 463
36 47 57 118 154 201 295 318 335 394 412 438
36 72 73 140 237 295 307 317 323 328 437 468
43 64 143 155 204 211 216 221 243 276 290 392
0 8 63 112 114 153 228 265 347 361 438 467
8 56 60 63 93 113 127 178 240 244 299 425
21 63 138 169 197 258 278 292 366 411 459 490
45 76 87 91 116 143 184 219 227 236 289 290
149 199 222 280 322 328 335 340 363 368 406 410
85 131 181 213 280 345 367 383 388 422 437 442
30 209 220 266 283 300 343 383 402 444 452 495
47 115 125 166 220 224 252 276 295 297 395 466
48 57 59 69 131 133 249 256 335 395 474 488
34 51 61 96 124 197 206 332 335 364 435 450
1 8 45 67 91 119 153 242 262 272 406 443
94 113 153 157 219 234 276 321 338 426 435 488
29 151 170 178 198 201 268 333 346 367 475 493
20 65 180 238 245 313 370 408 413 414 449 456
108 117 138 139 187 251 266 328 329 389 417 473
27 66 86 136 185 188 376 382 395 413 422 499
51 91 129 232 249 300 320 333 345 348 355 435
36 49 51 56 215 234 265 274 349 355 445 468
31 37 77 157 173 309 311 338 340 402 415 497
35 281 310 333 346 410 420 429 471 475 485 489
4 89 104 136 220 252 278 280 298 353 465 478
62 65 102 212 241 249 273 297 305 311 444 474
8 57 76 96 100 206 335 356 372 373 409 458
23 29 80 106 127 159 258 290 331 332 348 419
1 42 117 158 190 242 277 306 341 359 411 470
142 175 257 273 295 343 351 388 400 424 432 498
2 11 47 59 177 223 328 353 417 432 497 498
149 225 259 272 329 379 399 409 448 449 481 490
11 16 60 62 81 193 208 238 258 340 346 390
47 94 174 184 252 256 304 326 346 459 464 477
133 153 169 175 180 196 248 258 307 328 343 412
82 92 133 199 246 261 279 324 374 402 407 423
107 136 183 207 221 255 279 326 333 383 395 428
24 60 118 127 131 260 395 398 410 447 452 470
16 44 141 157 177 196 209 230 307 347 439 447
11 67 120 136 142 149 157 370 386 443 469 482
47 68 86 115 135 261 301 321 357 381 410 484
48 55 70 87 183 343 383 386 412 416 432 469
40 138 146 171 225 250 280 311 332 410 417 499
65 97 106 158 211 238 263 265 302 357 382 471
4 92 144 218 221 244 276 309 388 473 483 488
14 17 72 106 191 197 233 249 263 293 356 379
4 22 31 87 143 147 157 196 237 255 314 485
84 85 117 155 213 324 383 416 427 459 475 486
88 95 143 172 286 294 318 361 373 376 411 476
64 277 284 302 321 382 416 426 430 476 483 498
73 81 89 284 367 389 390 396 448 457 465 494
14 40 153 156 216 232 234 247 273 290 359 490
63 158 181 195 201 225 264 279 317 319 322 458
51 59 107 128 136 246 259 315 317 371 404 409
29 64 83 88 114 264 316 342 344 350 444 451
50 76 152 309 311 323 396 401 440 450 453 493
151 176 344 348 363 377 379 384 402 410 449 474
14 27 40 64 126 135 231 250 352 407 420 426
30 138 168 207 233 234 273 339 391 415 417 418
18 47 106 129 160 165 225 250 252 256 314 359
75 118 138 210 235 245 291 299 313 432 486 496
46 94 238 239 253 273 406 413 422 433 448 471
27 46 113 135 167 208 229 247 300 390 396 477
113 202 227 304 324 341 358 361 411 430 457 479
115 147 185 224 256 261 308 365 392 441 457 493
6 36 50 108 185 212 342 373 382 421 431 443
38 47 60 92 203 262 269 281 376 407 456 484
9 25 164 169 199 280 381 393 397 404 432 454
12 28 99 111 122 252 266 271 275 308 409 423
102 119 149 175 214 362 379 432 435 481 485 493 497
78 90 197 201 206 303 329 388 394 407 436 456 460
14 16 52 63 179 224 239 277 305 364 472 474 482
13 50 118 179 227 251 318 345 368 392 441 442 499
95 133 148 161 167 178 190 241 250 383 395 451 490
6 31 37 108 117 162 196 249 314 331 342 473 492
62 69 106 168 189 213 214 241 256 260 376 422 437
53 85 112 151 181 190 200 216 277 282 308 349 487
4 13 14 80 175 227 366 369 376 387 408 455 472
9 27 39 48 57 74 87 132 171 200 207 280 360
12 29 56 66 162 191 285 334 383 411 440 452 454
21 24 40 50 61 70 86 318 320 338 345 381 444
21 104 179 183 189 281 372 373 394 417 476 482 497
24 28 69 174 235 243 244 252 256 324 345 381 449
17 93 145 194 201 230 232 237 326 338 414 426 468
103 234 236 240 285 315 354 388 404 428 437 459 489
22 36 38 116 136 156 208 283 308 330 421 423 425
2 55 180 230 240 258 265 327 341 356 443 474 490
27 38 67 86 149 204 228 245 282 292 390 462 493
6 33 38 39 91 122 149 215 270 325 398 423 463
117 153 169 227 263 269 277 418 430 476 477 480 499
72 89 102 138 192 198 328 372 413 425 430 463 484
58 61 93 94 104 125 126 135 183 308 322 427 438
4 41 50 82 129 158 162 188 198 299 332 362 424
14 69 101 117 118 125 148 305 324 334 408 446 464
9 32 83 111 192 233 301 311 313 331 367 415 493
9 72 200 213 214 251 285 405 427 481 482 490 493
48 56 66 93 121 124 212 327 329 366 373 383 462
21 70 74 113 152 175 197 212 246 248 287 394 437
38 57 68 103 119 177 208 326 332 354 402 482 483
1 18 138 199 264 278 330 360 368 369 438 466 479
29 67 165 178 184 214 216 223 251 264 304 380 415
69 120 141 145 170 190 226 233 270 315 328 378 384
132 140 163 165 257 272 310 337 338 360 384 397 438
25 47 49 54 201 213 227 258 423 427 449 467 479
55 69 145 180 216 256 277 331 452 456 459 475 482
58 131 146 161 184 213 214 380 381 391 430 433 487
87 92 93 141 181 294 349 351 370 393 438 469 475
124 171 209 213 219 224 258 272 280 356 406 433 480
17 30 76 195 235 252 288 366 407 420 447 462 475
9 10 30 102 138 198 316 340 343 358 416 430 466
69 149 190 199 212 227 256 277 305 343 399 423 441
66 85 88 104 114 123 124 190 249 259 292 409 448
93 100 140 144 148 161 192 220 255 273 311 440 446
17 34 72 149 206 230 264 311 343 347 357 455 480
13 17 62 137 202 224 309 385 388 397 419 461 482
51 150 270 271 296 298 389 414 417 451 469 477 498
4 17 57 81 138 152 239 296 377 407 443 449 460
16 35 74 112 139 143 146 192 289 314 364 400 449
11 63 102 113 121 134 199 235 349 356 369 376 471
107 217 224 233 288 294 295 304 327 364 442 475 480
4 21 26 144 253 260 300 399 433 448 451 465 487
7 16 17 30 88 127 153 232 352 368 397 415 457
47 95 213 219 271 273 277 360 403 416 426 470 480
8 66 134 135 166 212 230 261 312 361 475 491 493
16 39 137 196 197 207 220 252 340 412 442 448 462
20 76 128 132 195 251 280 289 295 344 363 434 460
75 126 144 161 165 189 229 298 314 331 362 424 457
106 113 146 158 160 172 217 220 231 246 265 372 379
66 67 97 99 145 161 192 235 259 291 409 420 468
20 75 76 159 165 245 321 337 338 364 395 404 456
29 160 199 244 287 314 315 371 413 432 464 472 496
26 35 120 129 242 327 333 377 404 443 453 455 482
1 21 45 79 84 101 164 226 261 311 323 326 380
18 27 55 62 120 166 205 303 313 333 361 429 492
13 65 101 129 134 168 175 187 301 397 422 460 494
13 126 134 187 191 212 222 373 383 400 443 449 469
4 91 110 119 127 169 250 296 309 316 388 406 470
4 34 73 79 83 125 166 213 254 265 293 383 480
14 121 145 177 209 261 272 308 327 352 362 449 486
17 44 47 60 78 125 163 185 211 250 264 323 363
19 79 180 205 228 233 325 330 345 391 397 410 456
13 25 33 36 179 221 226 283 342 361 377 473 488
1 28 116 175 185 265 315 369 403 471 483 484 487
91 107 142 159 164 190 206 333 365 417 429 441 452
141 165 218 244 260 264 281 331 362 394 400 437 493
18 115 203 215 245 257 285 301 338 354 371 397 445
70 112 200 227 252 275 292 311 343 365 411 442 451
33 64 76 96 98 167 251 303 383 386 432 461 482
31 242 251 319 341 345 402 403 411 421 426 460 477
53 64 75 81 92 94 109 171 175 204 289 333 366
1 21 67 96 99 117 129 164 165 250 343 373 460
40 52 114 159 161 180 186 236 311 342 362 382 489
19 49 159 196 229 248 293 347 376 402 418 452 478
6 31 41 87 106 137 155 281 318 338 346 386 489
13 25 61 77 131 157 230 291 351 355 392 399 496
41 51 61 66 71 89 124 165 282 335 395 400 408
12 128 272 282 291 354 362 365 371 386 428 468 471
16 132 133 185 200 239 290 295 406 427 430 433 436
4 11 13 18 25 78 91 98 150 240 290 430 451
28 42 64 102 104 174 189 200 297 358 364 401 481
12 20 59 160 164 168 306 337 397 424 454 460 485
3 23 55 131 191 201 251 338 360 420 451 465 476
28 54 139 147 187 264 314 367 399 402 447 465 490
25 47 116 137 143 175 263 294 348 421 458 463 482
8 35 101 117 127 149 204 205 220 379 413 452 469
2 16 17 166 182 187 196 246 284 387 392 460 474
15 21 130 135 168 190 320 325 368 369 381 475 487
21 51 70 83 98 108 123 272 314 403 449 452 472
6 115 121 142 164 178 182 206 367 405 409 438 480
9 76 84 95 203 224 247 263 268 366 436 447 478
17 22 37 204 235 269 273 278 282 313 334 431 488
17 25 37 38 159 177 223 277 294 416 429 446 491
5 28 60 68 88 95 250 295 346 349 363 367 384
114 127 131 132 170 193 212 238 449 480 487 494 495
2 12 35 100 110 149 195 196 203 353 354 365 384
23 43 47 72 82 236 253 260 292 322 424 434 480
34 62 142 214 244 287 357 396 401 417 419 453 498
61 84 105 211 216 229 236 289 358 390 443 497 499
50 150 181 209 265 268 282 288 323 386 411 450 461
13 40 52 118 141 237 270 277 280 310 331 394 417
9 21 79 118 139 195 224 341 356 360 437 455 469
57 113 133 213 259 265 296 372 387 406 411 427 446
1 17 35 52 73 133 371 380 395 411 414 432 443
73 132 139 143 176 276 306 308 318 394 414 430 432
24 123 140 160 161 164 167 281 297 325 340 365 472
48 76 92 96 149 161 181 215 254 283 297 322 421
48 243 256 263 336 337 341 349 358 360 390 435 494
20 27 65 131 166 194 249 260 304 305 336 342 472
160 161 173 217 231 238 257 275 305 322 354 409 444
46 48 62 152 232 278 328 338 367 402 437 442 448 473
89 98 121 150 160 214 224 227 240 356 415 430 452 463
72 78 85 139 172 262 283 289 313 370 377 389 430 479
7 21 26 92 202 220 254 261 331 347 370 378 426 440
6 25 38 98 112 185 201 252 289 326 340 361 400 407
44 47 62 186 222 251 295 298 304 324 327 360 363 397
5 63 104 117 143 157 203 227 229 241 279 370 398 487
1 29 38 65 129 187 281 341 362 374 396 403 430 499
0 93 114 140 156 162 180 195 199 276 296 320 354 444
72 80 86 195 263 266 309 321 376 378 388 407 408 496
25 29 39 42 197 288 290 305 324 365 367 380 406 414
33 47 85 88 93 120 174 205 242 284 391 415 436 468
6 8 81 140 144 174 201 215 237 366 406 412 424 451
2 18 45 127 140 157 171 194 198 267 270 353 368 457
0 30 46 186 189 221 228 289 290 299 394 441 443 485
74 77 200 217 228 242 257 261 271 282 329 377 432 459
13 20 69 77 129 140 284 291 312 405 446 492 494 495
117 119 121 139 155 163 184 235 287 316 329 390 434 483
38 48 52 128 199 240 298 299 303 366 381 473 474 491
15 95 105 173 202 221 232 281 301 303 312 341 374 394
89 118 199 219 232 237 271 284 328 374 410 419 461 487
30 32 45 60 80 207 254 262 270 296 445 448 459 465
38 39 53 84 114 161 178 227 261 271 422 476 496 499
7 27 33 116 138 162 175 207 251 294 325 336 354 481
8 69 126 143 186 256 274 280 322 337 358 396 432 444
26 38 43 61 91 99 245 251 270 294 318 475 478 481
98 110 111 157 174 300 340 351 359 376 408 426 476 482
100 149 176 255 264 274 311 319 320 325 361 375 466 481
36 100 129 158 188 214 242 245 293 327 372 375 403 495
11 38 39 49 62 83 109 116 146 206 232 256 263 476
23 31 56 75 101 220 290 357 405 422 432 438 484 497
72 125 211 299 338 374 376 383 410 413 415 458 476 485
8 102 105 152 173 215 224 238 256 266 308 344 440 468
22 32 44 67 70 159 200 237 275 317 424 428 439 498
69 86 125 150 151 178 186 225 291 310 381 430 484 486
31 32 91 100 169 182 199 300 323 325 369 399 438 499
125 149 150 186 236 301 310 312 372 374 393 397 433 439
14 46 99 112 179 206 226 282 329 331 356 386 423 446
5 7 39 47 62 191 196 224 259 274 353 368 413 473
50 66 127 166 175 183 270 321 327 337 344 358 379 444
16 36 47 134 139 159 174 184 242 254 385 402 475 494
75 96 142 201 306 313 315 369 393 418 439 447 452 494
20 21 62 90 113 180 251 283 298 300 392 422 465 498
2 14 17 20 43 88 130 223 244 276 320 373 437 455
67 149 185 281 375 383 402 441 443 445 478 479 486 490
0 4 24 49 52 71 115 173 216 228 248 350 435 464
0 15 81 87 114 115 126 213 222 229 279 293 303 346
27 101 131 155 176 198 242 243 300 326 347 352 422 437
9 12 51 66 115 143 175 194 296 305 367 401 451 487
46 95 111 117 142 144 237 239 255 287 418 429 455 478
42 86 91 106 206 215 225 298 335 336 351 357 420 499
35 66 71 100 104 157 203 252 263 270 342 416 437 443
55 72 140 187 193 195 327 393 394 397 465 466 467 496
41 53 123 152 208 298 343 420 428 454 459 482 486 487
5 11 28 140 152 179 252 253 269 283 400 416 427 469
43 44 83 113 139 170 173 227 292 327 347 348 356 498
26 28 36 105 164 168 182 219 231 256 276 277 307 315
28 48 136 163 165 168 180 189 194 290 332 334 395 431
4 9 94 115 121 176 190 206 249 272 277 279 435 493
32 41 51 119 155 181 194 228 311 334 359 377 390 464
4 12 94 119 183 184 215 344 376 382 449 474 494 495
12 29 71 82 110 131 167 217 242 268 277 309 380 417
60 89 98 154 171 172 184 205 219 231 244 302 384 470
10 38 63 106 167 202 230 306 344 366 387 407 430 479
8 15 76 101 121 200 201 207 237 321 384 394 399 456
119 121 142 145 194 211 216 276 327 344 407 448 464 496
6 7 8 129 198 201 245 251 289 357 428 448 466 474
17 50 57 75 139 222 249 268 283 299 349 380 413 441
1 42 98 114 167 177 256 257 263 279 302 377 432 460
84 143 193 198 221 224 231 267 290 303 348 364 386 424
92 99 154 182 185 188 204 255 258 260 292 321 411 478
12 15 41 62 70 98 132 202 276 303 310 348 362 492
32 85 127 155 161 199 204 207 211 229 298 339 371 445
26 74 119 158 199 211 219 243 259 274 334 352 426 453
127 135 153 158 185 254 297 324 348 372 378 392 419 477
5 141 143 175 215 247 310 320 435 441 449 452 458 467
108 123 141 171 191 230 246 283 284 358 396 426 451 481
32 39 67 78 134 189 215 372 434 438 446 462 482 499
28 89 172 179 204 213 245 291 302 304 326 416 422 449
31 56 108 138 248 277 299 311 331 354 370 387 460 489
135 143 174 184 185 230 321 329 334 345 395 446 489 490
83 156 157 161 188 196 225 330 343 358 399 434 460 461
107 153 192 221 253 286 313 333 343 398 410 417 449 499
18 84 120 140 168 197 220 240 253 267 299 357 413 428
8 32 111 116 152 156 158 164 260 263 322 391 413 421
33 176 197 219 261 275 280 287 331 334 348 384 407 409
13 62 91 179 188 195 202 267 311 329 397 404 451 452
24 30 88 93 137 153 159 171 210 243 422 437 457 464
16 51 58 99 104 245 280 307 313 337 350 434 447 480
25 45 63 111 220 268 300 309 333 389 418 430 477 494
47 48 66 88 107 153 183 212 230 259 293 294 340 439
191 214 216 247 272 288 333 344 360 373 421 440 453 498
60 177 255 261 303 308 351 366 374 386 417 438 453 473
6 11 39 50 68 87 92 107 175 239 314 382 387 398
98 122 213 235 272 323 355 356 370 371 406 423 445 453
112 144 166 168 187 188 197 215 280 293 359 419 429 435
48 77 98 126 140 195 196 201 278 349 397 398 451 470
10 57 91 127 138 231 243 341 343 375 403 434 461 465
22 80 108 114 115 123 147 170 240 259 267 284 326 398
12 41 126 167 181 259 300 375 388 389 391 447 458 493
5 25 47 58 107 117 212 229 270 284 306 311 454 474 481
43 44 52 60 121 153 197 240 274 278 306 318 379 437 473
19 32 58 170 172 196 199 204 207 215 229 306 330 339 346
23 84 262 275 279 299 309 328 360 362 371 402 432 483 484
7 14 63 68 91 131 173 198 266 285 312 316 351 458 487
5 21 131 135 151 164 263 268 275 286 297 387 433 444 474
11 51 59 84 89 119 199 209 277 295 303 320 339 466 469
18 30 70 79 170 186 199 233 276 297 308 334 339 434 459
5 28 43 58 77 161 175 246 280 336 354 372 470 472 478
7 18 39 239 267 277 301 335 347 366 378 406 422 477 495
19 20 84 173 184 195 211 304 307 326 365 409 427 448 487
7 13 39 79 118 138 148 168 176 302 338 359 415 460 480
20 57 60 67 78 103 110 212 259 290 333 340 411 416 466
9 22 63 84 89 108 147 195 244 295 316 426 427 485 498
8 37 78 89 102 105 116 147 211 424 439 442 452 455 490
74 84 89 100 101 146 223 248 267 268 273 305 329 404 469
39 59 85 93 118 128 161 163 166 242 263 307 309 337 473
24 47 104 137 150 238 281 289 296 378 381 433 455 459 491
10 30 116 127 159 193 197 201 299 351 370 377 388 489 499
4 33 53 78 99 111 130 132 145 151 212 229 246 328 459
4 122 142 166 185 205 218 258 295 306 320 325 347 456 480
39 45 115 122 141 153 162 186 189 226 319 326 347 395 493
21 49 90 146 147 195 292 294 298 303 309 311 322 373 400
30 34 37 93 164 188 260 262 270 332 357 361 366 447 459
20 29 71 93 98 128 212 234 293 297 312 356 395 406 478
8 30 39 57 102 121 139 150 175 241 258 354 366 418 463
17 30 45 92 93 105 151 238 344 345 347 401 410 455 467
113 118 120 177 212 250 252 262 304 334 382 400 438 449 463
46 63 92 130 176 203 211 244 311 348 356 403 406 419 423
40 46 50 81 191 194 197 224 225 235 274 283 332 493 497
16 54 187 193 204 209 238 251 304 306 373 375 384 442 446
18 52 71 75 109 263 337 341 363 394 399 419 431 451 462
33 72 142 163 209 244 259 291 333 415 423 427 456 467 499
45 59 64 101 128 246 250 274 282 283 299 307 357 442 481
5 9 34 54 91 222 283 341 361 379 400 404 405 408 476
9 17 82 83 95 96 218 224 228 243 259 312 332 346 396
63 80 97 103 115 118 139 144 156 164 187 252 254 433 462
16 79 90 115 134 173 227 313 338 340 348 376 458 460 497
44 50 71 123 132 188 201 258 270 288 297 395 411 447 489
31 49 101 119 120 143 164 172 188 260 276 309 369 380 404
13 73 155 156 210 221 253 264 283 301 351 367 381 389 462
150 159 190 233 253 261 272 312 351 402 406 448 454 455 491
2 14 24 41 72 96 116 158 222 230 245 255 267 310 325
15 45 72 140 146 164 187 200 212 236 293 321 327 387 439
63 69 116 124 307 314 347 351 380 398 419 453 466 476 491
25 51 69 107 121 133 146 152 192 223 276 342 369 403 443
1 25 27 82 94 107 143 207 226 237 261 294 340 406 433
18 20 25 52 61 249 313 324 327 378 432 441 455 461 487
81 113 151 166 174 201 226 277 288 298 319 445 474 479 488
6 51 53 95 228 250 291 319 347 375 376 403 406 407 488
44 64 68 113 241 242 247 269 285 298 347 424 445 459 472
26 76 118 135 136 228 232 238 292 311 313 367 384 394 453
11 26 79 82 114 162 194 207 274 279 318 321 421 426 487
74 83 94 167 182 189 211 240 255 262 270 282 382 409 475
78 79 92 95 104 152 221 226 244 261 291 299 318 407 431
5 21 28 41 82 142 202 203 224 262 265 268 285 344 436
22 71 84 94 117 122 174 218 219 255 258 313 379 381 481
35 61 73 91 94 118 120 141 193 207 266 312 433 450 499
20 49 55 219 226 246 294 301 329 383 393 395 425 458 462
22 60 75 87 122 142 228 241 257 313 314 322 353 377 415
10 32 72 90 119 130 184 230 292 362 387 392 401 423 470
1 43 54 126 147 163 169 175 255 266 325 353 369 392 423
20 22 30 45 73 97 127 138 193 210 332 377 387 426 484
4 24 26 29 34 44 72 102 120 126 243 295 325 402 456
39 55 78 143 198 261 312 371 373 385 432 456 462 467 473
4 7 183 221 241 243 285 292 309 401 404 421 446 473 483
33 60 104 128 133 155 167 187 309 339 356 375 392 419 463
2 62 75 123 139 145 275 314 373 384 390 394 413 440 497
147 166 199 206 210 228 247 264 320 387 423 424 451 485 486
9 118 157 164 277 312 316 324 335 362 378 418 482 489 499
18 43 106 126 134 148 158 201 215 227 253 367 407 451 487
7 71 121 139 150 170 219 273 366 402 433 487 493 497 498
47 54 60 76 228 279 282 295 300 310 386 398 431 492 498
97 149 154 164 177 183 216 266 290 308 390 430 445 478 493
85 98 126 191 261 296 308 317 331 348 374 389 424 458 463
110 115 204 211 223 225 230 319 323 331 395 398 494 495 496
2 6 29 93 219 229 250 273 297 302 343 387 409 422 436
0 25 29 101 259 263 264 268 321 369 375 428 459 475 497
26 72 111 165 182 228 301 306 350 387 395 437 477 495 496
41 65 112 142 148 152 200 203 218 273 347 356 424 433 453
2 16 64 66 135 143 183 278 297 343 368 385 403 463 475
6 52 107 109 136 140 150 156 161 297 306 336 355 454 495
17 78 210 220 226 245 249 268 286 344 401 431 440 479 497
207 208 211 224 242 264 268 369 406 413 420 423 440 480 493
19 21 32 45 70 185 287 307 313 317 362 411 413 435 472
103 112 183 261 282 284 304 316 353 360 366 387 411 450 496
29 123 216 225 236 253 282 297 301 309 345 372 384 425 451
58 59 99 137 175 216 227 243 275 316 327 417 477 480 497
0 72 101 110 132 137 169 187 212 293 308 327 404 423 494
27 34 51 55 84 191 196 209 219 287 384 388 430 442 474
19 64 110 203 204 214 252 257 320 332 423 460 476 477 484
8 12 22 36 37 130 199 209 211 213 261 293 413 420 494
10 11 91 124 223 311 318 356 371 388 409 461 478 494 497
110 149 161 188 199 207 208 211 223 325 345 350 430 434 472
41 48 53 58 60 69 197 220 240 284 304 326 421 437 456
104 133 149 201 205 214 220 255 337 344 348 428 445 452 475
10 43 48 103 176 204 209 236 252 334 369 391 396 457 489
47 54 90 166 204 216 315 321 350 367 369 429 453 457 463
107 133 146 166 172 183 189 221 241 281 348 399 436 452 469
10 106 145 175 183 275 292 312 389 407 410 423 449 482 486
23 32 55 65 100 106 137 141 160 194 206 245 265 336 343 397
8 16 18 34 42 67 106 155 161 227 289 297 351 402 438 456
10 32 69 93 101 119 145 207 266 282 360 369 383 451 453 463
63 89 163 164 174 190 191 214 241 262 286 288 367 380 434 467
35 61 107 129 136 170 203 224 229 251 254 388 414 462 463 489
18 43 70 118 121 124 131 164 220 231 284 327 348 371 391 405
12 63 123 139 165 169 233 341 370 380 390 394 429 444 461 462
38 39 41 46 72 97 112 119 123 124 194 223 282 297 316 480
34 35 45 107 134 156 187 223 265 287 305 306 407 446 479 484
4 62 76 101 192 219 298 341 357 380 402 406 418 480 491 495
101 115 123 146 176 184 213 233 285 298 344 353 356 394 397 460
19 92 142 151 180 181 205 245 282 286 315 412 441 453 454 466
14 19 20 25 32 69 107 168 215 220 244 250 258 327 338 492
13 23 24 39 62 77 93 148 193 197 254 259 263 342 413 460
39 88 91 101 137 208 232 263 327 360 391 394 396 409 423 443
13 52 93 103 114 130 133 238 240 289 295 301 304 343 366 387
20 33 37 67 89 104 130 196 224 273 307 311 379 451 466 495
0 8 14 16 49 70 73 92 171 216 221 241 298 447 483 496
40 50 82 102 111 159 185 236 261 369 402 416 445 458 484 492
34 49 51 71 77 82 156 161 184 235 269 349 385 439 464 476
88 117 143 146 176 210 285 303 352 367 398 424 437 451 476 498
18 35 48 51 53 96 114 128 246 280 375 393 414 437 481 487
25 37 130 142 148 151 179 189 195 208 312 323 371 397 422 488
36 40 87 118 125 169 194 214 223 232 237 319 329 420 437 457
38 83 129 137 279 324 358 382 398 399 424 428 454 470 483 491
10 63 95 104 132 158 221 234 264 293 305 315 322 350 358 456
11 16 17 19 20 52 74 103 124 194 222 223 238 271 383 394
38 51 104 112 128 147 160 341 381 390 420 441 448 456 464 478
23 40 54 94 109 111 115 119 224 239 291 347 352 387 406 421
9 36 59 107 162 166 168 174 239 255 278 290 291 295 367 426
42 55 104 122 132 144 198 200 217 225 242 255 359 391 423 433
16 70 238 293 313 315 337 369 379 405 419 438 444 479 480 492
22 41 43 136 138 145 153 170 248 339 367 387 406 425 427 472
20 22 23 156 176 201 220 287 328 345 346 387 393 439 448 499
7 42 48 171 192 233 303 308 309 323 345 369 381 390 398 414
1 73 152 159 165 169 172 194 198 255 263 293 360 443 458 476
10 14 101 111 114 116 166 178 183 233 266 305 351 355 371 491
23 92 136 139 144 160 246 265 289 299 317 340 395 428 469 491
73 113 137 210 298 313 315 327 346 356 430 439 471 481 495 499
34 144 169 182 191 214 232 250 258 259 317 323 332 397 419 435
51 83 112 122 139 170 182 211 247 253 306 365 433 447 470 498
37 98 150 168 251 277 278 316 409 423 445 454 463 471 478 487
37 108 152 153 156 301 314 390 393 409 410 428 451 467 489 493
43 44 61 66 70 108 152 187 244 346 348 367 373 412 442 481
47 120 179 199 226 267 297 334 338 362 367 382 384 456 497 499
2 51 68 109 176 210 223 243 266 269 270 295 418 448 451 474
20 41 50 116 117 158 200 217 261 286 292 361 379 385 476 482
1 36 39 121 185 216 225 226 261 288 291 305 315 325 366 426
2 14 20 26 47 114 141 183 191 196 229 259 261 412 421 435
23 24 28 55 81 101 173 239 264 272 284 344 346 362 452 490
20 62 74 78 88 254 258 266 293 303 317 357 361 374 390 498
48 99 183 266 286 292 298 363 372 392 417 461 465 479 481 492
3 14 73 134 164 198 266 274 276 294 300 403 411 424 474 497
26 68 78 83 87 94 99 235 261 267 290 293 325 343 386 429
32 33 56 146 157 176 235 246 326 342 346 400 401 404 442 464
12 41 197 210 214 223 233 255 271 277 279 280 281 305 334 391
55 80 98 156 229 230 236 248 268 310 345 346 429 435 493 499
58 80 92 178 179 239 252 316 386 393 397 422 463 480 488 498
13 24 63 68 87 189 259 269 302 310 354 365 431 432 464 494
2 26 54 60 200 231 242 273 274 281 319 385 402 414 444 474
25 28 31 44 79 151 179 222 247 257 262 322 337 412 429 476
44 47 48 95 139 148 171 195 243 267 270 276 326 333 377 381
23 35 70 102 171 215 250 283 315 333 340 346 389 451 452 455
20 50 98 103 138 151 163 173 180 214 279 322 337 339 364 480
49 73 77 132 152 173 176 199 265 279 292 328 382 388 390 414
10 81 87 106 117 143 155 159 187 188 193 258 286 390 445 464
28 48 150 273 279 296 298 320 324 338 352 371 375 381 466 482
1 128 135 146 148 180 215 223 241 254 269 272 279 308 364 459
29 43 57 99 116 126 145 188 225 238 241 336 434 472 475 485
28 71 75 198 208 231 283 329 333 366 377 411 422 423 437 492
67 71 132 160 165 213 254 296 318 333 337 393 427 455 466 478
13 47 50 88 98 102 172 179 258 264 282 303 405 423 439 440
25 34 37 49 53 95 111 163 176 186 300 311 363 396 468 471
115 121 143 186 229 254 255 257 271 285 286 290 354 412 494 499
27 112 140 200 241 265 268 293 305 311 321 411 414 443 472 478
45 59 159 210 229 251 269 289 330 347 355 361 397 409 423 429
39 47 54 57 75 96 109 173 225 233 272 274 297 320 433 474
27 69 90 132 141 169 198 204 234 256 283 320 349 428 444 481
55 115 133 140 145 190 191 204 212 232 278 296 324 363 374 484
3 53 86 113 119 200 270 295 301 302 307 385 391 461 468 471
97 105 113 125 128 132 161 167 176 181 196 219 297 342 419 427
21 52 88 117 186 191 195 206 233 255 256 296 317 320 375 413
14 18 82 98 126 155 189 207 317 336 341 371 392 412 489 491
1 38 47 50 104 130 153 176 254 299 306 340 360 426 452 469
10 26 40 46 74 85 118 156 213 247 253 317 374 433 437 495
0 60 71 74 80 85 115 148 186 213 274 320 352 404 456 474
98 100 108 146 157 192 203 208 213 249 307 326 431 462 472 473
17 29 59 96 120 122 177 186 227 264 274 299 432 442 466 497
88 153 167 193 219 255 261 267 282 296 363 371 439 451 463 479
31 169 234 260 265 298 306 314 366 390 420 427 451 458 471 484
11 79 141 144 146 180 199 212 250 325 412 421 440 445 453 454
50 52 67 123 176 213 224 241 274 310 328 376 425 454 467 478
5 22 38 73 93 143 182 184 191 201 222 341 343 348 350 351
15 63 75 92 104 150 246 252 322 363 418 421 440 471 480 483
8 51 122 161 167 177 184 209 210 219 287 290 315 317 390 471
3 29 91 93 159 163 171 196 228 313 360 416 419 459 488 490
81 128 162 215 216 228 229 230 297 307 329 340 368 379 433 436
21 48 72 137 169 203 223 227 235 258 344 355 363 381 419 475
20 38 40 45 71 100 144 149 243 291 300 301 422 477 478 485
1 65 128 165 180 203 225 275 297 315 324 350 388 397 416 495
2 39 46 70 112 150 200 205 245 356 384 400 422 442 444 464 496
34 63 76 88 92 139 159 165 172 174 199 205 213 234 297 334 336
33 117 130 134 189 192 238 245 318 346 366 389 392 420 431 449 459
61 107 108 119 171 226 242 251 273 280 323 362 374 377 381 471 476
38 63 67 78 85 89 96 206 207 214 230 345 394 439 446 455 493
94 102 127 153 163 200 215 221 232 248 252 271 325 375 454 460 467
18 27 164 175 181 195 213 219 270 276 277 282 367 401 425 446 468
10 37 56 95 97 104 107 111 159 229 266 357 370 382 388 422 478
18 46 58 61 106 138 145 199 202 278 307 315 326 393 418 451 470
4 29 66 73 125 220 233 251 278 335 356 389 408 411 423 434 472
25 55 80 82 98 153 163 199 277 299 333 341 350 366 417 425 470
11 112 119 145 150 186 195 214 226 232 252 262 289 344 408 480 499
71 74 84 87 89 105 140 147 190 236 253 268 279 308 310 351 497
175 186 246 267 301 329 341 356 384 396 411 415 423 432 461 489 493
1 65 77 123 135 145 148 153 225 227 230 239 265 278 304 328 356
2 97 161 198 229 233 244 274 357 364 403 410 426 435 454 459 475
15 23 28 39 59 66 106 116 132 204 248 288 314 321 327 364 492
33 187 239 251 270 294 297 309 313 323 332 334 362 435 447 465 484
17 55 74 103 158 222 224 274 313 321 345 386 387 430 432 469 487
13 14 21 52 81 144 255 278 310 338 349 375 383 397 435 436 445
141 181 223 229 251 291 315 322 323 358 361 380 413 463 464 476 490
37 38 134 164 211 231 245 277 328 340 371 376 377 413 427 440 486
5 75 118 136 154 184 243 246 265 285 291 336 340 393 449 485 499
20 81 112 138 188 202 256 286 290 295 308 309 337 338 343 421 455
8 39 89 91 104 129 151 162 176 178 180 218 328 334 353 363 466
31 160 190 199 201 215 275 361 400 404 405 444 446 467 471 478 497
25 39 44 99 121 161 164 181 191 204 225 300 306 341 359 388 443
0 28 39 150 174 201 206 240 250 285 305 329 344 379 383 406 446
11 44 61 112 152 172 232 236 262 343 356 386 409 411 457 468 480
0 53 60 99 147 150 194 257 310 334 343 373 391 399 461 471 479
14 46 58 88 130 145 177 219 246 282 345 360 368 438 472 494 499
8 32 33 71 78 81 99 122 173 260 282 340 377 396 402 406 472
37 82 108 109 164 167 186 191 226 272 279 305 321 343 356 394 476
34 40 50 74 102 104 107 110 157 210 233 240 291 329 339 355 370
13 120 147 180 200 205 253 286 348 393 396 414 429 441 478 481 488
13 48 51 56 58 70 85 90 99 168 225 286 305 371 382 410 441
32 70 73 94 102 126 145 190 192 232 288 307 376 386 459 476 496
36 47 77 86 132 214 243 270 282 358 362 373 395 409 432 484 499
21 25 31 88 117 150 169 228 234 279 282 293 344 379 431 454 491
118 120 129 169 220 236 268 272 333 339 354 386 414 425 455 484 497
9 60 80 117 118 136 173 176 187 245 290 301 340 346 414 456 481
63 83 140 143 148 149 158 161 175 187 191 196 203 278 381 385 495
29 31 101 104 153 154 177 189 249 260 317 318 339 432 442 476 491
9 28 57 61 78 150 163 264 309 312 314 325 357 426 440 493 498
41 57 84 93 112 137 224 302 332 352 363 366 386 398 418 439 449
37 47 57 156 162 170 211 215 249 284 294 295 335 401 430 467 489
15 17 58 59 74 105 124 181 207 247 371 399 411 441 462 476 478
16 18 22 30 57 61 173 186 254 303 343 357 393 439 440 487 489
68 69 152 161 167 173 208 233 255 260 314 331 374 392 460 480 483
17 28 104 159 195 231 256 272 281 318 320 372 381 389 430 470 481
4 6 15 67 91 116 145 155 157 232 338 355 430 455 470 475 490
15 47 48 59 149 163 230 236 258 282 288 332 347 408 418 438 496
12 56 106 107 118 137 226 259 288 319 332 352 395 403 418 450 490
1 8 18 57 87 129 136 138 140 159 197 224 231 267 277 291 386
19 69 118 128 131 135 184 199 248 341 369 383 408 447 454 471 489
95 106 135 204 221 233 244 261 267 283 294 314 381 385 423 426 486
4 57 58 72 124 154 157 173 175 242 294 318 398 422 443 485 494
1 44 50 58 85 102 130 175 233 271 378 399 403 413 438 479 481
34 38 42 52 81 84 144 202 223 234 283 342 391 454 461 493 495
18 38 47 61 66 116 154 184 206 221 237 291 296 320 341 373 420
26 39 106 135 158 201 204 225 275 280 326 346 355 370 389 468 493
21 43 54 92 93 130 161 193 208 224 233 367 369 409 444 454 473
24 33 129 131 173 183 190 240 261 308 310 323 326 384 403 443 455
22 23 72 84 110 163 189 238 244 262 263 296 310 329 341 372 418
3 21 32 42 54 59 103 157 200 230 298 328 370 375 378 422 454
29 84 91 94 104 214 226 252 271 306 314 377 388 406 407 448 449
86 99 142 185 196 202 209 222 252 266 305 308 416 433 463 485 491
78 130 144 149 192 226 248 266 285 323 372 402 449 452 477 492 494
25 29 51 92 124 130 156 159 169 213 222 240 320 329 431 444 460
6 58 90 117 127 197 205 248 271 303 310 374 391 430 441 442 454
8 102 113 124 129 147 162 216 256 291 332 337 366 396 411 428 493
6 19 58 88 111 121 182 237 245 274 405 428 448 452 461 487 488
19 91 94 113 129 140 174 217 284 304 326 337 361 378 414 429 468
87 99 120 196 204 238 239 251 286 298 330 386 396 439 452 479 496
51 53 114 123 125 146 205 226 234 266 355 397 399 401 403 423 478
17 22 49 101 110 131 137 144 145 156 159 190 266 314 367 376 392
4 64 106 126 138 166 179 215 229 283 333 364 371 380 384 426 465
19 79 89 162 165 233 253 293 301 310 345 369 401 426 435 437 473
36 40 78 96 120 126 136 172 235 247 267 361 387 405 410 413 469
24 42 67 94 117 142 234 252 277 330 336 353 362 372 375 403 490
33 41 44 88 102 151 154 162 187 199 203 258 278 306 382 481 484
13 21 98 117 132 152 167 221 222 243 248 309 324 362 390 406 442
32 77 123 129 182 183 280 289 360 367 371 420 421 441 454 455 494
106 110 127 135 175 176 215 238 264 284 352 380 403 442 452 468 498
64 97 113 135 161 176 179 195 220 241 263 280 348 357 429 434 485
40 76 86 215 238 259 305 309 312 319 326 334 338 349 389 412 486
40 42 140 146 214 217 297 318 328 340 394 401 403 458 466 475 487
24 35 40 62 101 152 174 193 309 328 340 368 397 419 436 477 483
29 59 132 160 207 240 245 250 280 283 340 369 398 411 433 439 491
22 45 111 137 148 165 193 234 237 277 339 374 378 407 414 474 492
2 54 100 111 130 141 172 269 286 293 326 367 385 387 425 469 480
4 63 79 87 116 155 165 169 206 298 336 347 352 383 408 424 473
157 162 168 175 184 194 210 214 374 375 377 379 382 395 415 468 489
16 61 81 184 191 245 268 274 276 300 322 330 339 368 448 474 498
20 29 86 134 143 179 264 275 282 329 351 358 380 412 433 474 478
18 42 52 100 112 119 163 212 218 303 305 316 320 359 399 417 488
0 47 71 74 141 239 251 277 279 288 322 331 367 379 381 397 468
10 31 32 37 45 46 49 83 163 202 237 266 320 370 381 429 477
17 32 45 122 160 185 186 245 252 272 326 383 386 398 409 414 438
20 64 95 117 137 213 233 252 259 294 346 374 386 408 420 443 444
12 14 17 26 60 62 101 107 134 169 178 185 233 289 321 352 446 477
17 49 98 108 162 217 229 239 284 299 303 345 347 367 407 410 480 494
9 17 52 104 143 144 193 200 218 242 305 349 382 404 449 456 490 492
12 46 76 107 113 174 189 206 225 229 296 306 360 400 424 431 445 487
24 27 29 75 105 119 130 136 203 207 241 246 249 273 301 349 438 490
0 2 58 59 76 187 200 242 260 296 328 355 372 399 411 466 484 497
69 80 103 139 207 226 227 237 243 327 328 340 342 382 410 451 457 491
17 46 68 137 163 170 252 279 308 313 340 350 396 411 425 430 489 498
38 40 43 44 46 85 94 120 130 184 238 269 296 308 309 421 444 452
0 6 34 46 51 60 139 209 236 272 299 336 366 367 406 460 465 469
14 26 73 85 131 185 205 243 305 382 391 401 414 445 466 470 478 490
56 62 149 153 154 155 182 185 192 207 235 265 280 284 405 450 490 492
3 18 25 35 60 109 128 133 240 254 275 278 312 336 364 393 435 447
63 111 128 155 160 174 200 216 304 305 316 325 326 358 364 374 439 440
9 27 88 127 185 186 202 248 258 268 277 306 344 366 368 371 375 376
41 108 155 172 178 181 197 201 204 234 251 284 294 339 344 348 381 392
65 100 190 191 195 199 283 294 353 358 393 405 444 445 460 482 489 496
59 138 144 173 202 254 260 270 290 341 368 369 407 415 422 455 468 481
5 6 8 26 110 136 203 208 220 291 301 333 352 368 455 470 473 482
36 51 114 129 136 165 193 204 218 264 285 294 315 373 412 415 464 472
9 10 98 118 127 179 202 219 232 261 360 385 441 458 475 480 483 496
30 46 58 76 101 231 257 297 299 304 317 363 411 436 458 461 481 489
28 40 132 143 165 191 247 248 249 257 289 294 296 358 361 363 374 477
7 140 151 244 315 320 328 370 376 401 425 432 434 448 472 476 487 489
6 43 45 61 138 151 172 196 281 321 322 323 347 376 403 404 452 488
14 90 141 143 184 204 242 269 291 313 348 355 364 379 391 393 427 452
124 144 151 153 164 181 242 273 275 290 306 312 349 366 410 425 456 470
5 14 52 60 65 93 131 183 186 187 208 225 333 354 365 395 424 497
96 99 110 149 220 315 316 335 345 346 367 386 388 398 442 446 473 474
86 112 134 175 176 188 191 268 272 284 312 318 325 418 422 436 442 451
7 14 34 38 40 59 68 80 147 185 195 199 200 238 289 347 385 454
23 77 92 99 142 152 173 180 190 206 216 240 257 319 341 395 410 442
30 63 66 114 123 136 146 158 166 172 228 236 273 282 321 365 424 438
55 73 81 95 122 200 212 241 245 255 257 293 327 440 449 461 478 498
13 17 25 138 165 203 274 298 300 320 331 358 420 438 447 464 470 493
66 78 94 101 115 122 160 162 203 214 261 302 415 420 428 431 442 461
29 71 87 113 135 178 211 265 279 301 354 364 411 416 436 449 466 497
14 58 68 106 116 130 131 180 182 240 271 295 378 409 437 468 483 484
59 81 108 123 140 150 165 167 284 359 377 438 451 457 461 474 493 498
2 3 39 40 50 81 181 208 211 223 247 316 338 341 415 420 424 471
27 34 36 43 55 98 130 186 218 229 238 258 282 290 299 306 332 492
1 2 4 7 8 30 86 108 110 137 201 298 316 359 407 451 467 487
45 101 102 107 115 147 174 182 227 234 270 316 325 330 350 411 441 466
5 33 66 79 90 181 254 269 279 305 323 334 383 421 444 466 482 487
2 12 23 62 114 126 138 143 193 223 230 236 285 336 374 395 476 488
54 71 77 98 126 149 168 173 184 193 197 212 275 314 375 383 427 472
1 95 144 203 209 215 235 246 284 290 330 358 363 395 404 436 441 483
80 101 107 128 161 168 187 218 251 270 289 325 334 407 418 437 461 492
36 70 75 143 177 183 228 232 235 287 298 299 305 344 345 349 390 394
12 15 77 90 152 153 154 160 204 320 331 391 392 422 431 447 473 482
31 63 72 85 91 128 137 166 173 202 209 217 236 240 251 275 347 407
3 4 40 190 202 249 272 323 325 335 351 401 416 418 420 435 444 476
84 115 119 147 173 232 248 268 269 297 343 349 386 399 415 444 450 486
13 30 88 130 149 152 222 238 248 287 317 334 349 379 394 412 459 498
17 52 91 93 117 145 157 175 181 224 234 346 354 358 380 387 403 412
12 49 60 73 97 101 122 159 216 235 254 281 341 374 378 383 407 470
31 33 40 42 52 70 72 93 164 247 282 307 358 383 386 413 452 469
18 73 80 113 151 183 239 242 267 273 297 303 326 329 362 386 458 468
1 13 26 35 74 81 87 100 178 195 265 277 305 320 345 368 478 498
39 60 70 73 83 121 127 180 183 191 228 268 311 373 387 412 428 460
74 82 129 157 219 263 269 278 317 320 346 374 447 452 462 467 469 484
17 55 85 109 154 179 195 245 277 288 289 332 348 400 404 407 427 492
21 50 102 110 118 120 128 155 168 207 233 256 265 372 416 459 464 486
40 41 55 57 142 150 163 181 320 329 336 385 394 397 406 442 458 489
29 48 74 122 165 167 202 209 274 275 303 312 318 334 335 356 443 472
11 59 63 77 89 97 129 139 165 213 215 247 284 346 393 420 491 496
4 47 60 90 91 103 164 190 218 238 241 256 284 290 355 381 425 455
13 20 49 85 104 116 125 158 198 275 276 283 365 391 402 409 412 499
5 10 32 57 96 137 141 150 177 268 279 332 370 410 437 442 443 494
45 56 73 147 148 185 186 190 222 280 336 345 350 408 409 412 429 483
15 29 77 120 135 166 221 267 281 306 321 329 345 346 366 435 473 486
20 22 31 40 48 49 92 94 100 101 103 111 113 121 180 311 340 354
3 32 137 146 156 168 176 239 272 287 293 295 303 340 448 474 478 479
9 87 89 132 133 138 148 185 192 255 261 284 290 397 405 433 438 439
18 23 31 38 60 61 75 139 210 238 276 300 304 337 349 397 426 458
18 22 23 49 130 131 139 141 191 194 268 319 333 343 344 426 454 492
2 19 45 59 62 74 79 95 114 127 234 235 247 270 271 273 286 314
70 121 130 138 158 284 289 303 314 323 397 400 438 447 462 468 472 481
25 52 80 91 93 112 122 124 164 228 325 350 354 364 395 424 459 470
0 51 108 143 177 182 217 230 277 289 294 375 396 412 423 427 486 494
49 70 124 137 144 148 184 224 232 237 259 260 262 336 353 366 455 462 466
3 54 71 74 91 154 160 164 182 212 237 239 265 286 292 308 382 412 438
17 23 55 102 104 121 126 136 153 164 173 190 202 215 267 342 372 446 451
5 61 170 195 202 207 229 255 268 293 347 394 400 436 439 453 466 469 481
68 79 81 117 137 159 212 230 283 287 302 339 342 349 376 406 445 447 463
2 52 74 75 138 148 176 196 217 244 253 273 278 310 335 375 400 409 435
5 14 50 66 84 121 195 204 257 273 298 319 349 363 367 447 451 455 458
27 103 142 182 221 253 277 330 351 358 365 367 397 401 425 426 427 491 492
32 64 72 81 156 159 190 272 294 305 307 327 396 418 422 434 443 452 493
118 131 166 219 268 284 294 305 315 326 340 359 371 415 430 433 442 476 477
0 30 55 65 73 77 82 132 164 172 203 236 339 363 399 422 483 490 494
19 20 44 57 116 187 223 237 241 254 343 354 358 383 389 400 416 477 492
9 31 50 57 88 191 239 248 250 270 276 317 335 368 406 410 460 478 483
7 15 44 51 121 141 156 177 203 233 272 278 291 384 410 429 454 462 496
18 24 27 48 49 63 126 153 172 234 262 263 275 305 325 336 348 456 484
2 9 140 155 166 172 237 241 243 256 312 324 325 416 418 422 444 450 470
24 169 174 175 208 214 281 282 286 292 298 324 391 393 407 417 451 477 486
18 30 149 246 258 300 302 307 338 366 371 374 394 424 439 453 458 465 484
13 45 58 69 79 90 101 126 138 167 215 240 279 307 364 397 399 449 489
10 61 80 111 136 149 170 186 248 265 270 292 316 332 339 372 416 464 490
1 18 27 78 115 121 245 274 283 300 340 359 373 382 425 450 456 460 461
1 9 14 48 82 118 130 156 185 221 281 297 349 483 487 488 491 492 499
14 76 98 119 125 144 198 352 388 426 438 447 456 472 473 488 489 492 496
3 8 20 53 73 96 103 105 148 179 186 229 240 249 368 424 453 459 483
8 28 72 135 138 140 183 217 257 259 282 331 347 389 423 426 448 449 458
92 111 133 148 158 170 185 203 222 237 243 259 321 400 422 424 432 435 473
63 83 95 114 120 126 136 146 153 165 208 264 306 417 429 436 437 455 491
18 58 92 170 175 206 246 273 278 285 298 335 354 357 430 447 448 488 495
4 25 110 175 180 196 218 267 273 284 285 294 311 314 395 413 454 479 494
0 13 40 45 50 106 107 203 218 242 302 307 327 390 404 409 466 481 491
34 111 135 140 142 151 203 217 310 318 328 332 361 366 375 403 444 446 454
9 36 129 176 217 237 254 261 267 304 344 355 394 416 435 438 471 490 494
8 15 24 29 47 59 78 82 114 118 163 183 234 258 264 281 424 465 481
51 72 89 115 118 159 174 210 223 246 315 317 367 368 395 417 441 488 498
27 42 100 101 118 149 158 171 180 231 276 298 303 314 335 459 468 485 495
27 40 42 45 54 115 123 229 231 266 269 284 287 354 389 392 428 441 472
1 8 27 64 148 156 200 204 206 270 276 278 291 363 399 424 452 475 481
22 64 118 165 173 177 187 240 252 254 261 286 308 314 382 384 392 397 441
40 108 112 122 123 136 208 238 250 269 274 279 324 327 349 357 367 410 449
75 77 85 93 104 129 162 199 208 269 322 335 344 353 387 391 399 456 491
5 60 110 146 154 163 232 273 274 296 320 341 393 400 427 428 470 472 495
0 21 36 68 91 98 183 184 189 218 255 272 281 303 308 322 391 401 438
43 82 102 103 139 152 164 294 321 325 333 342 374 383 386 407 412 477 491
13 15 111 138 140 141 145 154 160 202 218 234 243 254 277 287 381 392 484
44 72 74 77 107 116 172 303 308 316 335 340 346 352 390 404 421 455 487
6 31 47 150 156 158 160 161 171 276 278 300 312 320 335 377 394 409 413
8 30 37 53 61 80 89 120 139 236 252 265 286 306 308 382 447 455 477
23 39 40 86 107 112 126 132 187 195 209 264 304 368 374 409 429 431 477
11 128 186 225 232 260 277 295 297 304 344 360 370 389 407 413 462 476 499
0 36 45 72 83 88 135 140 145 190 269 280 301 308 327 338 367 401 443
32 53 78 96 143 149 208 227 241 242 260 303 324 411 452 460 481 482 490
64 77 81 98 185 196 207 209 212 242 245 252 272 280 290 364 383 432 447
3 22 36 59 83 109 128 154 155 185 197 208 249 390 409 417 463 466 498
0 55 109 134 166 177 208 218 237 288 295 299 305 334 342 401 451 453 464
62 103 111 123 124 130 135 168 179 239 262 271 285 334 359 372 412 425 492
30 46 57 60 97 117 144 177 190 191 203 274 293 340 383 411 420 436 437
6 18 47 51 69 80 110 139 146 150 213 240 249 279 324 343 410 436 496
65 74 134 174 177 180 181 219 228 237 244 262 297 300 400 404 437 487 497
18 40 121 145 234 239 243 270 278 286 345 354 375 400 417 418 427 447 490
56 76 109 148 214 268 272 300 322 369 387 403 412 418 423 425 462 463 475
49 107 109 142 148 217 218 234 261 298 320 322 323 334 341 382 396 463 473
1 48 58 107 131 134 188 221 233 242 288 311 315 323 352 383 395 453 479
77 121 123 192 202 223 227 235 248 260 285 287 312 337 380 397 407 426 499
4 29 45 49 59 112 119 133 205 223 255 273 311 324 338 360 423 431 444
1 17 44 106 109 141 144 158 204 221 228 268 310 311 386 406 434 470 475
6 44 46 65 88 95 124 145 191 256 317 366 373 378 382 388 437 442 486
29 35 37 93 109 133 152 161 174 188 196 229 239 255 302 324 370 401 436
64 69 113 129 153 155 162 174 175 227 230 291 302 332 356 438 459 478 498
49 133 167 174 188 235 244 254 276 301 336 343 383 415 418 434 454 455 478
21 31 36 63 84 128 132 137 156 182 184 199 223 226 246 305 356 379 425
4 49 105 110 115 132 136 137 154 165 169 207 310 336 340 433 434 474 494
13 38 46 64 127 183 186 249 255 256 269 290 296 299 380 440 451 482 484
22 27 36 78 102 128 231 279 319 336 382 410 424 425 426 439 445 449 483
13 25 38 81 131 137 142 204 226 243 262 277 287 409 420 441 451 464 478
57 58 81 105 124 134 160 227 228 229 281 284 328 337 367 375 385 438 454
27 28 69 105 124 127 160 253 266 272 306 322 347 349 358 364 436 441 478
5 33 42 93 96 105 127 158 175 196 216 245 271 339 401 421 446 451 470
20 28 39 53 83 152 204 208 218 240 263 275 288 333 343 345 373 378 457
105 107 108 112 159 176 252 264 287 303 323 352 364 375 412 471 482 488 497
9 16 45 49 103 107 162 170 183 216 228 245 318 340 374 376 377 482 487
2 14 26 34 71 106 108 181 216 252 267 270 324 353 379 399 421 441 443 450
7 14 29 60 90 98 117 119 172 237 283 301 308 367 398 413 434 441 450 475
56 62 79 110 111 165 167 207 212 229 235 248 307 333 346 353 357 358 363 427
45 50 56 97 115 120 241 248 263 294 301 319 322 334 376 380 391 392 434 457
82 87 93 101 110 131 201 215 218 248 277 288 308 321 331 385 392 436 479 494
4 8 77 87 94 110 132 134 231 252 304 317 332 344 353 360 440 460 472 475
37 41 62 69 92 120 129 134 143 144 148 161 163 221 301 334 345 381 393 431
2 15 23 41 47 51 72 128 151 154 173 195 197 276 282 346 372 387 474 486
25 50 55 102 106 123 157 186 243 266 276 364 379 403 414 416 422 437 441 443
50 57 72 77 114 134 169 203 207 277 283 287 300 329 335 386 416 430 453 484
62 67 122 123 124 144 228 230 247 251 289 299 317 336 341 380 431 450 453 495
58 83 95 154 174 250 294 307 312 355 360 372 375 376 390 392 416 421 437 438
3 49 116 140 158 171 206 220 225 254 291 323 350 351 362 387 447 470 473 494
35 93 104 142 161 230 264 276 295 330 338 356 392 395 398 400 404 461 473 496
0 34 35 79 95 104 107 160 184 197 225 231 234 275 293 367 379 408 491 497
1 2 17 23 124 146 175 209 220 226 239 264 297 302 313 360 364 430 485 498
70 133 140 160 170 222 224 263 298 300 317 328 330 355 374 379 395 435 473 497
50 173 191 196 243 295 301 303 305 307 321 331 363 377 378 396 402 433 444 454
12 14 25 41 123 148 152 172 178 187 201 226 255 311 327 341 349 361 399 442
12 16 19 48 56 143 144 188 222 225 255 260 276 282 290 326 328 382 400 425
5 58 65 112 183 199 204 231 259 270 326 345 350 353 367 394 402 457 459 466
21 75 159 195 229 246 266 270 311 343 387 403 413 414 424 429 432 450 488 494
15 31 97 108 145 165 178 249 251 263 295 314 316 371 384 390 411 426 465 492
13 29 34 127 142 189 212 222 236 248 256 271 293 310 318 329 373 374 415 465
20 45 113 129 161 174 195 198 210 223 247 254 265 275 294 297 325 420 426 464
30 35 105 116 129 130 156 160 179 223 234 259 270 314 335 409 428 436 449 469
18 33 71 80 108 117 150 186 215 217 246 272 275 299 379 384 405 423 470 482
9 34 38 49 52 65 88 106 135 193 228 230 236 264 296 304 349 431 464 496
5 7 11 15 52 55 73 78 106 127 164 204 309 314 317 394 413 435 438 491
4 5 98 122 145 147 151 156 162 184 225 258 260 352 396 411 424 468 477 484
34 36 73 119 173 177 229 271 277 278 284 321 349 355 381 405 426 433 440 447
7 27 43 87 103 104 116 128 133 162 196 227 233 311 316 359 371 398 445 490
4 49 60 63 89 90 116 132 142 153 171 195 291 324 336 351 449 470 484 490
91 105 125 153 183 222 228 229 244 245 260 275 355 394 410 458 461 464 475 488
62 72 86 123 142 150 152 177 316 319 365 381 410 422 434 446 453 472 475 490
38 40 60 165 189 243 262 282 319 333 337 363 367 368 369 374 380 401 405 440
2 7 25 26 44 60 105 163 230 240 258 295 297 352 415 419 439 465 473 476
33 49 135 141 171 244 293 298 310 332 352 365 369 373 426 444 447 455 465 487
21 118 137 175 210 218 266 278 304 307 312 316 342 380 401 413 445 446 459 496
56 72 73 74 113 116 190 239 240 251 264 286 297 308 361 363 400 447 455 472
13 59 136 144 171 173 212 226 235 236 252 303 306 311 336 397 443 448 491 499
0 52 53 56 58 78 88 93 120 221 229 256 320 345 369 384 385 391 417 456
14 32 44 80 97 132 162 163 174 249 262 269 292 293 300 309 312 410 415 440
26 37 51 59 80 89 135 137 173 205 211 244 268 315 338 420 427 438 467 473
7 46 56 63 75 86 94 137 171 209 242 247 283 303 308 323 368 399 462 489
7 17 76 121 146 178 220 250 279 284 304 306 307 311 322 359 382 396 448 493
57 60 62 89 129 144 145 201 229 235 262 319 348 353 377 411 423 438 439 494
68 83 158 172 179 199 233 238 272 309 333 337 344 359 392 396 417 420 456 489
2 36 63 149 153 220 233 235 267 288 301 319 331 338 411 418 434 444 456 476
42 66 94 116 119 134 151 155 166 170 183 319 347 355 386 430 446 475 484 486
52 67 87 140 143 166 168 203 247 249 258 269 276 286 330 333 375 410 474 494
12 84 85 88 101 103 134 144 230 252 281 296 317 344 350 368 377 384 407 413
18 55 62 109 133 159 167 209 246 259 260 269 272 335 346 365 379 454 474 486
24 45 66 83 164 187 197 254 291 302 313 328 352 356 368 404 415 430 440 477
24 41 60 62 101 105 156 171 211 219 226 241 255 263 297 315 332 398 427 432
39 51 85 126 134 142 150 162 248 297 312 314 357 366 386 391 401 457 478 496
23 72 92 167 239 294 316 329 349 372 401 417 423 428 430 433 436 469 472 499
3 29 78 95 121 126 137 154 168 222 280 307 322 327 345 370 387 411 427 445
4 46 125 126 233 275 301 306 312 338 348 394 395 399 409 426 433 452 477 490
15 26 28 56 84 95 116 218 228 246 265 282 289 321 336 352 397 431 469 487
8 15 71 84 124 126 129 132 204 216 236 237 303 305 337 350 396 446 493 494
9 42 44 55 68 72 90 98 169 262 273 305 316 337 384 405 439 458 476 481
32 39 56 63 84 114 194 269 291 317 327 331 336 361 372 401 425 455 458 498
19 50 116 118 134 184 223 232 295 313 326 349 355 371 385 393 403 407 408 467
6 9 27 53 79 134 141 263 276 284 316 318 354 372 375 392 415 430 447 486
31 42 48 78 104 165 184 197 199 254 278 308 313 335 356 375 379 417 449 498
7 42 43 49 60 63 64 84 128 148 191 275 285 290 367 378 382 411 455 480
2 45 47 80 96 124 140 141 152 201 204 208 216 218 240 331 371 388 415 430
43 54 66 94 97 123 144 153 183 210 232 266 299 330 383 391 392 462 474 491
4 47 51 73 87 122 131 140 182 236 245 248 250 275 297 349 458 480 484 493
73 117 162 185 186 212 225 232 235 252 271 283 312 325 339 372 402 405 422 449
11 31 45 48 57 59 163 177 192 209 223 285 289 293 372 373 431 432 445 458
9 25 31 57 99 107 135 170 174 192 285 302 372 410 412 428 448 484 489 498
38 125 130 175 199 202 219 222 223 250 253 287 288 304 359 383 384 388 440 490
23 97 117 147 153 160 169 186 192 212 216 224 240 242 253 291 303 441 460 464
3 29 62 67 96 99 140 160 181 190 223 249 293 315 336 352 361 407 430 493
9 23 41 49 107 117 140 185 253 289 295 337 345 374 394 470 478 492 498 499
34 35 49 82 114 136 182 189 212 213 236 352 375 386 394 440 459 466 490 492
52 89 125 137 175 215 217 223 238 247 250 291 305 310 353 402 420 446 467 489
35 41 102 112 164 179 193 239 246 250 266 274 277 313 365 390 394 424 462 472
