381 429
74 87
58 87
210 264
184 193
11 26
218 286
61 71
373 421
227 297
421 435
66 133
65 127
276 314
197 281
283 299
348 358
22 85
235 328
82 135
206 322
352 497
178 212
153 156
137 142
465 495
403 424
239 268
460 477
5 83
341 448
426 472
211 304
41 137
70 86
244 295
395 419
26 165
234 325
339 447
187 253
66 84
460 483
359 497
11 13
100 136
22 59
203 212
81 118
337 356
397 418
424 495
372 480
84 112
82 134
240 251
22 34
379 440
376 395
86 144
231 323
0 154
341 489
376 461
23 128
336 399
90 148
205 250
168 281
284 321
243 283
428 430
13 92
362 468
332 482
188 253
93 159
175 274
462 495
258 305
205 321
79 90
271 298
144 165
341 410
206 258
36 159
415 494
401 493
215 303
333 471
341 488
458 475
314 315
350 410
404 412
111 124
208 301
105 135
414 497
385 489
352 414
226 256
221 323
440 467
231 242
56 59
176 256
199 226
183 309
283 288
392 461
216 231
183 239
42 99
173 202
64 104
37 139
359 417
256 296
403 445
1 160
239 240
430 444
16 126
65 85
31 88
96 124
238 290
339 403
189 272
273 304
387 481
76 115
204 213
102 116
184 239
27 131
6 141
2 22
281 323
50 150
339 433
344 470
344 427
366 487
459 470
82 110
427 445
404 412
204 277
3 64
167 226
138 150
294 310
393 404
396 435
237 286
228 296
81 133
382 455
201 215
355 399
341 432
24 110
278 279
0 112
171 197
195 210
243 294
207 310
26 165
205 217
172 226
276 282
99 109
248 317
339 390
241 259
273 327
187 194
368 479
73 153
68 70
79 140
193 308
264 319
29 130
452 490
23 97
54 94
292 293
7 114
220 300
433 478
274 305
181 196
227 331
374 412
40 139
42 118
296 309
301 312
101 142
435 450
373 422
18 138
51 110
408 463
216 329
399 495
256 316
300 327
439 453
376 492
193 291
378 469
121 133
167 251
335 398
60 98
411 465
218 225
45 60
416 489
394 456
9 23
167 248
188 331
175 328
364 467
263 305
195 231
175 196
69 130
454 485
188 210
326 330
261 282
374 425
6 24
40 57
180 288
231 245
169 329
103 165
171 331
381 432
240 242
411 460
400 464
347 349
177 225
467 468
361 373
397 461
60 94
373 453
231 286
36 115
226 268
362 468
338 415
333 432
401 422
32 43
411 413
441 471
225 293
187 251
301 304
355 494
441 489
347 484
368 486
36 164
454 482
19 145
217 221
173 309
44 61
198 278
201 307
378 459
339 449
207 315
350 382
46 87
277 301
52 87
389 429
157 163
432 453
272 308
394 407
211 306
180 221
3 88
290 328
217 304
167 376 478
181 309 409
118 138 165
181 228 394
10 316 328
6 127 401
181 197 245
65 339 492
101 373 391
41 98 300
8 93 122
72 92 248
217 223 357
347 412 437
74 75 448
74 239 330
208 264 395
271 339 494
240 309 327
41 104 141
31 352 458
193 381 423
79 251 261
29 101 377
121 151 287
164 374 432
23 158 267
172 355 437
11 96 165
73 122 365
69 350 405
1 33 350
60 135 404
230 308 331
217 327 479
128 280 291
1 57 220
23 158 161
98 338 468
215 305 326
170 206 374
182 234 272
2 35 211
18 159 327
214 254 283
80 163 225
58 263 274
22 48 385
172 262 410
141 201 231
204 216 326
323 344 351
84 239 259
95 267 311
227 486 487
72 362 495
144 245 259
29 123 156
16 142 152
144 388 444
38 151 396
200 347 383
114 347 367
36 164 202
89 193 299
38 380 434
34 141 405
221 227 300
326 475 493
110 166 195
183 229 271
232 288 334
89 152 245
240 328 329
54 422 451
150 157 245
12 132 162
59 158 436
193 377 433
337 407 420
377 424 470
171 227 317
363 399 456
1 69 402
36 419 460
173 277 301
197 255 266
282 286 393
166 172 176
243 348 445
176 400 405
120 404 409
338 369 396
221 257 281
9 33 71
73 142 376
418 464 487
37 188 259
214 282 316
116 193 319
27 337 487
23 156 474
42 60 454
88 135 140
6 332 482
368 375 450
187 189 253
408 421 495
179 296 347
237 264 271
299 305 464
171 381 432
118 338 461
22 428 459
17 95 207
228 259 355
217 218 231
119 142 491
43 62 415
242 406 434
339 427 433
256 278 436
256 371 445
77 127 360
93 170 288
122 377 379
186 427 492
22 151 387
18 29 126
248 330 346
35 120 172
4 61 151
190 193 371
30 76 157
188 287 325
194 378 393
361 379 492
207 468 494
115 224 271
31 112 458
236 267 276
176 237 441
367 390 442
17 138 349
300 359 367
62 106 327
273 406 453
283 308 457
309 422 477
366 379 394
24 43 359
407 470 484
10 374 480
22 123 331
12 193 303
445 470 483
239 310 322
57 229 291
256 348 488
211 338 378
181 182 307
174 248 292
112 160 407
133 371 382
216 379 421
379 423 474
350 367 423
46 94 164
312 351 364
76 226 317
62 374 411
335 359 386
57 99 185
334 370 431
36 46 51
71 349 460
94 140 347
186 294 308
133 156 406
374 413 435
290 448 463
24 31 412
225 275 409
384 427 431
17 65 367
142 396 450
30 140 150
225 233 247
56 99 163
386 453 459
319 356 364
124 398 495
78 105 175
57 99 442
112 154 316
20 153 388
184 427 488
25 168 240
68 75 76
47 116 200
0 126 291
270 290 486
89 343 413
16 278 309
4 129 189
48 101 407
44 117 438
103 198 239
20 80 267
357 390 428
420 470 481
356 439 468
359 408 414
20 162 491
128 142 375
66 378 422
199 261 403
88 175 188
278 312 346
84 237 310
3 198 216
51 154 291
133 188 219
199 276 447
53 78 435
177 358 429
277 413 418
39 276 320
4 304 331
176 187 274
10 86 216
43 218 264
11 49 383
182 233 258
11 343 352
65 92 235
126 256 308
239 298 381
3 32 177
236 401 451
16 30 271
90 101 207
357 383 471
105 174 247
258 404 442
101 115 443
40 192 294
370 378 487
31 90 155
83 104 294
255 352 416
64 106 379
35 47 150
60 182 299
41 55 90
42 338 350
280 328 417
152 431 477
182 328 366
16 335 416
89 333 380
71 109 299
24 28 327
54 123 172
236 247 292
168 303 366
17 70 401
10 31 69
78 92 453
402 409 485
40 172 199
290 315 479
193 354 466
237 316 482
362 407 499
93 204 255
77 180 233
34 66 123
369 405 493
245 269 293
53 120 251
59 146 163
30 52 441
119 139 318
155 193 270
179 247 248
9 37 54
183 245 264
245 248 333
168 240 279
73 84 320
338 401 473
261 275 352
43 82 152
9 148 155
201 259 412
8 345 467
189 201 260
339 400 442
81 135 461
216 279 380 393
94 351 370 375
316 356 434 470
3 11 286 480
35 120 478 486
269 270 295 374
164 386 399 457
74 239 292 300
10 191 422 465
145 224 276 438
192 285 392 401
250 389 402 456
46 73 286 302
146 341 395 487
230 295 379 454
4 161 354 361
7 74 247 409
14 66 107 217
99 197 240 443
173 188 251 403
289 386 402 485
36 87 350 367
41 375 378 421
207 232 417 462
294 353 380 481
341 383 404 491
18 104 185 203
101 371 398 485
198 202 239 247
7 393 488 490
103 273 309 405
67 231 414 420
305 398 423 429
180 200 253 481
139 257 441 450
205 303 322 459
26 201 221 230
38 113 126 277
104 320 337 359
275 280 307 358
86 176 449 481
15 121 222 370
24 392 455 472
36 366 394 437
64 353 384 405
31 170 216 291
192 297 371 407
19 61 71 110
29 149 433 467
366 386 448 486
166 215 233 443
337 367 405 429
91 123 274 465
37 85 86 120
404 468 483 495
92 119 366 372
50 171 372 387
14 169 180 395
30 52 124 127
37 311 313 363
5 193 225 363
45 124 391 393
130 161 318 420
126 366 434 468
109 116 195 262
228 230 307 310
237 314 348 432
17 175 338 439
27 88 136 138
10 18 28 380
17 91 290 425
1 33 259 472
210 240 311 327
111 164 442 470
83 363 429 470
141 236 341 388
2 107 388 413
32 88 180 323
43 97 152 363
42 60 78 165
70 349 361 442
135 404 412 414
191 341 388 493
157 161 407 417
7 23 65 119
40 53 184 496
113 155 307 463
85 169 460 483
340 346 401 473
48 146 417 468
145 164 222 311
296 359 422 470
11 27 419 491
214 375 436 498
265 291 298 463
189 274 447 494
0 9 143 229
184 187 279 350
47 94 222 223
314 381 383 445
205 360 382 484
188 236 412 470
76 95 244 309
182 207 233 307
70 78 139 144
224 370 371 457
147 148 313 320
188 301 325 389
129 299 371 499
175 231 343 473
198 207 221 272
17 254 298 305
67 75 377 499
3 30 105 111
99 180 348 407
38 76 181 296
131 143 332 394
225 277 376 478
260 336 347 428
188 272 336 422
89 100 147 348
130 284 348 369
211 316 344 414
119 137 148 283
371 414 437 498
335 402 426 494
50 57 392 395
38 48 104 272
183 373 422 478
71 190 373 387
123 307 389 422
250 384 418 458
390 401 402 484
24 34 57 416
16 59 74 367
155 158 339 464
9 228 232 314
110 196 356 411
47 83 157 252
208 258 331 347
102 122 123 304
45 67 115 424
1 147 431 489
333 386 442 473
175 227 313 331
14 73 360 482
58 63 129 144
123 204 271 287
197 285 332 463
58 216 309 324
159 290 413 414
22 24 46 126
153 368 402 484
338 369 372 428
167 382 395 492
118 164 451 467
141 195 214 288
193 199 262 491
20 178 182 361
13 104 131 235
5 39 77 149
10 26 33 414
56 129 347 383
143 250 455 493
175 181 191 327
68 269 306 448
77 124 334 394
247 410 474 491
38 83 105 395
85 91 203 302
274 289 297 323
2 377 457 463
0 98 121 343
19 111 320 473
177 206 254 368
312 350 431 434
62 234 258 262
288 333 359 361
47 70 154 281
45 84 172 213
174 224 267 340
197 264 302 307
19 81 409 481
0 98 361 413
5 202 299 409
27 90 268 336
45 245 246 443
40 149 226 227
33 317 394 492
99 410 466 487
27 198 211 258
116 134 151 433
353 434 448 464
1 88 148 324
220 334 338 484
342 343 434 467
28 37 72 394
96 394 442 493
100 381 469 475
99 139 432 447
171 213 281 469 493
199 268 340 362 485
12 13 86 157 171
87 111 414 419 442
78 206 254 358 477
4 13 42 100 191
26 98 130 348 358
175 241 254 301 419
260 360 364 376 424
121 315 399 443 458
5 83 95 147 272
50 66 132 158 160
14 92 130 212 276
356 379 383 400 420
13 74 133 277 482
201 217 254 386 398
154 317 362 370 490
13 104 116 135 262
72 318 347 360 410
130 335 349 455 487
90 374 397 456 491
15 70 277 388 465
75 82 100 102 404
104 105 185 294 322
154 181 306 371 492
61 306 402 442 486
3 5 81 370 414
161 371 400 420 445
79 169 210 213 285
37 161 176 250 403
24 41 228 255 283
41 186 275 279 344
49 75 138 450 499
237 304 312 337 454
53 237 248 276 499
1 214 262 279 372
48 111 122 266 435
12 44 280 333 434
190 257 322 371 409
96 310 411 422 433
178 335 389 415 463
167 267 282 349 476
62 212 245 417 425
11 35 72 279 404
56 75 354 381 436
198 200 247 281 282
8 17 146 228 380
100 105 262 322 374
89 166 310 313 477
30 100 181 434 442
120 153 293 320 381
39 123 386 408 472
207 208 408 415 453
8 61 82 154 318
187 212 220 231 307
60 80 181 275 343
46 58 344 406 453
358 449 452 475 495
102 204 207 209 433
68 197 361 422 432
32 76 84 248 389
35 144 196 247 495
177 184 225 267 486
8 113 115 281 348
4 64 255 280 459
69 162 376 419 437
126 314 398 406 498
205 223 236 342 366
97 136 162 167 482
63 217 237 448 489
7 216 328 335 417
88 131 434 450 460
36 77 136 250 329
196 240 385 406 492
186 272 464 474 487
215 251 311 358 468
216 291 333 366 421
157 190 227 256 323
13 20 47 285 385
141 164 219 314 350
1 67 137 158 335
140 226 333 357 423
40 253 292 302 314
64 231 322 364 399
42 325 354 405 429
66 141 154 313 324
9 89 276 455 456
247 259 406 410 421
169 214 303 313 443
83 173 190 240 328
1 209 301 302 376
69 99 189 343 476
50 57 105 368 384
269 453 475 484 496
61 63 200 326 421
118 142 418 434 495
21 34 68 275 347
2 193 230 359 455
41 59 248 309 390
83 89 164 322 473
20 85 194 202 378
52 173 300 324 354
14 76 254 428 469
107 147 174 176 267
4 115 178 423 489
56 164 472 475 480
46 389 408 491 496
82 165 338 419 427
114 151 230 244 475
19 170 175 179 347
8 12 68 255 420
159 332 344 349 390
15 202 309 371 408
46 83 238 269 286
273 307 391 397 411
108 135 161 363 451
159 272 310 313 497
14 214 231 387 487
34 102 143 358 496
58 136 214 327 369
117 118 171 183 360
54 128 163 244 259
13 153 169 258 343
46 200 219 245 368
1 65 197 264 374
21 142 150 324 381
12 96 281 290 293
46 247 252 412 477
76 159 274 362 495
202 346 404 481 493
110 151 187 188 298
134 164 268 372 431
86 88 90 94 368
147 230 249 268 275
50 181 283 306 372
219 271 337 372 438
42 218 282 285 383
70 338 355 471 495
64 117 357 439 454
274 279 319 338 463
86 325 341 389 448
238 241 271 305 442
117 130 135 334 435
181 258 298 318 420
49 268 390 432 487
21 83 145 315 446
304 394 411 413 442
223 372 378 430 481
9 256 365 374 477
29 37 237 295 478
55 239 274 336 411
212 332 333 382 468
102 228 301 306 381
13 80 120 403 460
19 67 425 455 460
83 87 174 257 351
34 114 151 283 326
18 37 39 138 211
17 30 41 90 323
109 166 168 299 378
37 269 399 403 409
100 115 219 361 441
2 21 140 236 437
14 33 381 410 482
153 228 275 300 361
186 220 327 389 495
196 233 247 325 381
18 127 169 242 385
95 121 166 221 239
18 234 306 348 369
21 59 241 306 481
44 46 174 284 336
85 158 249 330 467
348 411 421 425 442
185 227 370 460 466
43 64 86 156 475
27 74 96 149 434
322 331 463 470 489
112 129 134 325 351
172 376 423 427 456
135 345 357 401 487
89 246 458 488 491
189 217 279 287 490
212 249 296 368 409
38 65 128 141 233
20 192 241 303 399
128 135 180 202 222
123 137 234 299 434
303 364 382 428 437
40 42 94 97 487
6 109 112 314 467
42 66 336 338 482
70 71 136 275 394
16 119 354 408 476
156 203 417 445 464
110 175 363 369 436
97 336 360 400 436
78 285 346 396 428
101 288 312 320 436
16 245 286 350 358
6 44 191 226 343 456
4 67 75 163 203 486
29 160 177 201 246 424
5 55 95 135 254 476
123 166 209 316 340 495
1 82 101 240 285 359
8 142 148 200 265 410
78 120 146 232 260 401
31 84 152 154 286 439
52 156 359 365 367 377
99 128 144 204 384 450
90 93 116 249 386 479
8 17 282 293 467 474
32 150 206 333 342 488
71 173 198 276 347 370
209 282 317 328 395 424
74 175 400 458 481 485
36 66 311 326 338 464
90 98 203 274 310 325
111 116 158 193 374 437
359 368 372 380 457 463
1 240 312 381 403 499
14 245 301 466 498 499
12 20 77 148 192 250
14 80 171 246 294 358
80 166 221 278 302 440
76 151 339 350 436 465
1 31 62 110 293 458
28 91 101 212 251 375
17 23 30 120 152 345
13 122 139 186 188 195
88 186 187 193 204 471
60 161 229 377 392 412
208 234 274 326 439 456
46 102 368 383 462 499
136 155 315 332 410 447
26 48 129 234 317 437
33 153 235 335 371 479
9 60 161 289 379 447
11 34 38 114 357 436
43 231 259 300 451 482
206 403 472 479 480 497
7 146 207 236 251 275
21 139 243 275 281 316
108 177 326 340 480 484
140 153 225 285 318 451
90 101 247 338 369 397
23 31 48 92 338 347
45 103 297 306 382 414
190 195 211 240 245 494
36 86 225 335 369 408
69 91 209 377 495 499
33 55 61 67 295 437
46 73 143 218 293 363
53 121 138 210 347 435
57 204 223 295 379 400
24 68 235 397 444 481
250 286 347 374 404 484
90 332 341 416 420 445
36 154 167 186 245 305
79 105 252 260 310 328
70 80 230 252 421 440
8 9 93 110 237 338
90 152 169 228 312 457
48 50 135 195 292 467
7 33 87 282 290 312
12 137 158 167 392 477
61 244 252 264 349 483
275 290 305 394 414 444
158 230 296 315 329 490
23 57 71 262 304 321
2 142 227 230 329 342
252 256 263 285 296 302
45 160 169 187 220 302
52 98 270 275 367 371
66 212 262 296 333 411
41 356 358 368 453 486
257 333 339 357 408 424
19 159 226 236 409 434
146 342 375 403 451 463
17 226 249 265 386 497
93 165 212 407 443 489
5 69 166 226 295 324
157 165 285 299 312 393
16 30 100 154 169 477
0 77 134 138 284 371
73 87 164 173 346 386
116 185 299 311 470 472
1 142 188 273 275 340
285 322 332 348 449 465
19 111 176 212 333 400
21 99 243 417 426 431
4 118 121 226 296 355
24 27 66 98 249 438
143 196 243 248 298 320
58 203 252 277 478 479
236 249 264 278 481 492
182 191 201 268 270 316
45 80 220 227 230 450
11 26 118 140 157 379
36 93 103 131 174 325
49 65 181 252 271 371
32 108 121 162 317 462
24 114 367 377 381 488
55 64 173 229 264 336
120 199 239 283 285 379
39 243 265 307 367 498
52 64 219 261 278 359
23 96 140 150 450 499
24 90 142 224 341 465
38 90 117 144 233 494
111 124 137 140 171 256
12 17 134 138 151 412
113 348 377 379 403 476
22 48 167 219 257 496
107 122 145 304 363 396
171 196 202 219 416 451
79 244 260 279 343 421
44 289 397 441 468 471
32 151 299 414 484 496
20 60 76 142 335 450
51 194 251 316 410 478
96 228 308 439 478 490
101 178 211 213 249 339
82 190 305 312 391 476
18 40 93 376 414 428
118 119 185 244 246 311
30 60 338 344 466 473
151 159 187 266 470 478
43 89 90 132 183 273
127 148 163 176 391 496
224 297 402 425 486 488
174 199 344 386 410 425
16 17 140 270 303 493
205 218 231 245 253 434
130 135 169 335 420 432
104 216 235 335 478 490
79 340 359 367 415 496
0 55 157 217 220 441
88 157 367 390 424 441
40 252 272 345 353 493
87 168 307 347 483 495
95 98 270 389 412 435
75 112 136 145 159 461
120 242 388 429 434 488
55 64 104 116 330 495
88 97 358 452 470 484
5 14 384 392 404 451
24 62 136 150 163 292
213 234 292 363 391 401
28 125 328 333 371 421 488
75 216 227 234 277 297 323
1 98 173 234 399 420 481
44 66 91 271 304 315 469
18 28 103 123 280 389 468
36 239 312 357 423 455 462
4 18 82 124 165 224 436
0 75 155 305 391 393 499
76 110 310 335 349 352 471
155 178 216 315 413 429 478
8 27 107 248 355 371 399
131 187 190 222 233 239 334
33 119 324 332 347 354 421
12 24 89 163 222 384 496
61 167 178 198 272 325 398
59 74 234 250 314 400 451
1 40 75 91 138 165 251
13 101 261 376 414 426 449
5 51 119 185 189 211 329
72 208 265 283 344 378 465
163 228 269 319 354 414 480
17 67 124 125 244 296 483
11 50 223 288 289 290 421
133 151 219 292 299 311 442
178 198 222 255 358 365 378
0 16 30 89 124 284 399
17 28 296 345 347 406 481
24 80 148 166 299 361 460
17 30 101 149 209 418 430
8 139 195 315 320 330 357
46 202 264 296 347 389 436
70 100 203 241 332 412 464
38 74 84 140 289 303 425
62 125 128 157 430 443 444
59 114 129 438 445 459 469
296 301 308 310 437 492 497
158 189 190 202 211 488 492
20 76 91 395 452 471 484
23 230 244 291 308 392 452
36 107 201 314 335 346 349
94 152 227 260 365 369 492
13 96 130 199 235 247 303
5 16 186 249 379 380 460
33 92 174 202 395 401 485
8 39 51 57 230 386 390
97 114 278 338 438 439 443
69 134 236 332 365 377 470
7 128 141 226 255 441 465
0 255 330 345 400 431 456
50 169 224 245 255 340 413
32 73 97 110 181 190 269
11 33 56 72 110 329 410
112 147 254 288 323 386 450
54 59 65 281 348 401 425
19 88 106 131 154 390 466
169 232 236 255 401 426 491
191 258 275 343 345 346 352
63 91 298 363 405 413 447
128 310 363 367 413 450 468
52 98 128 144 221 293 390
15 53 82 113 135 152 377
0 88 123 215 262 347 447
22 70 96 126 200 223 487
175 339 385 399 420 442 443
65 92 133 139 189 303 425
58 182 244 263 298 386 477
40 44 66 178 218 397 457
45 173 202 264 312 329 492
15 65 134 151 251 289 306
18 129 292 335 345 375 478
9 54 129 134 233 345 473
15 369 395 410 413 422 474
47 51 72 353 386 433 435
75 176 204 237 276 280 327
61 225 331 336 425 461 486
19 87 184 281 287 322 326
73 77 156 197 223 226 422
16 60 115 179 190 231 278
85 132 257 328 409 414 416
29 121 210 321 323 367 428
66 109 250 356 382 426 481
46 119 158 261 357 422 450
139 176 227 342 350 386 429
37 74 256 349 399 430 455
8 105 177 277 317 359 399
4 51 54 141 219 460 487
45 105 129 262 423 470 499
28 309 335 352 363 397 492
40 107 168 245 290 372 395
166 195 213 250 315 406 493
0 29 184 229 341 442 444
69 105 206 248 265 289 330
90 117 134 180 207 338 462
58 118 143 194 258 292 412
17 21 52 137 157 260 279
158 169 196 269 304 464 468
30 33 89 125 234 394 477
4 27 34 61 136 383 450
92 150 295 350 420 481 492
4 55 59 81 108 205 339
112 113 221 226 240 274 341
102 104 146 152 217 324 418
32 106 135 150 379 387 439
166 190 219 231 256 367 463
55 214 280 334 353 359 450
48 59 71 117 126 207 216
21 105 115 160 172 178 287
188 229 261 276 413 430 433
19 40 53 87 132 183 217
30 43 121 139 157 302 489
152 157 166 195 201 309 316
21 294 315 390 403 431 447
11 122 137 382 386 451 485
85 225 319 433 439 474 499
27 37 46 106 327 400 467
33 74 85 142 236 334 476
11 166 218 338 361 410 482
30 155 302 311 412 455 463
91 98 271 299 364 372 479
1 17 61 80 392 425 438
72 111 119 339 422 455 463
88 184 186 219 252 296 482
143 150 185 284 314 377 380
25 80 219 253 358 372 435
174 249 295 320 429 457 475
241 349 380 412 461 496 498
11 98 175 236 429 434 473
153 236 250 285 293 326 402
2 8 110 133 158 162 481
17 126 202 241 253 339 466
20 52 207 224 276 421 473
3 17 40 50 200 479 482
72 202 245 246 428 434 438
7 103 270 343 359 412 443
52 136 172 234 265 371 470
153 336 357 433 446 468 487
21 40 429 455 483 485 493
75 93 105 333 346 395 417
6 15 48 89 120 131 476
137 241 295 323 442 472 497
20 156 261 317 424 425 433
12 56 142 233 344 431 494
38 54 143 377 404 417 425
89 100 169 240 246 361 476
178 194 307 318 343 384 482
19 67 89 184 375 436 450
39 185 245 261 269 458 474
26 111 112 148 231 347 429
100 134 152 253 341 396 487
45 59 86 94 196 222 270
49 100 298 325 414 416 493 495
36 232 250 269 290 345 440 494
3 11 56 127 279 297 333 445
45 49 90 124 325 372 425 435
281 390 403 404 413 446 461 495
15 21 109 333 339 378 404 493
124 152 200 298 343 360 417 463
88 192 223 332 350 354 379 430
23 173 220 247 281 294 319 463
69 96 133 139 207 215 386 483
2 150 171 261 269 347 389 493
20 30 197 227 231 273 312 424
6 36 135 155 253 390 413 460
46 140 323 392 398 452 463 486
2 18 85 188 227 303 469 478
29 56 135 164 356 360 399 430
106 269 368 413 450 459 484 488
23 156 185 282 325 413 455 481
23 74 77 91 133 174 332 422
2 75 78 99 169 304 388 449
29 78 109 119 258 341 382 396
64 82 110 259 361 408 416 498
51 56 119 206 235 273 416 418
41 70 83 96 143 163 324 469
43 97 179 188 251 255 363 381
92 173 212 361 411 412 466 493
65 172 186 209 242 284 349 383
137 173 195 229 241 262 465 477
83 205 358 399 426 430 454 469
88 101 281 359 390 432 453 455
22 29 34 65 70 141 153 458
12 32 47 70 298 329 342 355
5 49 55 168 203 302 351 418
2 87 94 151 178 243 255 341
8 69 90 306 340 379 399 464
50 82 129 293 317 338 424 476
38 51 336 377 454 456 457 488
46 101 107 120 146 161 180 441
50 122 144 212 329 338 375 384
72 94 131 258 280 338 356 444
12 50 71 92 156 298 458 476
9 39 182 203 226 291 356 365
53 58 80 86 107 113 179 265
164 186 320 336 338 359 382 403
222 233 250 308 342 355 362 432
71 99 272 346 400 410 489 492
33 92 158 227 244 245 300 321
40 136 150 164 221 230 345 413
97 191 310 322 331 371 423 430
90 94 163 223 279 304 354 471
21 81 231 267 271 285 336 499
13 92 233 308 335 469 490 493
75 95 218 230 250 269 285 387
35 55 123 298 412 447 480 499
12 37 240 258 395 409 462 497
159 183 261 273 324 362 434 452
51 68 90 212 241 273 342 386
73 91 100 110 311 318 367 449
72 169 184 206 239 336 434 479
87 95 307 327 356 379 425 447
16 63 150 287 366 432 457 473
15 50 89 135 143 215 277 409
218 219 222 234 254 348 412 452
14 24 60 62 126 153 314 495
37 127 168 193 365 386 439 499
14 72 113 251 295 386 431 469
86 93 155 252 430 434 462 469
1 36 76 180 305 332 445 456
65 131 157 177 186 267 361 455
1 60 136 159 212 377 450 489
99 185 340 416 418 432 440 454
59 81 191 207 224 290 408 448
56 139 163 203 294 360 444 470
76 113 166 183 228 268 276 335
62 85 171 193 365 383 432 492
32 233 264 348 367 453 484 488
44 166 237 253 302 338 391 446
46 96 176 221 272 300 479 492
137 190 194 280 303 320 343 380
53 93 209 285 304 307 464 472
80 102 145 242 283 378 423 499
47 208 236 244 302 313 473 494
69 70 71 93 112 118 193 426
54 65 96 213 218 309 363 424
28 115 196 237 253 312 387 488
15 103 110 151 206 274 321 336
16 22 33 54 73 176 282 370
161 228 245 265 266 287 308 440
32 55 119 398 415 433 451 471
148 149 197 224 231 348 390 398
98 116 145 184 253 308 341 471
19 67 79 132 280 292 352 464
10 129 170 183 194 217 225 301
168 199 248 304 353 462 463 489
14 45 74 149 166 261 311 419
89 118 157 232 238 269 378 401
96 109 127 137 168 238 382 476
29 34 76 79 150 298 314 398
2 71 93 101 138 356 481 482
4 17 63 344 427 462 466 483
191 195 204 260 361 381 385 461
8 75 84 91 125 134 239 374
18 73 161 178 190 247 263 431
189 320 332 355 361 375 455 494
1 35 93 206 250 260 283 484
33 171 194 278 284 309 390 394
63 64 140 156 190 259 372 418
12 17 81 95 127 367 374 459
69 181 182 231 278 363 366 407
37 70 95 105 126 135 195 345
27 32 36 207 315 323 339 461
52 73 91 144 221 223 256 460
70 138 150 172 242 258 325 455
73 188 322 381 400 401 445 448
176 263 305 354 369 381 459 464
50 84 169 177 210 230 238 343
29 51 133 134 288 301 325 343
7 70 209 223 279 392 410 442
61 107 180 271 381 392 397 425
22 100 147 187 203 209 331 445
96 123 172 274 333 338 380 463
57 164 264 332 375 376 437 458
47 61 191 304 312 328 390 448
68 107 239 242 247 290 291 411
11 54 150 170 178 214 267 393
65 84 136 182 185 284 345 497
0 58 59 167 304 384 427 497
63 71 132 225 416 428 448 497
127 140 272 277 324 392 398 463
0 30 34 72 150 165 264 342
34 36 191 229 240 305 310 373
109 158 260 291 333 351 450 468
57 104 182 194 372 423 460 481
17 44 143 308 352 363 409 481
58 64 69 86 93 216 264 390
43 65 93 125 128 145 158 319
38 53 168 172 192 232 265 473
108 195 281 304 370 397 436 451
8 27 69 135 274 354 403 472
104 122 175 241 258 339 428 481
42 174 197 241 261 342 400 461
111 137 154 161 239 274 282 377
35 43 53 87 262 345 454 464
33 89 125 357 372 388 402 413
49 52 158 163 382 386 398 441
28 78 140 400 406 409 417 432
164 187 242 396 400 427 466 474
33 122 206 273 326 343 404 472
12 108 112 152 160 311 326 446
103 133 167 203 218 323 324 405
66 144 192 252 322 374 398 418 449
57 115 148 155 277 292 338 372 480
19 63 80 171 189 238 346 370 469
15 29 48 209 270 279 291 368 466
40 48 51 73 293 386 405 446 470
32 189 194 224 265 352 370 497 499
64 136 168 178 194 196 274 302 375
48 63 90 235 244 339 433 436 487
18 174 202 210 212 313 338 397 411
22 40 69 141 197 227 259 363 385
69 81 94 121 360 364 409 417 459
75 78 98 120 140 236 248 311 415
36 137 169 178 216 254 283 450 489
92 106 216 246 279 309 371 383 477
68 73 75 94 296 396 426 453 480
51 124 255 310 326 402 439 444 472
111 122 144 160 351 359 383 427 476
157 209 325 346 352 373 408 415 493
9 30 82 99 107 200 237 424 496
40 197 217 278 353 373 471 487 494
97 104 106 184 249 301 364 374 413
80 129 164 383 407 429 446 457 465
252 297 338 349 360 362 432 493 494
10 93 189 191 215 286 451 493 498
84 120 143 168 174 184 286 357 467
19 34 45 69 101 137 228 387 409
10 35 134 138 164 231 385 427 461
28 38 73 97 115 240 246 248 318
28 77 98 113 150 157 184 329 456
7 41 89 109 123 136 291 330 477
73 151 184 223 258 318 368 429 485
42 68 87 178 194 227 295 374 470
13 43 57 137 161 235 404 413 455
57 70 328 349 371 383 434 436 468
5 64 260 292 378 408 430 474 489
7 58 120 202 288 304 325 327 392
10 12 248 261 346 370 383 420 480
95 107 118 166 179 355 388 434 481
205 207 209 268 350 369 384 472 482
43 89 91 148 212 298 361 364 447
17 84 92 113 140 290 300 340 427
160 168 184 224 233 305 351 450 482
176 178 199 220 244 290 360 388 400
98 147 166 180 225 250 416 443 487
15 162 178 264 295 309 337 402 478
45 58 124 239 283 315 335 400 427
58 63 142 152 252 277 400 445 482
19 48 167 184 219 223 383 397 496
22 75 76 111 241 283 375 376 450
1 23 103 123 190 378 414 424 459
64 72 140 229 253 269 308 312 325
27 59 76 145 166 243 286 311 336
57 103 143 176 183 242 248 288 322
2 96 104 142 179 185 201 222 492
31 49 61 91 155 166 272 352 429
44 75 110 124 232 285 288 436 468
0 46 100 106 193 254 268 381 496
6 38 125 155 165 270 283 369 490
41 103 147 155 187 281 307 474 480
38 81 163 236 334 338 344 438 459
5 26 28 120 165 206 302 307 382
21 34 41 157 162 249 301 358 374
173 183 217 291 391 417 424 430 478
72 131 172 174 215 224 265 271 432
77 89 90 158 237 275 283 309 421
31 79 156 275 342 363 386 443 490
117 139 310 350 368 426 454 460 467
20 39 43 83 124 155 200 425 477
60 115 216 288 329 342 363 416 499
3 48 108 121 233 297 307 361 428
9 44 82 110 141 197 307 311 314
28 36 196 249 290 300 397 405 468
213 234 250 334 428 437 450 464 496
27 41 45 181 271 276 374 391 474
34 78 85 111 129 297 316 338 499
113 206 220 259 335 356 365 384 457
5 17 41 140 192 274 377 429 470
5 44 45 87 390 396 450 488 494
34 36 44 125 227 259 294 342 367
39 136 146 164 236 345 348 357 463
29 62 63 64 72 86 189 385 476
5 46 145 209 313 388 434 469 486
28 96 106 134 310 342 412 463 485
40 100 182 200 308 401 458 497 498
25 178 240 286 334 387 393 436 488
9 54 106 120 176 218 264 273 409
7 53 113 118 127 145 163 257 414
60 130 209 233 241 322 437 450 481
39 165 247 335 349 385 419 431 495
93 161 209 286 331 348 366 425 448
63 196 234 258 298 309 379 426 435
2 73 76 101 117 171 191 393 416
90 125 136 155 179 240 387 471 472
55 86 136 212 372 390 457 461 473
2 106 110 169 179 229 248 326 348
97 137 168 239 259 315 360 385 457
90 253 302 343 356 376 413 444 476
50 104 107 315 346 398 408 461 475
66 90 275 278 300 362 384 388 444
21 46 90 204 206 268 398 474 488
41 49 60 66 151 326 382 429 451
1 183 227 269 330 331 361 434 437
260 313 344 351 384 403 422 437 446
71 145 158 168 236 249 307 332 421
142 244 273 307 349 381 442 485 491
100 241 278 286 299 359 387 391 439
9 127 139 146 179 314 333 353 406
2 17 73 95 125 164 232 336 459
41 75 112 182 208 245 312 324 406
0 95 331 402 407 435 451 463 479
57 95 159 184 197 207 225 245 246
85 93 96 97 201 234 247 277 288
53 85 151 176 273 383 399 403 455
174 200 238 385 388 395 415 425 440
35 70 123 191 198 290 299 319 384
86 106 178 198 342 374 446 481 485
11 27 67 87 130 286 340 414 455
51 75 132 136 229 342 409 444 449
11 26 46 125 147 297 330 344 494
24 39 53 86 93 120 216 377 477
45 96 101 172 180 184 205 222 418
54 92 130 231 234 258 363 437 485
101 153 188 196 205 359 467 477 492
12 134 138 151 233 269 355 404 415
45 95 201 248 299 325 376 381 439
8 59 71 177 358 380 415 416 444
50 69 159 162 233 269 415 454 487
23 135 176 256 334 421 432 459 464
15 39 86 103 167 183 289 324 369
11 85 99 152 227 262 299 357 485
15 65 148 172 260 306 314 318 371
20 171 205 240 254 306 313 338 441
72 126 207 210 228 237 335 391 474
15 62 128 170 198 212 214 268 292
150 169 170 196 232 348 356 395 497
13 100 133 169 188 249 313 441 461
42 119 235 285 296 412 422 448 457
81 90 91 122 155 214 270 331 496
5 45 55 89 251 318 401 406 483
122 198 230 314 327 356 367 450 483
1 49 68 92 102 212 256 377 458
192 215 221 244 294 334 374 393 423
3 68 77 135 316 352 365 371 416
25 227 267 351 356 380 434 465 471
71 163 265 371 443 448 456 460 474
140 237 309 338 355 379 401 459 488
40 155 246 331 356 391 442 449 483
17 109 179 205 226 283 370 450 459
12 29 33 37 39 174 240 266 488
72 189 196 228 276 314 324 331 390
73 145 146 183 231 272 303 354 361 480
70 162 192 218 237 297 359 401 430 487
1 24 39 107 130 316 321 333 348 440
17 18 189 223 252 298 334 350 363 393
193 301 326 331 334 360 370 441 478 495
41 168 201 213 284 382 384 394 414 469
54 64 182 213 267 362 383 436 471 494
31 44 138 252 278 299 327 328 346 414
68 147 153 154 182 207 238 258 388 441
18 89 103 179 209 247 252 256 331 490
36 44 51 160 193 209 262 341 366 497
4 60 80 157 184 272 330 424 436 472
17 22 25 53 57 162 168 285 289 337
76 113 117 231 363 391 399 406 478 485
80 181 228 285 294 351 393 448 468 492
1 23 30 110 132 201 229 271 294 422
22 59 69 122 240 259 262 337 427 428
103 134 230 233 239 351 426 467 469 487
85 144 153 241 250 279 304 386 412 499
129 130 205 243 317 336 403 417 463 474
75 97 156 185 188 224 376 381 397 441
17 34 44 80 129 143 277 301 402 431
34 156 180 189 216 219 229 331 390 395
8 51 128 217 219 240 345 377 429 433
2 60 128 271 301 311 315 387 415 482
36 44 99 147 170 193 208 218 229 334
30 51 62 203 265 284 308 326 450 462
8 18 20 26 34 112 164 285 400 419
8 155 226 242 308 346 364 482 495 496
6 71 94 161 174 202 327 390 413 475
173 188 193 205 236 315 330 427 441 474
11 179 186 214 283 287 293 350 424 444
15 72 88 138 178 198 227 246 262 377
96 120 142 146 162 184 311 334 412 457
11 20 22 205 210 225 250 300 409 418
35 55 97 111 127 231 242 259 306 422
46 86 135 151 270 342 347 415 420 451
159 169 240 310 348 420 422 442 447 454
44 269 293 344 383 393 403 408 462 466
2 33 58 89 266 303 307 330 393 419
12 22 95 181 354 367 376 380 419 442
119 159 222 281 292 331 355 396 464 467
35 49 98 200 253 320 324 335 396 430
3 128 244 288 304 338 347 385 460 490
78 86 140 183 214 276 381 387 412 425
45 85 121 198 218 254 266 267 365 391
15 68 99 215 235 248 281 401 429 465
111 149 174 200 235 276 304 372 452 472
46 57 83 184 266 292 293 470 478 499
92 192 195 224 267 280 299 305 345 441
4 25 183 220 231 233 383 388 445 477
39 55 138 155 166 179 212 224 248 269
2 92 119 120 136 150 159 294 395 476
13 77 135 175 229 242 252 294 315 466
25 32 130 177 195 327 340 432 443 451
78 93 163 175 263 349 367 388 394 399
95 134 197 295 301 360 397 415 418 476
48 49 87 177 237 267 281 350 385 434
2 3 77 178 184 254 285 291 309 327
8 11 74 116 117 126 158 283 369 476
27 77 91 97 148 172 217 294 361 380
55 130 214 228 310 336 408 436 451 471
36 40 56 169 216 254 375 398 417 441
2 16 21 79 204 216 236 302 304 372
92 159 174 258 268 294 335 450 486 489
18 88 90 157 245 270 340 354 416 442
6 41 62 149 150 258 311 342 349 371
18 135 172 217 231 317 345 348 370 415
182 185 264 272 285 287 377 392 440 443
3 9 178 296 369 432 447 473 475 483
13 49 53 54 128 144 171 389 402 468
104 260 272 280 358 380 397 424 467 494
98 127 151 180 216 324 345 425 487 488
5 169 183 198 219 317 323 392 393 454
4 202 332 333 347 389 398 440 446 493
21 109 132 166 223 326 338 361 385 418
11 61 64 88 107 212 419 430 463 499
3 5 30 34 226 263 278 299 426 443
41 45 70 145 230 236 298 338 408 425
9 90 100 160 164 208 254 293 348 371
12 126 262 263 280 287 302 447 460 481
16 126 150 189 205 285 302 352 459 463
34 59 60 102 170 182 215 261 370 489
102 111 124 161 204 241 289 303 325 343
21 23 259 262 268 339 368 386 434 490
34 39 135 141 151 346 402 453 461 468
82 275 287 375 387 400 401 419 458 465
24 60 124 131 227 342 385 434 488 496
15 23 84 89 108 142 153 295 347 455
39 130 131 156 158 162 257 374 439 440
6 19 59 73 84 114 119 280 361 469
37 55 74 114 145 160 163 284 390 448
4 37 225 257 307 318 376 481 485 493
24 72 96 229 277 289 304 387 398 498
11 15 125 191 233 243 326 374 422 434
19 40 57 76 94 133 250 395 421 444
55 109 203 208 256 293 341 349 380 493
26 166 217 239 299 381 387 403 464 482
92 98 149 180 182 221 263 296 471 476
68 77 81 91 93 200 325 354 404 468
12 15 88 134 165 284 328 366 457 467
63 77 82 120 127 325 402 403 434 468
18 46 184 190 203 240 319 362 416 494
13 48 73 224 236 264 273 344 348 494
51 96 124 153 181 213 320 351 358 447
44 67 153 251 257 263 280 374 377 416
35 96 181 205 259 285 324 352 390 453
95 136 158 168 179 181 188 206 229 482
79 171 189 204 321 343 346 357 408 472
30 80 88 139 141 223 314 389 400 431
26 165 192 197 230 271 286 316 367 494
10 15 16 109 133 261 280 304 312 402
11 124 198 298 341 352 366 482 487 492
36 71 153 207 249 298 385 430 443 449
2 42 51 55 56 132 219 224 377 411
118 120 164 256 314 328 377 387 388 398
7 90 155 161 272 298 340 406 442 450
9 69 77 96 121 235 263 282 441 453
19 102 135 138 144 178 227 287 406 426
66 71 148 195 213 216 281 371 411 444
1 52 89 101 155 221 250 295 427 450 479
37 48 112 177 184 190 203 220 289 400 486
13 15 137 157 219 250 258 269 274 403 482
5 45 113 142 144 236 307 336 345 391 419
23 56 105 111 117 149 239 301 311 322 497
18 51 77 80 85 138 154 282 334 395 478
55 86 88 89 118 172 181 210 221 408 428
4 47 86 143 221 255 303 322 331 466 495
22 90 176 184 191 233 269 296 367 391 402
53 124 183 226 232 299 310 423 430 436 485
90 96 106 130 241 275 283 305 325 426 481
88 141 304 323 332 355 391 439 441 474 487
1 21 57 136 159 201 212 243 248 341 470
86 138 141 147 170 321 332 410 412 426 428
6 7 134 152 219 237 246 272 334 433 495
30 88 98 146 248 303 322 383 386 410 436
73 108 142 225 243 284 369 387 448 495 499
19 27 38 123 124 138 165 193 230 300 370
39 66 112 136 155 206 252 290 312 361 433
115 118 184 227 230 270 285 350 471 481 495
30 109 183 212 225 229 284 297 330 361 427
46 116 200 227 262 293 308 317 339 371 395
6 152 221 224 251 273 355 374 408 417 460
27 34 65 154 232 268 310 389 390 401 443
91 109 111 179 228 249 256 291 364 378 464
15 74 119 140 207 235 255 343 349 414 476
31 51 66 134 175 264 319 343 372 426 461
3 50 115 122 128 132 194 285 342 402 423
24 26 55 82 84 134 188 217 306 371 374
11 12 13 26 60 86 152 261 285 394 399
44 113 131 221 239 318 361 380 396 443 498
3 50 71 102 149 281 319 323 334 476 487
57 105 127 194 229 267 273 299 309 436 483
35 54 86 127 132 277 329 389 464 482 491
10 47 87 99 104 197 286 291 374 418 421
33 151 164 181 295 343 384 399 416 424 439
82 90 91 107 119 134 162 228 248 371 436
15 67 79 150 223 290 308 354 363 379 477
10 113 163 187 202 248 269 376 411 421 495
175 176 217 274 345 382 396 406 449 471 495
6 147 192 254 300 321 358 457 458 476 488
122 201 206 264 310 333 342 349 409 445 490
46 109 118 135 186 201 205 257 269 484 498
58 62 98 112 144 154 160 222 272 293 305
39 46 50 62 79 82 268 279 303 305 457
23 29 52 106 113 144 185 191 196 220 254
6 8 74 83 173 200 278 344 362 403 452
27 43 50 52 98 237 238 256 282 290 364
18 81 101 131 170 325 345 354 356 366 457
3 11 38 81 87 111 216 256 275 307 460
13 58 98 154 204 205 208 252 276 357 375
12 45 154 195 225 280 328 446 454 485 487
5 83 170 247 328 341 365 407 422 478 494
0 6 32 48 150 193 261 314 328 449 455
13 103 240 256 276 293 299 382 408 411 477
97 108 169 184 190 198 322 335 404 429 457
7 49 61 93 167 231 321 353 420 426 482
2 40 46 49 92 107 251 265 379 386 414
135 187 203 212 267 275 363 423 428 459 491
27 40 70 97 216 221 288 290 319 383 465
16 44 90 101 142 153 171 298 382 437 459
38 39 42 74 114 191 267 327 355 438 461
62 85 95 104 202 203 347 439 443 462 474
18 24 56 63 68 134 144 169 204 247 403
61 96 99 120 128 163 196 342 427 446 452
8 33 50 54 64 118 157 361 400 438 476
3 4 36 55 120 248 271 294 367 389 482
22 82 89 131 224 246 382 383 421 454 482
68 71 74 88 113 151 261 302 345 398 495
38 141 159 217 230 311 342 347 403 485 497
41 43 160 217 343 365 410 416 423 433 452
40 61 64 65 126 148 155 299 318 346 451
3 61 67 100 193 230 245 317 319 427 463
41 62 153 161 173 264 271 415 429 452 473
32 67 193 209 211 221 325 335 366 433 445
15 44 61 74 197 255 329 354 388 443 490
28 94 172 208 215 265 288 300 301 392 448
2 48 91 199 259 265 331 356 366 389 469
45 81 89 105 193 205 229 324 368 414 479
57 76 124 153 191 267 291 435 455 477 495
3 10 226 287 302 317 336 424 437 446 498
75 100 115 145 199 330 345 372 439 452 467
39 308 335 349 355 370 385 409 426 429 436
24 39 73 79 85 93 191 228 320 334 414
49 50 235 236 241 254 270 363 365 433 446
12 33 39 128 270 317 355 396 415 485 493
67 86 91 123 182 225 240 248 303 332 491
142 162 222 223 341 386 387 403 410 463 489
44 152 173 192 227 236 252 320 359 378 416
13 73 103 184 239 277 375 407 447 476 490
57 75 236 250 308 363 370 389 461 484 496
17 121 140 278 355 409 432 461 489 490 495
6 75 172 203 251 271 298 307 310 349 382
43 71 96 98 120 152 155 195 199 408 489
70 165 207 218 283 319 362 372 402 431 439
36 46 50 166 183 272 372 449 466 475 490
8 21 89 133 198 217 219 265 332 333 402
41 60 120 250 312 364 370 383 433 460 476
5 21 28 42 201 227 315 326 393 404 453
126 135 143 163 193 220 230 267 369 400 427
25 57 74 186 303 315 327 365 413 434 466
16 96 111 120 147 341 349 374 415 428 472
44 56 200 221 234 260 279 292 329 370 490
84 131 135 171 208 297 317 386 403 448 499
18 26 35 258 289 304 319 441 472 479 491
43 176 178 316 330 365 367 382 399 423 494
28 63 119 131 135 166 174 261 313 441 448
81 88 186 207 212 218 243 262 360 405 492
54 58 82 106 148 159 182 257 367 471 490
7 193 253 278 333 335 354 457 464 478 494
66 157 189 190 193 259 261 366 399 425 469
12 209 264 302 318 329 400 419 430 452 494
51 68 86 174 254 289 304 307 328 342 428
15 93 130 225 230 285 346 364 372 452 469
78 113 134 206 248 336 357 386 413 422 468
8 32 55 67 144 168 195 353 357 393 479
21 56 61 65 148 211 247 388 420 426 447
53 55 77 140 183 193 200 201 227 321 481
196 308 326 338 397 400 408 454 466 475 481
0 57 101 130 175 189 220 256 279 311 324
8 13 76 97 110 114 179 338 350 360 432 446
67 192 229 273 283 301 305 313 389 409 459 465
8 85 197 204 218 220 247 258 289 415 454 468
172 215 239 275 277 287 314 356 379 386 461 475
58 91 123 177 190 239 243 268 296 388 431 454
15 59 91 201 227 259 274 295 359 372 424 479
18 42 73 82 140 172 188 212 401 403 407 475
40 64 94 118 199 293 370 409 415 422 430 479
11 15 52 73 98 125 266 384 428 432 467 486
16 31 141 154 187 277 313 412 428 442 452 484
6 81 144 257 258 303 402 423 427 450 482 486
31 41 72 86 116 121 169 229 261 265 315 478
18 107 215 237 240 274 317 322 327 391 471 482
27 209 228 234 236 237 267 323 335 408 411 446
8 61 123 128 149 276 281 286 331 338 395 494
21 70 80 106 108 139 177 218 374 405 478 480
4 120 137 155 167 178 284 287 291 367 395 416
65 108 146 199 273 293 373 390 394 410 421 442
46 91 123 129 159 232 242 252 294 329 344 355
61 62 64 102 123 167 173 182 269 434 459 494
26 58 86 139 265 267 268 316 332 350 446 480
21 74 100 189 195 201 212 285 303 348 448 453
51 124 182 223 226 266 337 349 359 393 419 449
16 47 48 75 118 168 239 261 290 343 371 444
23 63 121 170 203 224 266 292 354 393 394 444
148 194 245 271 293 326 435 467 481 491 496 499
34 69 72 73 123 230 239 309 342 397 444 453
101 180 182 186 193 222 253 318 320 422 435 454
41 92 96 109 155 190 284 358 423 425 454 464
10 26 41 170 171 209 234 241 306 364 421 445
31 43 179 257 308 313 331 369 389 409 440 474
55 58 67 84 104 110 210 213 374 378 455 492
34 94 142 156 216 228 257 278 338 378 404 457
94 98 102 151 199 203 266 307 396 398 446 475
36 85 87 160 167 270 356 386 427 451 453 493
7 16 38 68 71 92 254 343 345 433 451 465
98 110 168 173 217 312 326 331 335 361 455 477
0 57 60 83 132 150 153 185 200 393 442 494
15 19 58 68 112 310 328 338 408 419 425 486
1 52 109 144 244 261 281 349 356 367 410 431
24 251 290 296 299 321 338 351 359 389 397 400
12 14 36 46 91 117 183 212 277 321 370 389
5 26 91 112 121 194 211 282 346 378 400 499
65 68 95 109 185 240 389 402 416 437 448 465
130 156 249 275 283 291 300 317 360 375 383 485
108 126 177 184 235 258 263 269 283 337 430 452
138 264 276 319 379 418 421 441 450 470 475 481
17 24 53 67 146 251 271 278 291 344 349 359
107 140 161 168 220 315 412 418 447 455 486 492
165 170 183 197 202 230 231 263 266 320 371 425
17 39 46 91 111 137 144 193 312 387 393 483
39 108 178 184 222 288 319 324 405 438 447 480
8 54 79 97 177 261 316 397 417 433 439 492
19 24 37 115 134 136 167 170 264 342 429 452
20 61 97 115 122 161 301 358 369 403 451 470
9 17 118 146 187 227 240 316 332 356 365 441
108 191 201 218 239 253 278 291 315 418 422 499
3 14 59 108 110 137 144 189 362 432 461 468
17 36 39 135 171 219 252 257 262 286 359 449
41 189 218 247 287 306 339 361 368 378 394 472
16 25 99 120 251 252 276 282 333 373 471 482
29 32 72 92 133 217 263 353 354 360 424 498
3 5 74 141 167 338 370 374 413 429 448 495
41 63 66 86 104 107 275 363 364 401 438 485
39 129 169 182 210 225 241 243 278 351 372 396
22 93 133 156 189 194 200 219 337 338 452 472
20 26 48 60 175 206 316 362 382 472 487 498
12 15 45 92 94 97 257 288 292 298 408 463
60 71 84 265 269 309 331 407 423 440 452 478
47 67 127 168 192 198 318 332 373 440 458 487
76 77 184 194 221 251 273 310 363 388 417 481
40 48 94 124 230 241 284 324 374 412 441 456
95 102 109 122 130 149 167 201 224 228 386 398
62 129 178 259 272 288 331 343 438 456 475 492
69 177 236 262 297 300 309 351 406 418 445 452
15 46 103 174 198 201 209 224 230 232 259 397
27 166 211 214 253 267 299 302 331 459 475 499
23 91 93 137 159 166 190 318 373 423 444 467
115 122 228 230 232 259 268 393 449 452 459 470
125 158 187 224 257 266 318 356 389 443 469 495
87 111 149 181 199 224 243 285 339 354 385 425
48 209 240 355 372 378 439 448 474 478 494 497
15 32 113 164 195 205 365 374 411 414 428 470
75 155 207 221 236 255 288 323 360 368 401 490
23 50 61 90 107 114 258 288 289 407 448 462
24 42 45 126 196 222 247 266 324 378 426 471
8 25 94 97 163 189 193 229 250 317 329 411
16 48 108 189 242 260 313 326 370 384 415 424
122 139 153 189 203 204 226 233 268 320 335 457
6 22 24 114 136 152 163 221 255 258 420 478
16 22 69 77 93 118 121 146 210 237 281 308
7 119 145 156 169 281 308 324 340 349 372 405
90 163 170 193 277 291 330 342 365 455 473 499
99 201 218 219 288 330 347 389 395 397 447 462
29 195 196 231 252 269 277 313 381 432 483 490
22 39 70 73 148 190 299 347 413 426 428 476
61 101 149 175 223 248 251 265 331 332 429 464
22 30 59 71 72 265 305 369 404 445 465 476
54 75 99 149 179 216 255 299 330 388 391 419
23 26 101 142 215 222 243 246 256 283 303 381
71 109 165 189 228 235 236 262 317 321 408 432
12 50 144 176 220 229 269 307 324 334 413 429
52 103 109 173 194 226 240 252 262 428 482 485
1 80 182 200 213 255 287 319 320 399 406 484
29 77 96 197 318 387 388 406 413 441 473 494
17 47 115 133 137 141 240 244 280 409 412 442
35 163 190 233 246 279 305 308 325 339 343 499
17 36 77 84 184 241 245 286 293 380 398 470
17 22 52 53 78 228 360 391 400 433 460 473
63 94 169 210 248 264 268 287 309 348 371 396
12 81 87 188 201 233 248 262 264 291 382 477
26 55 67 107 172 175 184 185 313 392 403 424
56 59 95 141 148 165 242 327 363 399 424 453
35 46 63 148 175 232 240 251 351 398 451 471
3 60 125 138 172 226 339 349 376 441 447 497
14 95 184 229 238 267 273 420 454 456 457 494
7 28 87 106 178 218 276 307 364 414 489 494
13 17 147 180 225 229 235 311 322 355 448 457
17 53 89 135 166 175 201 287 298 356 372 428
48 111 125 132 195 324 336 348 363 369 451 497
9 16 68 81 103 213 227 265 316 333 338 418 443
30 60 83 168 207 240 254 275 353 354 395 441 485
11 13 62 69 140 156 191 219 269 284 305 381 417
45 63 152 185 190 242 262 270 300 308 391 459 468
50 116 167 251 275 289 293 298 301 404 426 440 481
30 147 196 202 243 247 268 291 357 425 426 428 484
79 89 179 190 288 336 351 383 385 425 447 461 494
69 74 117 132 138 183 225 235 301 378 477 485 488
22 40 152 218 234 276 399 415 425 440 489 491 499
89 91 104 114 176 190 204 219 222 227 291 326 452
15 19 30 38 99 140 149 251 286 346 357 414 496
154 159 189 195 212 305 307 372 374 398 401 466 488
2 13 15 254 261 292 293 299 351 429 443 453 486
16 42 43 47 54 90 187 200 271 277 296 406 471
57 93 100 154 207 216 265 313 327 336 387 457 479
22 123 136 158 194 209 249 289 308 351 365 409 426
56 70 111 162 173 193 255 288 301 354 441 460 463
25 78 118 145 229 244 265 275 345 352 377 442 469
8 36 88 109 136 140 141 216 294 379 443 474 484
11 33 64 79 98 111 171 231 257 279 442 455 464
7 182 189 196 239 240 305 344 356 382 403 455 494
53 75 172 241 281 297 308 349 383 432 444 464 470
11 17 120 174 175 199 204 219 278 304 357 427 433
0 14 83 97 111 116 218 254 349 357 403 425 436
0 69 76 134 194 243 289 363 369 449 462 469 499
4 121 164 210 243 276 296 302 314 354 366 432 465
152 225 232 255 275 310 349 357 361 374 379 401 406
17 43 71 103 119 147 161 184 190 239 250 345 468
3 74 104 117 144 219 274 329 343 438 458 480 496
2 11 17 93 123 129 140 151 196 221 251 308 362
75 76 94 110 130 150 242 254 296 314 362 374 469
44 48 59 95 213 219 295 316 378 379 416 423 431
19 29 62 98 212 217 247 387 411 442 454 474 476
35 54 76 102 152 167 217 258 281 384 455 488 489
11 62 66 91 169 177 188 232 296 303 357 468 479
48 65 101 103 229 255 332 333 359 380 381 396 410
4 35 49 186 187 221 277 279 311 337 386 394 436
5 37 113 149 168 240 246 263 281 344 382 401 412
54 65 102 124 161 169 217 241 243 257 258 409 462
1 6 147 239 274 289 326 385 386 399 473 476 483
50 72 114 135 141 153 213 250 254 256 281 342 404
48 55 125 139 176 181 246 253 278 284 365 461 496
3 148 158 161 187 202 272 278 283 362 365 374 416
15 85 87 144 167 186 264 282 369 371 421 465 495
29 76 89 113 115 174 199 237 384 407 409 471 484
17 23 32 48 85 132 321 344 377 419 425 448 449
0 11 49 66 130 135 158 208 264 301 423 457 477
69 104 109 119 188 255 264 394 472 482 483 487 493
127 144 162 187 205 234 253 306 308 357 417 427 474
24 61 79 85 163 194 215 229 231 263 432 452 478
56 68 105 169 177 190 195 208 262 306 337 353 384
17 142 147 148 264 274 403 404 452 474 478 481 498
6 37 51 253 279 299 341 352 359 364 387 469 491
18 48 87 168 182 218 227 239 251 253 398 446 464
59 212 239 241 310 349 360 367 388 398 461 475 497
26 85 130 136 148 165 186 205 220 227 248 264 310
81 95 159 197 224 237 243 284 353 365 405 456 499
6 23 59 159 266 272 301 302 308 323 351 366 440
41 67 141 260 265 266 303 315 340 351 443 482 495
78 143 176 190 191 214 249 293 303 347 371 459 494
14 19 47 115 130 149 291 300 350 390 440 458 490
51 86 115 161 220 231 247 282 309 310 326 364 376
89 121 159 161 172 206 233 325 328 337 353 425 481
60 87 102 173 178 257 281 283 318 369 430 464 486
2 45 65 82 83 153 314 323 417 422 434 489 490
11 58 76 106 169 211 212 314 321 339 424 443 489
18 49 89 153 172 238 275 283 289 298 311 342 444
1 13 28 63 95 123 129 140 193 201 240 248 254
48 213 231 244 247 305 312 322 383 391 395 401 426
18 33 40 50 63 67 76 92 103 145 189 205 226
66 79 100 107 118 128 181 197 322 333 353 442 461
15 58 124 137 151 172 201 211 230 251 310 317 348
47 98 112 135 139 142 181 187 204 208 321 323 487
1 3 34 40 82 112 171 253 275 276 355 436 469
48 52 125 195 208 237 242 253 326 421 451 461 474
42 47 83 126 142 145 317 336 395 430 444 477 486
17 29 41 76 78 83 85 154 221 342 393 395 439
40 55 77 83 104 150 156 249 387 421 453 459 467
8 45 68 97 168 238 296 299 322 328 358 382 399
6 12 99 108 110 186 254 279 301 330 411 452 479
56 89 102 118 152 157 163 250 269 331 365 386 466
37 48 52 96 97 108 199 266 401 413 451 459 480
9 48 138 156 170 240 258 273 277 359 382 406 439
20 48 73 85 120 168 238 245 312 351 353 438 472
89 95 96 113 124 167 185 208 316 336 341 367 421
36 95 166 197 239 257 261 295 297 323 349 390 413
76 78 142 191 205 210 238 288 294 310 337 416 463
59 63 64 71 142 251 318 354 377 385 401 431 445
47 52 70 106 160 187 228 262 272 275 287 365 402
46 110 117 132 163 220 228 336 343 383 386 428 456
17 38 46 207 225 306 330 338 346 356 377 458 494
5 36 106 191 225 230 284 304 324 326 358 400 480
61 65 99 101 124 131 187 217 293 304 311 383 433
41 79 107 131 134 165 200 205 217 259 282 362 494
20 101 229 242 256 292 293 329 385 398 417 454 494
1 34 40 131 135 155 161 211 227 317 337 395 420
2 79 109 143 148 150 275 280 367 402 420 450 460
49 75 123 199 235 250 278 340 350 356 392 444 458
60 160 167 170 186 209 242 271 285 321 331 410 474
61 151 156 193 218 264 348 351 357 382 405 465 471
11 23 34 70 73 92 115 154 281 331 341 372 499
38 45 54 76 98 121 128 153 174 203 215 223 314
101 128 180 202 230 302 319 320 355 367 390 415 439
5 20 44 72 83 155 166 212 253 290 487 490 497
18 27 39 57 102 188 250 271 307 338 395 425 471
2 11 77 124 150 156 157 249 269 282 367 383 459
10 42 47 92 146 245 302 309 437 441 443 467 472
28 37 43 51 65 71 110 148 163 186 289 290 380
87 118 131 195 351 354 358 366 415 447 469 476 481
25 38 58 59 107 113 137 155 215 432 440 451 493
71 80 113 115 136 217 226 283 349 379 438 449 485
26 50 116 134 140 312 327 336 423 429 433 446 461
18 79 128 139 166 219 309 330 332 351 394 462 496
1 8 13 54 55 173 209 252 330 356 411 477 486
11 45 104 126 167 262 311 326 374 383 427 438 495
22 24 28 45 66 122 220 232 285 393 408 498 499
15 41 81 172 213 267 287 350 356 361 369 384 404
8 12 80 95 131 178 267 280 290 390 434 435 459
104 129 201 232 278 289 339 435 436 441 447 476 491
32 67 192 199 209 231 236 237 269 341 391 400 436
47 65 84 193 209 263 275 326 334 340 424 450 455 492
39 70 158 199 284 301 310 316 320 355 409 422 467 492
7 22 26 129 165 191 194 239 256 370 397 433 450 478
58 78 83 93 96 160 232 287 290 328 403 426 459 461
25 73 82 92 133 135 165 242 245 305 344 385 407 437
11 109 137 145 167 208 275 332 347 390 415 434 454 469
73 84 96 106 150 185 205 212 232 318 419 453 464 481
7 25 27 59 92 134 237 239 243 322 366 484 487 491
29 32 63 64 107 128 167 186 197 211 220 294 349 413
20 32 39 40 47 63 93 97 149 208 219 260 343 469
17 48 52 89 92 100 102 114 181 235 239 271 298 366
16 26 45 84 95 147 160 246 285 309 338 380 385 468
31 65 113 128 170 214 218 257 281 331 375 464 488 492
59 83 129 219 339 342 368 384 387 445 450 461 471 484
59 85 146 167 172 241 250 308 327 333 368 389 409 428
43 63 90 101 105 108 143 198 291 299 304 380 386 464
18 32 111 127 143 166 218 253 269 313 351 396 417 441
76 115 180 244 259 271 296 302 347 381 419 428 473 474
15 135 169 232 245 281 301 319 362 392 424 428 446 498
45 133 187 216 272 316 319 320 372 375 384 399 400 416
45 55 73 77 116 124 156 179 252 269 293 409 442 459
10 111 116 120 163 218 250 279 286 344 387 397 471 474
44 136 173 242 252 263 290 304 349 351 352 388 452 493
31 60 79 84 93 129 142 153 160 245 271 309 319 484
82 113 151 210 228 298 328 347 374 379 412 414 419 455
46 62 82 105 155 185 272 296 307 339 359 364 435 479
69 78 79 92 99 109 120 169 173 240 277 354 389 426
10 60 104 181 199 307 325 337 357 361 370 396 407 486
10 22 104 128 133 149 197 213 231 268 323 340 353 493
34 49 91 173 188 217 224 234 242 244 321 366 403 496
4 9 33 71 96 125 179 186 198 305 309 404 416 493
5 27 34 40 46 122 139 148 248 303 329 347 410 432
16 181 237 251 290 338 370 389 412 415 446 452 464 474
67 95 103 105 157 176 279 312 396 401 410 412 417 495
24 37 98 106 141 208 217 240 275 290 302 311 367 477
4 13 19 51 137 141 174 199 230 257 284 412 421 444
18 87 109 148 157 201 363 368 372 381 420 449 451 457
87 88 96 135 159 182 222 234 326 339 432 448 491 499
10 81 82 132 147 198 236 243 293 312 391 415 420 433
60 152 183 199 243 268 286 328 377 388 411 440 451 494
28 80 106 117 122 162 169 184 216 293 302 304 368 377
49 134 188 231 262 306 317 349 353 372 441 450 455 485
31 59 78 141 167 190 249 285 330 340 345 376 434 476
13 120 200 206 231 263 267 274 318 339 369 376 413 499
2 62 85 133 136 145 194 241 282 292 347 367 395 432
24 42 50 75 82 110 113 244 319 331 355 433 446 475
10 23 111 148 168 179 197 200 219 251 252 347 360 410
2 3 50 180 212 248 305 310 405 441 446 458 476 484
29 39 60 63 134 179 198 255 259 278 316 413 451 462
6 36 140 161 186 225 233 270 274 282 293 297 332 385
19 88 108 111 113 141 143 156 162 252 335 359 368 483
11 60 99 124 132 147 216 257 260 342 366 400 421 428
48 134 211 232 236 246 252 281 291 293 294 402 435 439
10 21 78 111 153 204 239 300 327 339 381 394 406 458
62 67 79 90 137 228 264 289 334 384 405 464 478 493
1 32 53 86 90 121 140 188 228 345 360 383 478 497
43 66 102 152 201 203 277 300 301 355 360 385 465 498
49 99 112 182 219 225 226 258 260 270 300 368 389 450
9 20 105 122 123 220 237 270 360 361 417 425 461 473
32 50 68 99 156 259 272 286 289 415 423 427 429 476
7 34 54 82 122 146 214 252 258 340 364 395 416 436
2 7 8 72 86 105 124 149 270 305 326 378 447 473
11 24 40 60 99 166 283 293 310 319 372 418 453 493
32 43 83 147 215 217 238 282 351 356 442 450 453 473
33 41 54 72 203 238 241 264 279 286 383 386 403 486
24 52 93 137 165 247 266 277 304 336 385 467 470 482
42 55 57 77 100 131 133 159 174 207 208 357 468 488
82 132 137 157 189 196 260 289 317 358 412 438 483 485
33 38 98 117 147 149 191 201 259 293 303 325 430 486
36 85 87 90 150 204 211 226 227 357 363 392 420 496
41 130 150 167 188 208 237 248 267 282 286 308 360 424
14 60 87 144 148 166 235 283 353 378 424 454 465 498
139 141 143 213 291 305 337 369 376 388 406 411 419 490
6 155 177 180 245 249 334 376 382 390 404 414 461 471
0 30 70 122 171 194 196 199 254 286 290 300 304 358
14 22 60 157 161 242 244 336 381 402 450 451 453 498
1 7 22 95 126 142 305 339 350 386 404 430 463 486
45 55 136 144 149 159 215 232 253 324 362 371 399 456
58 109 160 171 211 291 294 295 324 394 401 404 426 443
16 28 46 54 72 144 148 194 305 334 344 379 453 462
1 43 113 179 207 324 336 339 355 358 451 456 468 472
10 85 94 113 156 161 203 220 265 369 402 405 451 464
19 85 212 217 231 270 287 326 353 384 396 426 442 489
92 138 164 214 262 268 278 318 347 358 420 437 440 486
35 39 122 150 169 229 291 292 303 360 415 459 475 484
17 41 111 135 182 206 229 249 276 288 315 375 389 445
41 69 76 198 292 312 325 386 424 441 448 462 479 489
157 170 310 334 347 350 382 388 398 423 444 449 464 490
11 33 70 102 117 243 258 272 281 282 320 427 474 477
37 40 41 60 76 79 108 127 170 211 244 271 296 406
12 112 115 168 187 192 218 243 278 282 292 296 313 469
71 101 114 173 200 213 330 337 347 375 417 431 486 493
9 13 61 73 112 122 142 150 156 304 318 354 442 471
61 69 92 125 149 166 211 274 316 353 361 363 445 465
2 35 64 88 90 192 197 265 272 330 352 372 424 453
7 68 71 77 118 126 158 163 211 214 396 417 454 482
12 54 208 232 258 318 345 363 410 422 441 449 457 488
37 71 78 95 164 231 268 303 345 381 414 424 427 459
53 69 82 102 118 138 166 183 291 341 376 449 459 478
21 39 65 170 186 191 209 227 251 301 312 327 403 438
41 42 52 136 174 204 266 343 356 379 381 394 407 426 465
14 19 49 81 113 163 206 229 240 309 353 362 377 395 420
10 24 65 92 99 149 189 203 226 253 331 431 464 469 472
29 50 138 173 241 248 278 281 333 364 374 378 448 454 460
10 14 42 104 107 162 169 253 275 346 401 402 407 434 471
39 40 46 53 58 83 89 103 147 149 204 214 274 289 358
92 116 117 160 260 279 284 302 340 362 363 390 414 450 472
79 109 130 163 170 242 249 250 257 307 314 320 479 484 488
7 14 33 34 52 54 115 117 137 162 216 224 231 337 404
51 145 183 184 188 197 238 299 328 336 402 427 451 473 484
5 59 70 72 104 154 180 197 279 320 331 370 382 448 483
3 11 27 126 185 188 197 216 223 277 282 380 405 443 486
82 102 116 121 141 179 205 217 223 250 285 300 341 387 457
10 67 85 124 144 175 212 252 253 269 313 380 445 446 481
5 95 118 146 191 207 241 252 290 301 317 355 439 450 479
1 48 63 67 140 146 173 210 218 230 259 307 323 436 470
28 43 191 244 248 251 267 268 275 317 395 398 411 467 481
13 37 87 96 118 128 164 229 233 245 339 399 442 445 446
5 43 80 102 105 115 141 143 186 240 301 305 370 432 472
148 149 151 186 189 253 278 286 290 331 341 363 365 383 480
26 28 41 53 58 150 179 193 206 233 270 294 383 388 390
44 52 107 138 205 288 300 303 323 350 380 427 448 462 485
68 148 160 168 216 232 241 242 269 317 335 376 416 422 429
83 129 144 151 153 155 181 221 250 356 372 417 426 434 446
24 43 78 107 141 165 179 186 200 300 310 320 359 402 412
1 38 42 124 142 182 226 288 295 322 337 346 426 466 496
32 53 101 192 272 298 332 343 349 384 398 455 485 486 498
4 100 103 108 129 151 172 186 222 252 360 419 422 453 489
54 61 113 137 141 149 255 294 303 312 314 379 385 418 474
10 24 62 71 72 97 111 212 285 357 360 369 381 451 464
2 103 119 125 169 206 243 258 273 327 389 403 444 462 475
13 30 46 67 140 213 231 238 264 271 314 333 419 460 497
20 75 87 88 136 181 255 275 330 362 394 424 468 483 491
33 54 63 72 83 129 131 218 362 373 375 381 420 440 495
43 44 58 119 130 146 171 228 233 359 398 435 457 462 498
19 38 83 93 119 173 202 243 247 275 360 381 424 469 481
35 78 83 118 150 158 246 259 298 321 351 397 406 414 416
27 54 66 78 85 91 134 173 198 210 289 319 340 412 435
11 22 48 51 54 170 198 249 289 292 422 435 436 487 496
28 33 65 126 133 183 207 238 306 312 321 354 437 453 457
25 39 113 143 224 254 345 352 378 409 410 421 467 469 479
0 37 72 97 113 180 190 200 229 326 344 419 448 462 490
61 93 129 199 203 279 345 368 372 389 413 422 457 458 493
27 44 104 178 184 199 221 230 233 242 262 293 331 386 474
85 103 128 132 200 230 237 294 306 350 357 376 385 390 472
28 84 123 132 226 245 262 282 342 375 378 384 388 392 471
32 68 102 160 174 229 231 240 258 285 332 346 352 448 468
25 56 146 169 174 216 226 252 266 311 336 360 419 424 434
23 105 135 140 176 288 314 327 341 344 353 354 380 453 476
3 46 90 92 105 132 169 230 244 319 323 382 383 424 448
17 83 122 139 182 195 245 247 262 272 278 379 416 429 460
36 99 138 142 168 219 224 255 317 370 430 433 479 488 490
12 82 100 127 165 209 241 275 304 325 345 356 409 439 466
47 114 140 154 197 213 290 322 332 350 430 441 468 478 494
42 70 73 86 88 118 136 160 178 180 212 215 326 436 459
4 28 49 56 123 127 209 215 257 276 281 311 399 458 482
12 30 75 77 117 189 235 263 269 282 304 305 377 411 449
23 30 39 123 127 131 132 149 233 268 340 378 444 493 498
2 7 55 190 292 293 305 321 388 425 428 432 444 452 454
62 74 82 92 120 155 176 203 226 232 236 254 259 266 271
35 45 55 103 107 113 158 174 289 363 366 387 413 424 498
26 73 97 213 223 231 281 309 318 350 361 389 402 447 450
0 23 49 53 126 148 149 161 271 342 366 390 431 443 467
5 97 216 261 294 307 335 359 362 402 409 415 425 453 471
14 83 117 173 240 268 316 323 324 336 340 416 429 463 464
13 76 109 203 236 267 270 319 338 359 368 385 389 413 474
11 21 43 64 69 82 146 240 258 259 324 354 374 401 441
1 99 100 137 161 165 239 249 250 272 302 346 348 396 475
33 68 198 204 213 215 255 267 272 368 414 435 474 486 493
0 47 53 57 169 194 211 270 292 305 320 324 348 362 440
53 86 91 99 141 196 202 206 285 360 369 370 417 434 487
25 46 53 63 136 144 177 258 297 315 420 422 468 480 498
70 117 137 220 241 244 264 273 280 281 304 317 350 355 406
2 38 44 48 53 89 181 200 201 208 249 255 301 312 383
17 32 97 131 137 208 218 232 266 272 287 290 344 373 476
10 42 52 58 67 92 100 120 164 240 363 374 383 459 464
48 57 63 102 118 185 203 219 268 291 341 361 451 489 498
77 84 97 128 144 162 179 192 253 328 406 421 424 458 493
24 29 57 87 209 213 256 310 322 349 401 408 409 419 462
31 168 177 190 197 209 263 282 308 329 330 382 405 406 427
15 67 179 252 301 311 333 342 373 383 423 426 455 464 466
35 39 40 49 243 249 261 312 318 335 391 448 456 474 493
18 51 69 85 171 178 192 235 251 298 306 317 444 460 465
46 59 78 110 125 168 214 262 292 377 384 388 407 429 497
26 93 137 153 258 262 277 282 287 320 336 406 447 452 481
31 59 140 145 147 177 178 235 248 343 367 371 421 434 452
11 27 28 61 69 120 155 203 214 268 309 316 345 366 367
70 79 87 102 113 190 194 265 299 333 356 367 370 416 417
0 23 37 51 77 88 109 130 138 200 217 244 286 477 494
7 56 82 86 106 126 154 173 184 189 286 296 412 418 428
3 34 74 102 115 157 229 253 273 327 340 356 392 411 497
2 24 35 76 115 178 179 194 217 299 377 408 412 421 428
0 95 148 150 154 158 180 213 254 268 269 344 364 376 425
50 63 78 116 164 195 196 205 228 256 302 318 391 398 453
8 22 40 77 112 119 164 169 202 210 332 431 438 486 490
17 38 72 78 121 164 172 173 193 224 238 249 257 323 497
29 62 74 139 171 177 216 302 315 347 350 371 389 414 479
48 51 53 94 116 135 145 166 202 235 242 286 368 408 410
6 20 39 64 119 129 171 220 228 271 279 328 383 465 493
90 169 186 202 211 262 266 287 309 337 345 346 382 412 461
9 122 192 209 217 219 229 250 304 347 423 429 435 437 447 489
56 91 99 146 185 223 239 257 267 288 296 303 347 373 410 495
11 25 61 70 105 127 140 193 195 354 414 436 479 481 492 495
35 47 72 85 101 128 151 254 281 284 291 311 324 368 415 463
8 17 42 49 69 80 141 153 182 200 226 232 262 276 282 323
64 85 104 132 180 242 259 277 350 362 363 388 403 419 439 497
9 41 49 51 92 102 129 269 270 296 314 344 350 376 384 489
7 80 97 120 195 219 241 268 310 332 351 386 399 434 453 476
40 44 85 124 125 128 160 203 218 329 393 432 435 439 443 449
1 33 38 45 48 56 127 142 167 194 218 262 283 320 344 409
2 54 65 199 202 231 253 261 286 334 359 361 386 415 459 487
34 40 43 46 125 131 134 210 224 243 248 304 330 375 449 481
17 27 34 146 148 150 153 206 211 227 288 339 358 430 454 499
54 63 70 103 151 182 193 226 245 248 262 351 367 401 414 497
65 87 116 119 137 178 183 216 224 250 263 267 309 391 401 452
1 49 51 84 146 179 183 231 262 348 355 406 412 422 423 474
26 207 211 235 238 239 258 289 293 318 340 345 367 384 395 455
39 58 66 99 144 174 203 212 221 231 235 274 312 407 471 484
37 38 103 127 171 204 214 229 265 305 326 344 372 404 468 484
46 101 102 130 132 159 180 185 188 273 308 346 404 460 490 495
3 17 29 64 87 232 287 343 367 382 406 409 436 449 491 495
66 117 130 183 202 207 223 240 248 262 330 387 412 418 448 478
6 24 71 144 171 173 174 194 201 217 333 347 422 436 454 495
33 77 113 137 200 204 259 260 264 317 363 371 382 426 427 474
9 41 53 55 112 227 244 308 365 387 390 393 426 427 464 491
14 31 33 45 163 195 223 226 267 307 358 413 443 465 488 495
33 47 72 88 108 252 288 349 351 394 405 430 435 474 475 495
29 55 65 110 114 120 152 170 211 263 283 294 301 318 331 387
22 58 62 99 183 204 205 241 296 311 380 395 402 458 483 493
45 58 67 126 133 140 173 241 256 269 314 324 394 404 413 447
3 66 70 100 140 163 187 224 242 261 275 289 294 318 381 384
114 157 161 175 180 206 216 228 255 261 273 347 378 419 433 464
1 31 181 189 201 206 212 221 296 304 330 396 437 438 462 490
8 10 61 74 91 99 110 154 271 272 310 321 418 424 472 478
60 112 167 209 213 244 266 271 274 293 296 328 333 366 380 498
6 22 54 75 108 155 156 169 233 321 349 375 384 461 463 492
0 49 71 119 123 187 189 205 209 228 319 367 405 414 449 457
93 115 118 176 179 184 218 232 233 247 353 358 392 433 435 444
65 101 120 137 139 171 186 190 216 226 248 286 401 416 434 492
103 110 136 187 232 240 241 252 342 356 360 378 416 429 437 477
0 10 11 67 116 125 240 251 263 325 326 340 357 387 412 471
65 76 79 130 150 157 171 194 214 278 317 377 379 423 441 482
10 32 38 39 51 74 126 145 206 260 284 322 344 368 369 484
79 101 157 247 268 284 301 306 322 348 361 406 428 431 476 497
34 36 120 123 124 138 167 185 220 298 308 315 335 358 463 476
46 193 272 283 292 317 320 339 348 351 401 412 426 470 487 498
43 51 189 206 219 241 243 245 279 283 297 305 326 385 475 495
10 19 57 82 108 118 123 161 236 317 336 343 371 383 392 415
20 64 69 70 117 142 162 218 266 274 283 329 338 376 383 400
13 20 31 62 63 93 127 209 246 302 309 366 373 440 488 491
41 59 102 122 166 215 255 273 289 311 353 367 439 464 471 475
4 16 103 109 113 207 235 299 300 310 360 380 421 434 457 479
55 78 145 153 155 159 169 185 304 313 318 319 359 458 469 481
0 9 24 36 50 98 131 142 154 174 201 209 325 418 421 427
10 46 126 130 136 152 175 203 235 246 348 404 405 423 475 485
4 12 61 165 169 217 234 295 313 331 334 345 403 432 478 481
39 56 60 71 124 148 178 186 243 315 330 370 378 454 476 486
6 32 45 48 56 161 239 246 269 273 350 358 401 429 430 467
8 44 67 69 122 128 161 231 242 266 275 335 393 394 476 493
21 60 94 124 133 154 278 302 312 370 376 394 411 420 463 495
26 71 108 142 153 180 234 253 287 288 324 376 388 393 444 482
7 85 110 113 149 188 190 255 310 314 322 325 350 408 412 496
7 84 121 152 156 160 188 231 247 258 280 367 372 391 407 424
21 38 52 58 96 137 192 289 303 305 311 320 402 433 436 488
3 58 76 90 133 183 200 212 241 249 294 305 338 417 457 472
32 83 101 165 182 187 206 211 220 232 239 261 384 435 455 471
7 8 25 111 114 136 139 147 161 224 250 255 299 310 359 437
32 70 75 87 94 172 178 186 193 218 360 388 443 453 464 498
8 43 51 56 128 185 221 279 289 295 316 378 423 433 488 492
18 40 50 106 115 139 167 188 248 293 336 357 360 404 433 450
83 101 105 115 152 222 257 340 353 360 424 426 433 466 490 491
13 131 134 140 193 261 291 321 352 357 409 428 431 440 470 488
22 30 33 43 46 62 92 173 244 247 257 258 313 342 348 375
58 92 182 183 184 250 274 319 327 363 392 393 406 412 460 462
7 15 69 73 105 110 121 141 174 181 216 285 365 403 457 478
13 57 82 155 187 209 261 274 296 308 362 368 375 388 440 484
1 41 55 108 167 263 317 321 324 339 420 422 425 450 458 465
14 31 33 96 103 157 212 237 247 253 276 326 388 410 456 491
27 66 102 141 153 154 176 219 281 288 312 363 397 441 467 489
3 89 117 180 193 251 304 335 353 371 393 404 411 423 446 465
8 11 49 86 199 200 208 276 312 337 402 408 437 450 454 459
21 23 91 102 138 180 247 290 303 336 426 438 442 444 453 463
46 96 105 118 130 191 207 277 282 289 323 350 395 428 452 478
11 12 33 157 167 194 210 221 283 303 315 370 409 426 455 485
12 31 37 239 266 343 345 374 377 393 430 465 477 478 487 490
3 9 59 68 89 112 125 140 205 240 315 339 340 382 408 422
37 38 45 69 76 131 156 176 236 272 370 395 405 420 443 456
6 18 28 98 117 137 155 190 229 232 311 316 343 356 381 391
38 54 153 157 176 192 203 212 214 220 226 261 282 345 441 462
0 30 73 103 120 123 192 249 354 386 388 391 396 428 455 479
2 6 23 34 40 146 178 202 211 296 314 323 372 378 425 442
41 56 70 95 102 149 153 169 177 259 377 381 434 439 469 496
42 50 56 89 119 122 185 192 195 251 277 320 351 426 455 471
2 61 77 104 106 114 116 134 162 254 280 293 332 380 417 434
1 51 58 81 108 185 186 242 323 342 353 363 373 388 410 419
14 18 21 69 82 126 130 196 349 355 382 393 421 446 485 488
110 125 176 179 191 192 264 300 347 377 384 387 421 461 464 470
0 23 85 92 138 160 195 217 223 231 243 256 285 306 439 481
105 150 192 204 225 246 296 336 337 345 347 369 377 396 420 495
32 34 37 96 124 157 169 187 197 212 388 412 416 444 480 494
30 95 105 128 146 196 222 235 256 306 375 390 410 439 441 490 495
24 57 90 168 193 204 215 274 281 307 321 382 404 409 422 462 476
23 41 44 45 64 101 175 192 238 254 284 361 374 444 464 477 484
25 71 114 144 171 205 215 223 295 328 345 389 399 445 448 450 478
16 54 74 87 105 121 146 202 207 208 224 236 265 273 293 415 418
10 12 122 167 168 216 222 256 269 273 327 332 369 393 428 463 495
43 50 60 83 123 175 225 249 290 323 360 374 429 432 465 481 491
8 38 58 86 120 126 220 224 230 231 254 271 292 313 325 381 426
67 75 138 186 206 252 262 271 275 281 305 322 360 398 439 445 458
5 22 27 47 56 140 145 174 184 196 219 238 297 315 395 435 449
40 49 78 95 108 118 134 173 221 247 261 318 342 347 430 436 486
14 42 56 75 86 103 116 119 137 321 343 366 397 407 414 435 477
6 10 23 58 80 150 154 231 237 285 291 305 364 406 410 467 468
102 124 143 151 179 187 274 280 287 333 335 350 394 400 405 474 497
16 40 102 183 188 212 224 231 261 276 292 348 390 403 421 457 492
20 110 112 125 153 155 203 220 254 256 329 340 347 382 433 439 451
0 1 126 132 138 174 193 197 204 217 220 251 275 308 327 369 370
8 45 92 158 162 190 191 202 223 229 232 241 279 280 395 400 454
4 22 35 89 116 119 146 158 208 219 240 323 329 401 450 461 497
35 39 107 110 114 117 163 186 199 241 267 290 322 380 405 442 455
14 42 54 74 114 127 138 149 201 203 222 259 336 357 374 440 483
67 76 122 123 149 201 233 234 288 289 316 329 355 370 377 403 467
3 24 38 51 66 67 164 178 197 282 309 330 345 356 376 393 467
11 30 58 59 127 186 196 207 220 233 367 394 401 410 416 448 480
69 85 87 95 102 137 164 180 216 223 253 277 300 321 429 451 463
53 105 211 246 252 258 274 285 301 335 341 434 451 471 482 490 493
8 62 65 85 163 183 221 235 247 278 279 348 368 378 403 468 469
19 96 135 137 183 189 205 245 256 278 318 324 351 417 418 462 472
8 42 52 53 67 88 105 160 173 187 235 291 329 366 408 452 483
2 11 15 81 85 89 118 123 124 169 296 311 319 357 364 370 382
5 39 52 114 129 191 218 227 252 253 261 340 342 389 432 436 481
8 12 47 65 97 138 153 192 222 229 230 254 270 298 390 395 436
17 18 33 74 76 115 125 193 199 201 277 313 354 357 376 399 454
33 38 40 48 59 75 134 206 233 250 259 297 414 423 438 445 490
23 74 77 108 123 134 163 184 206 274 327 380 395 409 415 424 439
10 17 97 98 103 115 133 222 224 272 309 324 327 355 452 472 480
71 80 137 138 139 155 215 222 275 319 332 342 353 360 364 397 406
0 22 38 104 127 159 170 195 209 212 253 257 289 352 369 441 478
3 72 94 108 136 141 257 267 274 282 292 295 322 365 410 419 454
3 15 32 45 56 142 156 161 169 219 238 305 311 372 392 473 495
123 125 140 168 211 260 268 276 292 301 312 363 375 376 418 458 463
2 88 124 127 134 140 150 160 223 253 257 279 301 313 318 419 488
55 92 116 244 255 265 288 297 309 318 347 415 418 437 447 448 467
15 105 114 147 212 235 237 255 293 354 366 370 377 381 392 394 452
52 90 120 137 176 289 302 318 336 342 351 358 397 408 411 454 455
19 24 81 176 183 208 211 282 288 310 321 355 371 372 398 407 437
45 68 75 143 237 253 265 284 321 339 349 364 404 410 440 446 455
8 25 39 58 89 118 149 159 189 241 370 401 422 424 431 480 481
19 45 54 57 60 87 98 100 108 165 186 204 280 331 379 428 462
51 63 117 130 160 226 236 303 309 339 355 381 402 411 441 485 492
63 72 98 147 198 220 242 289 290 314 358 371 398 408 429 444 449
37 47 69 92 107 193 242 254 286 328 353 355 395 410 425 461 475
41 88 107 184 201 204 205 208 215 293 328 376 433 462 467 480 485
40 107 109 144 178 253 288 291 331 345 368 418 422 431 437 467 499
13 52 63 76 83 120 174 192 204 230 253 259 317 322 344 404 448
46 48 51 140 165 196 207 214 263 336 361 415 437 471 478 479 495
7 64 67 79 83 94 99 118 125 133 230 347 348 376 397 462 498
8 14 80 95 149 194 227 245 346 368 404 412 438 448 475 476 485
57 66 91 176 188 195 230 269 273 322 366 369 401 441 462 481 483
2 72 82 95 111 113 122 175 179 186 215 235 257 426 448 472 477
8 15 17 20 27 52 57 64 154 158 218 244 264 349 437 453 465
68 87 100 113 124 125 138 201 213 219 236 268 289 300 330 331 433
13 31 49 54 101 108 170 175 186 197 234 238 326 386 408 417 470
10 38 57 64 74 208 241 319 400 421 422 423 440 466 467 477 492
75 116 142 152 186 197 277 343 351 362 382 383 388 395 412 485 494
8 96 175 215 219 239 240 243 254 315 346 361 414 416 417 458 478
59 72 114 132 141 149 174 177 211 250 288 307 328 395 398 404 437
15 66 101 123 134 154 181 188 192 197 200 206 290 300 336 364 418
39 42 97 154 172 189 258 268 276 288 302 318 319 326 360 361 421
14 40 85 87 126 138 175 195 235 268 296 324 336 364 432 448 461
31 84 98 122 199 207 303 372 391 439 442 463 467 472 475 480 497
56 79 144 180 213 223 230 260 282 294 305 306 344 357 361 386 417
13 62 64 101 112 188 192 201 265 267 279 283 290 395 403 430 473
66 93 171 174 192 193 197 214 224 252 271 273 279 285 353 397 462
39 49 86 97 140 166 179 248 355 358 361 371 414 449 453 469 490
14 22 78 93 117 140 242 317 334 345 376 387 426 460 473 480 481
9 56 71 132 165 173 200 232 253 278 338 376 381 388 463 491 494
81 132 163 175 188 219 249 265 268 274 281 282 308 314 403 421 497
24 49 131 137 155 159 167 171 210 251 268 304 331 334 415 431 440
42 44 75 171 176 208 250 256 261 288 299 307 325 375 417 462 492
13 127 140 154 171 285 294 306 368 378 424 463 471 472 473 477 493
50 112 156 199 216 236 246 248 289 295 308 317 323 336 343 413 439
46 56 103 110 134 143 205 223 234 260 372 373 377 402 415 446 466
9 49 103 106 148 191 257 280 283 357 376 422 441 461 479 485 490
32 48 68 98 111 162 190 191 225 229 247 249 322 407 415 423 427
13 43 49 50 96 101 131 166 170 173 238 302 337 391 397 417 445
3 98 113 121 138 155 187 199 227 257 297 350 366 389 395 422 458
63 88 102 121 124 136 156 176 192 240 278 289 371 375 393 427 431
10 24 46 80 146 149 153 182 215 218 227 253 257 295 320 343 440
25 62 93 119 124 160 165 315 331 352 357 359 360 383 385 454 490
13 246 262 265 280 298 313 331 350 371 413 427 469 481 484 494 499
0 69 92 125 158 270 281 295 315 341 359 365 380 409 437 484 495
102 107 116 179 184 187 218 237 245 282 285 312 330 331 333 404 437
14 20 55 58 87 91 94 148 155 181 184 225 269 278 296 361 371
27 48 112 151 209 228 267 291 293 296 313 355 384 412 423 435 463
5 21 39 107 205 219 254 268 313 322 331 366 377 378 397 441 464
3 19 29 116 133 168 192 207 210 307 310 373 392 404 457 469 470
5 59 82 98 123 128 185 202 294 363 365 384 454 458 463 475 477
25 93 110 123 159 257 273 286 288 291 303 387 409 426 436 458 468
10 18 30 44 82 85 155 201 250 314 315 323 343 354 450 476 483
76 171 197 208 209 215 236 245 262 295 328 347 348 421 434 442 473 499
16 20 23 44 76 121 129 157 162 188 210 222 284 319 358 398 435 471
11 58 109 158 167 184 191 206 234 239 264 315 322 330 373 400 452 454
24 60 73 84 154 164 195 208 234 254 255 297 310 314 321 335 427 428
20 22 42 57 132 148 242 330 344 367 391 393 397 414 473 489 494 499
16 30 33 55 56 63 97 114 123 154 164 223 226 302 308 415 436 466
69 132 136 258 310 318 331 336 348 375 386 418 424 440 452 454 466 493
0 34 71 82 93 140 158 189 197 213 243 266 278 348 355 382 460 486
113 145 156 217 253 273 282 285 307 315 320 328 379 406 418 426 473 484
13 14 53 96 224 228 231 243 247 289 301 303 308 370 379 410 430 459
1 3 25 78 93 114 115 138 150 176 194 230 306 328 364 369 387 430
16 41 74 84 94 143 155 168 175 183 205 206 216 328 358 381 385 433
40 52 75 94 108 156 162 164 176 221 264 273 318 354 368 461 478 495
6 52 60 104 113 123 186 193 199 209 241 255 298 305 334 352 469 472
12 17 42 49 51 104 136 166 174 228 230 253 270 304 308 345 407 420
1 93 99 152 183 207 209 225 271 301 312 322 346 391 432 445 449 496
22 79 93 103 143 148 163 168 221 257 263 277 296 321 340 378 401 425
29 120 203 212 219 231 286 292 319 326 336 367 384 423 460 468 472 481
3 143 224 228 270 285 293 296 314 327 370 405 423 456 460 481 482 498
55 89 107 123 184 252 257 258 259 278 317 337 339 350 428 435 469 487
34 81 82 141 149 157 159 194 221 232 246 252 258 293 326 392 397 428
22 51 60 76 83 90 151 185 245 288 297 299 390 417 418 438 447 454
9 18 75 87 109 118 127 178 200 217 302 305 323 356 385 386 401 470
29 50 56 84 103 141 142 149 253 295 310 311 385 405 408 458 487 498
5 51 70 71 95 135 136 141 152 177 290 320 331 405 422 455 467 497
20 32 44 70 139 169 202 216 220 224 264 266 295 329 346 361 412 438
8 26 59 96 128 132 155 163 175 176 201 224 247 286 303 327 349 441
6 15 107 110 117 123 151 182 199 224 251 267 300 383 407 455 461 484
11 58 63 81 137 169 250 275 278 322 354 361 376 410 420 421 434 457
23 56 92 101 114 122 128 143 172 178 349 364 368 388 416 436 461 476
4 9 14 122 161 223 234 254 309 322 365 371 380 381 402 439 453 457
10 76 92 98 115 145 193 194 195 230 279 298 340 406 423 427 457 467
53 95 118 144 150 205 235 247 276 313 365 381 421 422 434 458 460 489
54 71 81 82 109 112 152 153 160 191 201 261 263 282 307 350 390 448
21 41 59 88 95 133 144 201 259 286 288 320 403 431 434 438 465 488
7 22 54 85 99 108 122 152 182 214 270 314 316 363 388 424 446 453
11 44 71 94 106 187 226 245 262 310 342 363 381 405 415 422 444 487
35 56 109 118 183 227 255 271 290 293 336 356 358 418 449 469 470 471
7 20 41 46 105 106 123 148 196 237 244 288 301 310 332 362 377 444
3 10 11 39 89 113 129 143 199 205 216 236 266 276 281 352 462 463
31 33 65 68 96 97 107 198 219 229 243 273 324 347 368 383 466 487
1 19 44 70 71 83 111 168 209 231 245 260 276 290 293 395 458 469
16 52 55 65 128 131 134 188 260 288 301 352 362 392 395 438 493 497
34 59 95 151 161 188 229 259 286 306 307 319 332 351 372 407 461 488
6 12 30 35 96 101 134 136 187 194 240 308 324 325 329 399 437 454
35 55 181 191 202 232 239 274 294 308 327 340 351 359 360 364 491 498
80 99 152 157 161 166 243 253 314 316 347 359 372 382 401 411 415 434
48 115 125 179 231 249 272 288 301 315 345 350 365 372 400 403 436 441
7 10 42 97 135 159 165 209 230 235 257 260 264 297 340 432 457 476
11 24 60 97 108 142 179 183 226 239 272 278 347 416 418 448 463 479
46 48 51 63 80 90 97 122 133 156 275 317 332 370 403 417 458 477
17 139 143 150 182 202 240 261 290 312 365 379 389 448 454 482 485 499
40 85 100 142 150 158 166 183 207 238 256 278 306 345 403 416 442 470
28 30 55 66 78 84 94 95 147 172 200 215 284 354 378 423 442 456
38 39 54 55 100 102 115 157 165 166 169 259 269 271 294 375 380 391
10 39 48 68 96 118 191 222 244 246 269 274 295 346 406 432 436 437
20 66 81 106 162 189 237 251 284 290 340 374 382 409 461 472 476 477
6 39 73 98 169 173 181 183 194 211 234 235 261 271 274 380 389 431
4 119 160 184 190 210 243 282 293 308 320 351 381 386 399 422 427 498
68 110 142 171 189 346 349 355 362 366 376 377 391 404 421 432 433 467
14 51 74 119 157 175 183 204 242 252 255 333 355 361 441 459 461 493
19 20 66 81 91 109 180 188 195 198 278 392 404 413 428 455 458 481
16 25 31 89 95 122 137 144 151 211 239 304 327 394 395 414 427 458
12 50 59 78 119 121 129 139 261 308 365 387 427 452 453 460 467 483
11 44 95 109 189 190 219 220 245 250 268 269 328 354 388 415 475 492
29 48 75 87 107 142 158 161 198 206 222 232 291 298 351 369 385 427
18 104 187 199 208 240 307 321 334 344 347 353 372 374 387 440 454 488
57 84 142 185 226 250 251 263 352 366 367 417 421 435 473 475 486 494
50 122 150 179 208 232 245 329 334 343 344 417 419 420 421 424 429 496
1 31 37 43 91 100 106 130 179 196 246 322 359 369 428 460 488 498
4 30 35 44 122 143 189 226 232 294 302 329 345 349 401 404 412 432
62 96 167 171 179 251 269 270 277 301 303 344 358 369 395 439 454 486
25 33 57 64 70 113 194 268 289 305 313 336 340 416 444 450 484 489
43 105 106 115 116 126 136 150 165 239 240 250 252 254 260 317 396 437
10 37 42 48 55 80 153 165 186 189 200 225 235 272 389 404 439 494
34 72 74 90 104 130 135 153 226 238 359 363 441 465 473 485 488 496
32 47 87 90 97 114 133 155 213 219 263 267 349 364 416 460 484 488
57 67 126 177 182 187 218 223 270 329 330 351 354 397 404 456 469 485
5 18 63 75 151 161 234 268 323 327 333 336 385 429 457 462 485 498
1 28 47 65 81 105 173 185 209 258 276 317 356 388 401 411 420 473
4 8 31 97 126 142 167 194 209 210 225 234 266 300 305 328 333 383 413
1 14 50 98 99 155 180 182 202 241 243 248 261 281 396 426 465 478 497
74 94 95 100 127 153 202 216 219 232 263 283 306 309 311 334 403 449 465
5 44 65 99 138 221 273 303 316 328 332 341 343 361 416 453 469 478 496
21 31 65 72 89 238 245 267 276 284 315 353 376 400 404 422 428 462 479
2 32 40 44 86 124 161 195 196 258 294 332 384 394 398 414 458 471 489
16 32 35 56 76 90 94 116 143 160 163 176 265 274 288 357 449 471 480
1 43 71 74 85 150 154 167 188 191 195 239 300 316 319 329 343 365 467
12 35 41 84 126 206 233 253 272 286 291 301 306 310 348 365 391 445 488
69 106 115 133 146 159 166 239 249 306 311 336 337 364 408 415 428 453 485
20 51 86 108 130 202 208 216 237 307 345 349 363 378 381 410 427 441 457
84 115 133 171 187 231 255 259 286 287 320 326 372 379 396 415 420 443 485
1 6 20 32 42 49 67 85 100 121 175 188 269 346 366 380 387 403 498
8 30 117 136 152 171 186 188 249 259 265 341 379 382 395 430 440 451 497
11 13 15 107 131 133 149 172 204 254 273 279 303 321 330 351 377 438 461
36 77 100 133 150 171 191 195 204 248 295 338 355 391 423 442 444 471 483
5 31 32 196 205 224 254 268 303 315 360 367 383 390 395 400 436 457 473
8 42 55 174 184 212 216 222 249 299 305 312 315 399 414 438 447 478 493
14 18 31 46 71 93 204 241 248 318 338 353 387 389 405 423 429 442 446
5 9 13 31 37 129 136 168 211 278 281 282 318 359 377 388 406 424 456
2 20 25 32 50 74 133 143 242 264 286 315 337 372 386 392 400 424 453
16 20 28 37 55 83 125 129 196 198 220 227 230 314 335 350 400 492 498
100 105 109 156 166 179 198 244 248 287 288 305 331 369 374 386 416 435 486
27 47 70 111 137 193 241 244 253 267 283 305 311 329 371 378 415 434 474
10 58 77 84 98 107 125 140 162 164 256 308 330 351 356 427 456 457 460
50 131 166 169 180 182 191 206 231 234 254 264 286 325 371 395 416 445 453
0 19 24 46 70 99 128 141 148 149 218 248 272 302 331 358 381 436 471
5 24 66 83 89 90 144 194 214 226 237 245 281 288 308 310 337 341 420
2 6 38 45 69 97 98 124 171 184 207 239 244 270 327 380 421 482 497
20 24 44 60 67 84 94 186 230 239 277 346 361 394 414 434 438 465 466
52 69 98 122 142 197 206 215 266 268 288 305 312 406 431 440 450 460 466
10 18 98 99 110 134 158 192 238 271 276 292 306 325 356 386 390 456 457
3 14 32 60 67 81 90 92 114 130 141 162 283 284 316 325 332 375 390
5 30 99 129 145 156 164 207 242 248 252 277 285 296 297 348 390 401 483
14 16 27 47 48 77 90 108 138 162 163 287 295 296 312 373 393 490 496
45 64 89 107 155 180 219 237 239 249 343 347 363 378 448 452 466 470 478
3 23 25 62 69 125 172 175 186 197 210 256 297 354 358 419 429 441 473
25 53 136 168 175 197 207 213 232 253 335 347 362 363 374 383 390 401 405
44 104 128 135 152 171 186 188 202 264 274 310 345 394 403 410 424 452 463
2 9 45 66 87 100 110 123 131 171 277 283 293 348 365 421 432 444 493
5 8 21 38 53 153 163 164 203 252 277 313 355 376 408 416 418 423 439
4 9 47 48 67 96 118 120 126 200 221 270 295 329 431 440 463 485 491
1 84 88 112 114 122 157 170 175 216 238 252 264 267 318 410 441 487 496
12 49 52 68 80 92 173 174 175 177 234 290 297 326 373 380 482 493 497
46 56 137 158 160 183 186 191 198 260 295 324 325 397 424 429 446 471 497
3 11 39 82 103 137 140 157 160 177 185 223 266 270 323 425 465 479 484
30 44 162 219 263 301 304 316 332 337 341 371 392 416 420 434 437 472 474
21 32 39 48 99 103 106 109 140 144 163 167 183 197 207 370 428 492 497
9 37 79 82 90 106 134 166 168 204 261 342 352 366 370 376 401 444 448
22 77 86 102 113 167 212 231 234 247 269 279 282 313 360 369 406 446 452
24 26 38 39 104 141 143 170 172 259 294 300 317 320 328 334 342 386 438
11 28 29 36 95 113 127 133 196 286 294 320 336 351 354 358 397 456 467
2 33 57 128 164 185 188 191 210 239 286 306 311 329 338 342 353 418 434
7 9 11 35 60 116 131 132 153 165 176 246 304 375 394 398 415 434 449
4 18 35 56 102 106 138 219 262 273 283 284 301 388 391 430 452 455 489
1 26 27 57 92 94 107 164 182 242 284 296 304 312 357 362 377 417 472
6 50 63 125 136 139 149 184 212 218 223 255 267 338 353 409 472 483 493
12 13 29 40 55 92 93 204 300 331 349 406 414 415 423 459 468 471 494
11 60 74 76 84 132 136 143 145 149 213 228 236 242 283 294 401 430 466
51 61 75 82 113 114 127 153 183 184 191 204 213 267 298 324 337 379 451
19 48 140 159 180 225 226 247 289 342 372 381 439 452 455 463 467 471 482
14 62 66 94 137 142 144 174 184 187 195 206 213 304 341 348 357 365 378
8 62 118 145 175 189 200 226 242 250 253 275 281 303 330 342 411 485 490
51 75 77 109 122 172 216 253 295 305 306 320 338 340 359 418 433 455 481
15 16 69 162 164 175 198 238 251 262 291 308 345 369 387 396 443 456 490
46 68 85 93 116 165 208 240 254 286 301 342 346 360 374 403 474 489 498
34 70 171 173 233 305 312 342 375 378 401 435 436 441 451 460 463 465 484
52 87 102 120 177 227 231 237 242 299 345 354 366 375 387 416 417 457 495
13 61 76 174 181 183 216 223 224 265 272 288 370 382 400 450 459 462 463
0 107 108 114 119 127 136 143 173 189 219 275 300 302 307 322 324 411 474
0 53 78 80 89 120 152 182 189 212 285 289 294 298 360 372 381 493 499
63 78 82 94 126 142 146 174 210 236 241 332 371 401 425 446 459 496 499
0 45 57 69 72 114 115 119 120 197 219 229 242 248 275 294 347 390 401
71 84 116 125 165 206 222 228 262 311 323 329 348 352 356 403 414 440 452
9 13 49 59 76 79 82 99 106 171 194 222 248 280 366 406 408 474 487
10 25 54 76 83 89 96 127 155 236 266 290 293 331 340 401 448 472 480
14 64 125 132 176 184 186 251 278 299 307 308 351 375 435 442 448 449 498
11 29 48 67 96 135 149 156 205 223 258 271 289 297 362 379 428 452 457
20 27 44 52 72 109 205 244 251 253 270 283 292 301 313 319 339 371 479
1 51 68 134 136 139 157 158 161 176 254 271 341 437 446 447 451 469 495
18 34 74 90 104 133 175 198 204 217 219 261 277 304 323 350 366 379 415 429
39 57 63 72 88 145 152 175 183 239 258 268 305 333 371 416 454 468 485 490
14 48 55 86 118 146 179 200 203 227 255 271 286 296 302 388 444 445 480 492
15 26 57 77 79 99 139 235 278 281 313 327 342 376 393 394 412 419 470 476
32 39 107 116 146 156 185 229 241 254 281 289 362 365 375 385 433 447 449 484
1 11 51 61 96 170 174 177 192 223 274 281 304 307 323 348 429 434 463 485
38 42 69 83 103 122 173 232 258 264 271 293 316 318 336 379 383 411 429 452
1 4 59 78 85 120 134 138 147 181 193 197 221 355 414 427 431 448 461 491
26 68 126 140 142 173 178 186 204 235 256 294 297 302 353 358 413 426 457 469
86 118 125 146 160 188 192 205 212 273 281 308 319 324 342 390 397 400 435 446
9 32 36 52 53 59 64 81 84 88 93 101 178 214 281 326 344 376 465 498
49 105 121 151 168 215 227 231 232 259 291 294 295 333 339 373 390 411 457 497
14 86 91 93 115 120 136 166 168 179 181 218 226 267 274 313 372 381 407 430
43 66 78 102 126 147 175 179 191 225 277 286 292 299 327 331 383 429 434 462
14 75 115 117 123 151 158 212 221 274 278 299 334 354 360 406 410 413 442 445
13 92 100 131 162 173 178 222 235 284 323 328 340 368 375 379 399 405 415 438
13 25 46 63 84 111 113 128 155 159 166 199 247 267 323 393 415 442 443 465
123 124 146 152 169 175 180 196 201 223 224 280 351 352 363 380 399 412 418 442
1 47 50 62 86 118 165 214 233 245 275 286 321 328 335 369 377 400 445 484
1 41 50 58 149 179 238 269 276 295 382 421 430 435 457 462 475 477 488 490
18 36 41 47 114 119 174 177 181 223 284 289 294 346 356 472 489 490 491 494
1 12 34 40 146 151 159 174 185 228 256 272 282 302 312 345 375 386 396 409
43 72 81 110 167 190 203 207 246 256 265 268 270 276 288 349 373 391 411 450
45 126 162 166 219 230 246 255 279 282 308 320 346 392 404 419 435 468 490 498
44 47 127 129 136 140 253 258 261 270 275 338 353 362 365 414 426 488 490 492
26 37 52 68 69 86 101 120 153 192 193 203 212 232 254 321 360 423 428 474
4 20 41 47 61 145 187 197 202 203 205 225 239 258 305 336 387 388 431 488
10 13 36 41 45 88 124 128 150 209 210 219 259 302 340 344 399 432 455 498
17 26 31 33 88 126 153 192 196 203 238 278 289 294 321 362 384 447 468 488
22 30 85 99 116 138 169 201 215 287 320 334 355 377 380 418 425 444 455 472
7 28 118 119 141 143 161 183 187 229 240 271 302 315 340 368 392 438 458 484
59 132 134 137 140 185 193 241 252 308 316 317 340 345 346 404 413 451 481 490
19 24 27 75 83 96 193 200 224 261 266 273 277 283 287 332 365 385 472 492
12 21 35 55 82 84 85 134 193 212 216 238 288 312 326 362 385 396 442 451
27 33 45 84 112 163 185 231 253 258 298 323 337 357 375 379 392 396 425 469
1 29 44 84 85 225 248 252 264 282 301 326 332 334 356 376 418 444 465 495
33 55 100 110 117 119 175 180 242 243 284 295 319 345 378 428 429 434 440 494
17 19 37 62 64 108 157 184 185 228 229 279 280 305 308 311 364 366 395 441
36 41 51 109 127 144 165 183 198 255 283 318 320 354 377 388 413 428 443 455
22 36 117 183 246 247 263 267 271 279 308 347 391 396 425 435 457 465 487 490
10 58 75 90 104 193 199 214 227 306 349 351 354 356 358 364 448 460 482 484
23 41 63 71 92 113 141 178 213 214 233 238 263 280 331 335 353 387 410 459
26 78 91 96 112 120 123 156 181 198 227 236 244 256 268 274 280 289 329 379
87 100 106 110 128 133 173 196 215 217 228 298 324 370 371 380 391 411 413 467
7 17 25 58 94 129 153 160 231 305 338 339 353 359 375 415 418 449 484 497
49 83 95 181 207 220 282 302 324 341 357 364 390 399 423 432 480 491 496 499
1 12 74 86 95 99 105 133 215 226 290 293 312 318 363 370 401 417 426 438
19 32 56 185 200 230 303 311 327 336 375 385 388 391 392 442 478 482 494 497
96 165 176 203 218 224 241 249 250 268 274 278 300 304 322 356 360 391 403 475
9 13 100 103 135 143 147 165 174 199 208 265 301 323 335 362 378 414 457 491
7 76 87 127 130 175 200 204 205 230 238 275 309 335 346 365 369 395 443 463
25 40 55 71 81 175 201 203 210 224 256 291 313 341 346 362 380 412 449 462
8 30 129 132 137 145 146 169 174 181 189 203 279 316 351 373 383 398 435 439
16 17 37 51 71 77 88 126 129 183 240 242 290 301 302 322 373 412 416 489
9 18 23 39 94 128 164 177 178 195 216 220 270 308 332 427 432 465 479 481
23 45 125 149 154 158 198 201 220 227 235 304 339 374 382 388 398 424 438 457
7 18 40 67 126 135 140 142 156 213 234 249 260 274 277 330 351 396 427 431
11 40 110 133 212 226 235 242 250 313 316 327 336 387 395 446 472 479 491 492
21 25 47 54 82 85 112 135 168 177 188 247 257 284 315 347 357 373 466 493
20 28 29 40 89 168 245 275 287 305 308 328 338 373 375 378 414 421 435 486
5 53 59 87 91 114 142 144 152 189 200 202 206 248 257 289 360 381 423 481
25 31 36 83 97 117 140 155 191 262 264 292 310 356 397 410 411 436 440 493
35 40 60 77 110 111 167 179 189 190 247 261 273 282 313 414 435 439 470 482
36 58 112 144 203 219 226 231 246 251 267 285 293 308 324 334 342 433 460 496
3 7 15 23 27 92 169 179 206 214 255 259 289 292 299 386 398 459 474 497
25 61 73 133 134 192 234 236 240 244 257 271 309 376 377 379 408 423 473 479
52 57 85 153 183 187 252 254 274 293 303 309 336 348 364 395 407 438 454 478
30 32 43 85 100 111 144 168 198 207 245 246 273 348 413 427 430 435 448 468
0 63 70 94 112 280 287 294 298 310 314 318 346 347 351 402 416 435 471 473
42 66 75 89 94 102 132 138 146 155 165 190 194 346 353 359 384 393 414 480
24 33 40 53 98 100 109 140 186 188 220 238 345 351 369 383 412 474 485 486
9 30 34 38 43 62 74 111 134 237 250 251 297 308 319 335 342 368 385 488
8 56 67 112 151 165 183 210 252 268 294 299 391 399 406 415 431 452 468 470
26 52 54 63 107 143 165 188 203 211 283 292 298 326 363 403 410 413 435 465
11 17 69 110 129 153 186 213 278 281 288 309 342 409 415 422 424 431 451 471
3 36 75 90 91 173 176 202 215 242 270 291 294 302 322 325 338 364 394 468
2 27 39 76 91 103 119 121 144 195 198 227 242 284 388 395 407 409 413 445
57 81 184 196 208 231 260 281 300 301 312 329 334 341 343 355 373 376 414 495
7 8 17 41 79 89 90 92 95 118 142 271 333 415 429 443 454 469 476 491
1 18 66 103 143 202 210 221 237 262 274 297 306 316 365 400 407 417 478 479
