162 212
0 275
68 103
3 15
3 161
104 178
135 211
4 69
141 210
100 110
41 63 190
54 256
114 171
117 153
36 146
20 59
93 223
17 91
65 75
24 65
194 196
19 256
154 210
307 317
77 251
84 251
76 266
309 311
299 300
173 286
85 129
131 134
45 100
113 267
113 184
75 192
289 303
304 312
20 75
20 240
196 209
26 49
197 201
97 134
1 263
0 20
28 278
77 84 251
126 263
129 263
224 258
15 161
128 134
42 131
39 46
141 154 210
57 85
111 204
13 259
196 225
209 223
93 225
0 239
185 211
3 15 161
88 267
135 185 211
240 262
320 324
42 178
194 196 209
20 262
45 134
93 209
293 317
71 97
71 104
74 94
4 272
38 108
194 196 233
134 146
139 274
172 189
194 209
194 225
99 136
71 146
93 223 225
135 185
42 104 178
43 45
194 196 225
1 85
194 223
36 45
97 131
90 157
13 104
192 215
165 250
291 309
97 128
36 42
262 266
215 239
194 223 225
28 220
309 317
254 277
128 131 134
76 262
36 45 146
43 45 146
209 225
43 266
72 215
295 316
71 72
0 262
0 240
0 217
104 259
110 157
20 59 75
20 59 97
178 198
128 131
36 72
75 259
131 259
38 97
38 42
207 215
42 43
72 266
215 217
74 144
182 224
75 76
0 75
108 262
42 108
15 119
196 233
129 183
43 75
43 157
49 90
49 100
59 76
26 90
42 198
59 178
59 97
20 97 240
0 97
0 42
198 239
49 239
134 239
105 111
304 324
15 45
42 259
64 220
59 90
49 275
170 237
69 139
42 104 259
13 42 104
240 259
45 59
15 75
36 43
90 134
93 223 233
93 209 223
0 178
36 215
45 59 239
141 154
20 97
120 202
26 157
26 71
42 108 240 259
42 104
0 76 178
45 239
110 266
19 54
33 170
36 43 146
42 128
42 71
159 170
0 76
121 237
186 194
108 240
121 159
42 71 128
212 256
36 90 146
94 258
38 42 71
223 233
225 233
93 196 225
93 209 225
76 178
93 186
240 266
5 79
113 132
14 256
36 90
94 224 258
259 266
38 71
86 152
79 138
108 266
74 94 144
71 259
75 161
82 201
94 256
42 240
42 266
59 239
42 198 240
14 19
19 201
195 196
71 131
209 219
46 173
82 212
94 212
93 219
94 219
42 65
83 94
42 108 240
38 110 259
195 219
198 259
209 212
212 219
144 212
54 213
54 233
108 240 259
19 212
19 197
119 161
33 256
33 94
42 240 259
42 71 131
54 209
54 93
94 224
238 267
140 238
6 135
6 279
14 144
14 19 197
75 119
22 202
209 224 258
37 135
38 209
88 140
82 219
79 159
6 185
186 198
88 109
112 184
119 192
14 38
14 201
19 196
33 59
38 74
52 263
135 144
165 226
226 279
79 92
3 93 209
3 93
3 201
6 19
6 184
14 197
132 151
42 59
140 267
54 83
94 144
144 184
19 224
12 209 224
92 159
59 240
301 316
301 313
12 209
15 177
304 316
196 197
74 197
38 94
137 226
59 65
162 186
301 308
292 301
301 304
9 123
14 197 201
38 225
133 228
59 266
294 316
292 316
300 321
1 57 85
59 108 240
299 301
59 108 266
8 60
15 192
305 314
307 309 317
291 310
310 317
137 197 201
85 263
211 225
316 321
300 316
59 108
109 114
302 312
295 320
289 320
307 309
137 197
123 142
137 201
201 300
38 316
60 133
294 312
312 317
316 322
301 312
8 142
9 263
302 303
294 303
291 307
163 202
37 283
133 263
133 169
137 219
82 137
298 314
123 153
77 84
85 123
85 117
1 234
9 85
57 120
57 133
22 57
324 326
291 316
22 85
201 309
3 317
290 307 317
296 317
3 324
294 316 322
111 242
111 272
245 280
117 133
137 304
120 264
78 307
201 299
142 264
290 315
2 243
105 136
113 233
8 117
115 298
123 133 191
317 324
117 234
124 205
296 314
294 317
1 142
105 204
9 52
52 142
133 191
123 133 148
16 183
78 309
127 257
201 233
84 105
4 69 272
107 200
204 242
15 119 192
125 235
33 177
34 203
203 284
37 78
45 259
41 63
266 275
78 279
84 99
102 106
81 103
2 176
59 108 275
107 111
8 317
133 148 191
161 192
45 126 263
201 283
46 172
78 314
242 272
107 272
66 235
105 272
99 105
4 99
107 130
109 291
114 294 316
114 294 322
38 114 316
78 245 314
245 279
33 115
115 309
91 122
66 125
45 126
31 99
154 254
139 272
154 216
220 286
68 274
77 276
277 278
103 231
103 130
69 103
113 319
105 242
99 111
8 62
115 177
148 191
15 29
122 268
123 129
28 286
52 129
133 148
42 275
100 263
68 139 231
51 278
51 154
154 286
86 280
78 283
103 242
103 111
103 204
201 319
106 202
46 188
39 188
8 228
12 196
123 133
28 164
253 278
38 168
41 84
167 222
68 81
78 245 279
78 115 279
78 115 314
99 103 111
1 129
156 319
3 21
107 204
8 183
9 52 85
115 279
115 314
10 91
15 220
17 122
123 148 153
28 216
28 154
28 287
84 127
229 255
139 231
78 177
1 64
16 106
122 246
119 220
28 254
31 200
164 253
33 78
203 204
99 204
51 216
52 85
133 148 153
69 231
101 139
68 107
109 324
28 189
78 115
115 245
10 152
10 86
118 122
123 148
251 274
133 183
133 153
137 290
52 129 142
101 190
99 103
48 251
48 130
52 173
231 272
234 320
38 173
123 133 153
103 136
3 41
33 78 115
123 153 191
21 130 251
122 281
221 253
127 263
37 201
84 257
154 203
64 141 210
148 153
63 101
124 236
294 322
63 190
21 130
96 122
173 198
130 251
163 263
64 210
54 137
106 126 263
64 141
129 142 183
290 324
63 66
47 118
102 263
122 269
117 320
102 126
52 129 183
44 57
22 57 163
22 57 117
38 275
38 65
212 290
0 212
108 275
291 326
41 66
40 69
0 290
49 108
105 125
106 126
314 320
117 129
129 148
65 173
291 318
120 228
44 78
153 263
8 263
22 263
111 127
8 9 191
8 9 85
8 123
57 117 163
52 117
22 228 263
22 133
33 44
129 234
49 60
9 57
167 282
102 183
106 129
8 106
106 263
4 231
142 163
33 44 115
57 129 163
57 85 129
52 57
22 117
22 163
69 80
52 123
169 228
1 52
4 242
57 191
294 320
105 127
8 169
122 145
40 80
183 263
245 279 314
0 71
122 291
186 212
186 213
69 105
246 314
125 272
65 71
201 246
279 314
78 115 177
29 220
47 304
304 315
42 131 259
212 213
0 71 178
33 78 177
152 314
93 213
140 186
44 115
294 309
147 210
33 44 78
83 93
142 228
54 212
54 309
220 314
3 174
96 152
54 311
113 245
317 320
83 213
304 309
38 259
38 59
106 191
64 147
122 280
181 210
64 181
86 177
217 239
119 161 192
64 247
294 296
54 294
147 287
296 316
49 59
294 304
10 245
15 29 220
296 322
148 228
296 304
75 119 161
173 229
0 71 131
131 178
115 147
46 229
3 119
304 322
33 44 174
33 174
292 293
174 177
131 198
35 252
33 78 174
78 174 177
218 225
173 287
229 287
217 275
54 55
35 143
64 287
7 35
33 44 115 174
44 78 115 174
151 185
44 78 115
20 42
44 174
115 174
20 38
42 97
256 297
0 71 97
116 201
20 38 59
151 184
54 224
116 135
44 115 174
42 97 131
213 258
54 258
20 42 131
37 151
25 287
27 35
27 252
0 97 178
55 212
55 224
256 297 302
256 312
6 151 185
184 185
256 302
301 312 316
292 301 316
116 201 299
212 213 256
54 212 256
97 178
54 213 256
220 287
40 204
213 256
293 316
27 35 252
0 59
24 239
211 218
6 151
78 174
0 259 266
55 256
78 115 174
7 237
19 300
233 321
237 244
319 321
19 321
113 300
181 220
170 244
5 244
296 312
296 301 312
65 97
211 218 225
64 286
64 173 286
47 309
135 165
135 218
64 173
19 319
20 97 239
60 142
97 239
6 185 304
6 184 185
33 115 174
42 239
64 229
224 304
162 212 256
312 322
301 322
5 7
7 244
64 173 229
260 304
258 304
162 260
162 212 260
55 213
224 258 304
5 237
301 312 322
33 174 177
5 170
78 115 174 177
19 233
33 78 174 177
6 211 218
7 237 244
65 239
141 247
55 162
185 218
185 211 218
19 213 256
143 237
312 313 322
19 54 256
60 123
185 211 218 225
19 54 213 256
313 322
5 143
19 54 213
170 237 244
301 312 313 322
0 38
38 178
312 313
55 162 212
201 295
19 213
185 225
59 259
312 313 320
312 320 324
301 313 322
312 324
59 259 266
168 188
312 320
301 312 313
97 259
173 188
223 256
158 237
197 313
301 310
170 179
14 313
20 97 259
44 78 174
245 314
20 42 259
313 314
122 271
20 259
96 205
2 205
116 180
301 305
301 309
262 314
55 182
220 278
298 301 322
54 55 182
116 250
116 165
201 289
225 250
28 208
171 180
305 313
298 301
54 197
208 220
59 262
42 75
42 76
298 322
182 256
170 179 237
2 34
54 182
64 278
179 244
245 313 314
20 178
182 212
64 208
26 188
75 192 278
116 165 171
121 269
64 208 286
208 247
179 237
2 152
245 313
28 64
70 86
90 188
5 312
131 157
83 182
192 217
305 322
116 171
119 179
131 188
75 217
44 78 115 177
115 320
188 273
26 278
65 110
24 262
24 266
28 181
78 87
33 87
294 298 322
24 110
28 188
34 152
173 278
121 312
74 213
0 24
188 287
302 311
94 295
145 309
2 145
233 319
144 295
181 278
7 70
17 205
38 76
0 259
26 113
122 313
108 110
97 108
108 259
152 271
122 245
116 165 250
144 201
65 174
37 301 312
302 309
110 294
54 74
182 197
37 296 312
38 97 259
2 309 311
122 314
302 309 311
147 181
37 312
2 309
75 192 217
147 208
49 144
90 219
61 219
2 145 205
64 278 287
106 123
113 293
294 301 312
292 322
57 123
294 296 312
145 284
162 182
137 151
294 301
28 110
133 142
292 298
292 295
28 108
219 224 304
256 304
153 228
292 305
122 305
28 259
173 259
108 173
64 286 287
126 183
129 133
189 229
110 320
113 279
129 191
14 219
16 126
57 129
64 172
110 173 259
8 52
8 60 133
9 123 228
245 295
14 258
173 320
284 309
183 228
228 259
165 180
129 259
57 85 102
57 102 106
102 110
1 52 263
1 133
308 314
292 314
189 224
152 243
110 153
110 173
173 317
110 259
102 188
1 188
292 314 322
292 293 314
9 110
8 277
58 263
129 320
278 286
57 126
57 85 106
85 142
85 102
102 117
52 225
28 142
9 148
153 183
57 126 263
22 126
58 126
102 163
108 110 123 133
108 133 148
225 314
28 52 142
28 142 220
163 324
60 148
37 317
102 313
22 102
63 103
32 138
293 314
108 133
301 317
9 142
70 143
292 320 324
296 312 317
126 220
110 126
169 287
57 102
138 272
116 218
9 85 263
292 320
40 94
57 102 110
99 139
122 144 245
17 309
81 251
39 173 229
110 202
113 312
12 256
12 94
17 281
113 317
12 93
231 276
308 313
322 324
9 192 217
80 110 120
20 38 97
292 313
108 191
47 314
63 110
110 120 264
110 202 264
47 245
292 324
12 83
47 295
98 227
124 257
63 80
80 120 264
138 200
314 322
269 284
124 138
99 107
110 120 202
63 80 110
295 320 324
12 233
308 320
50 138
110 120
81 110 202
179 274
70 99
246 284
110 319
201 206
81 110
130 193
139 190
80 110
113 283
63 202
68 139
164 273
100 284
253 273
120 202 264
110 120 202 264
9 81
151 257
110 273
81 253
63 81
308 324
284 314
81 202
80 81
247 287
110 253
80 120
81 120
289 295
63 251
164 202
253 264
202 264
164 253 264
253 264 273
164 202 264
202 251
110 264
203 265 268
14 206
205 265
203 265
20 76
20 76 178
0 20 76 178
194 284
10 270
135 171
40 251
265 309
81 264
246 265
40 63
86 145
165 171
203 205
203 268
75 152
201 289 295
69 251
20 42 71
20 42 97
218 250
20 97 131
38 131
20 131
42 97 239
20 42 239
147 247
205 268
295 299
213 233
196 284
54 233 256
19 54 233
19 233 256
9 129
54 213 233
39 229
39 173
265 268
113 296
206 284
39 273
39 253
65 263
19 213 256 304
213 223
209 256
223 304
19 54 304
135 180
213 304
135 250
77 105
206 219
16 163
110 188
54 304
46 273
40 81
39 46 273
39 173 273
173 253
39 46 173 273
102 129
46 173 273
185 250
142 278
52 278
66 127
31 127
141 286
277 278 286
31 66
42 106
39 51 173
39 51 273
16 24 65
51 173 273
277 286
36 127
51 147
289 299
64 277
113 315
22 36 163
40 48
40 202
51 100
65 124 236
48 91
48 92
48 124
48 99 125
91 203
209 213
99 125
21 48
112 267
21 159
38 228 259
180 213
46 240
171 180 213
225 256
171 213
48 79
38 228
51 64
48 159
107 125
31 235
233 256
12 304
78 201
46 108 123 133
108 123 133
46 133
213 256 304
12 213 304
12 209 213
145 174
12 54 213
46 108
173 273
246 269
12 54
307 322
12 223
99 249
126 129
46 108 133
6 250
16 129
66 125 235
71 228
31 125
99 103 249
6 218
97 228
103 107 249
9 141 277
108 133 191
99 103 107
9 141
9 277
12 54 256
316 320
46 123 133
103 107
35 92 252
35 79 252
9 277 278
12 83 209
12 83 223
135 307
307 318
124 309
35 79 92 252
27 35 79
41 235
103 249
108 123
114 123
9 278
316 324
46 123
41 125 235
133 201
83 209
141 277
9 141 278
12 83 209 304
31 41 125 235
41 66 125 235
83 256
31 125 235
12 209 304
12 83 304
83 223
19 195
31 66 235
99 107 249
108 142
13 133
19 83
211 279
41 125
9 141 277 278
31 119
309 321
108 123 191
27 35 79 92 252
173 255
31 103 249
31 99 103
12 213
108 123 133 191
302 321
27 35 79 92
13 71
206 305
80 251
79 252
35 79
99 103 107 249
92 227 252
54 209 256
176 203
110 128
79 92 227
209 233
20 239
97 240
142 277
226 326
130 181
31 226
180 250
228 240
13 228
78 252
314 321
311 314
12 209 233
92 227
35 227
92 252
297 326
31 201
35 174
105 130
40 120
226 250
78 79 92 252
201 223
57 264
105 231
123 191
25 247
71 97 128
201 213
239 240
142 247
209 304
292 308
27 35 174
124 265
71 128
292 316 326
313 321
87 177
1 181
30 110
29 110
57 247
19 304
309 314
33 158
33 87 177
35 158
27 35 227
316 326
292 326
206 268
47 57
313 314 321
87 227
110 230
116 226
12 196 304
13 97
292 316 320
27 35 158
78 92 252
31 80
30 33
33 87 174 177
39 282
88 226
279 317
1 220
15 158
194 304
27 158
194 256
57 202 264
40 63 81
47 265
58 220
63 69
2 103
107 231
88 116
12 201
65 304
88 250
33 87 174
61 230
63 80 81
88 180
99 235
103 125
1 126
300 319
36 134 239
34 246
22 264
235 249
63 80 251
57 202
87 174 177
61 177
61 92
0 131
0 36 38
0 24 36
103 235
239 275
76 239
15 27
21 317
33 174 177 248
230 248
307 313
29 227
292 309
35 37
135 137
140 279
61 87
0 239 275
2 312
76 239 275
99 105 125
5 44
61 248
307 313 322
307 313 314
122 284
79 92 252
252 279
36 65
36 134
61 279
314 319
105 235
113 252
39 304
125 249
29 158
29 35
30 44
30 61
36 128 134
83 201
130 231
132 267
43 215
135 226
290 295
79 158
297 298
96 284
87 174
87 92
88 185
4 130
296 301
111 231
15 113
299 302
304 317
307 314
35 121
38 123
5 29 227
30 44 61
293 309
31 41
297 310
298 310
130 257
36 131
311 317
38 133
133 296
44 61 78
51 312
63 140
54 225
158 174
92 177
99 103 125
2 122
4 105 130
38 108 133
38 108 123
111 130
30 115
289 292
118 211
33 248
27 79
71 128 131
36 128 131
35 230
293 294
87 158
159 174
5 121
108 118 123
40 242
115 248
296 324
15 29 227
304 320
159 248
307 312
307 311 314
33 121
29 252
309 312
127 139
82 201 213
36 71 131
57 263
88 135
21 105
5 230
321 324
127 249
99 125 235
309 315
201 209 223
135 211 279
82 213
213 225
292 314 317
55 94
292 293 317
294 321
0 76 275
0 72
116 238
105 130 257
5 252
301 309 312
67 108
35 115
246 271
118 246
292 317 324
15 79
293 304
19 258
87 121
71 128 134
55 144 256
292 312
51 277
79 92 159
105 111 231
67 108 163
38 108 191
38 67 108
115 158
289 317 320
308 317 320
195 201
63 200
255 273
36 71 134
74 94 258
144 213
144 224
144 182
66 274
74 94 224
65 72
170 177
93 94
1 106
99 103 235
227 237
113 238
52 106
38 108 163
108 133 163
227 244
8 9
67 191
15 70
15 227
118 271
19 162
162 195
47 124
127 276
162 201
36 131 134
162 258
42 59 266
141 278
76 275
296 315
316 317
94 182
99 103 125 235
105 257
304 312 322
297 301
57 108
6 165
7 33 87
7 177
174 244
70 244
17 145
24 65 72
174 199
224 256
36 71
38 67
57 67
91 145
91 101
322 325
188 189
57 108 123
108 228
81 242
69 118
293 320
249 276
28 274
31 139
182 258
41 139
67 183
69 284
165 279
70 98
7 70 248
114 180
17 91 145
197 223
38 163
291 314
65 108
200 272
57 142
83 144
144 223
69 91
205 236
58 102
103 111 125
7 248
201 212
144 256
205 206
182 213
63 99
4 21
69 108
296 326
132 283
312 316
313 316
63 235
73 170
14 209
290 303
304 313 316
73 248
63 99 125
172 253
33 73
63 130
66 139
70 230
91 179
317 322
188 189 255
81 241
189 273
304 312 316
33 87 121
48 249
122 179
68 122
30 73
40 272
41 80
179 271
168 221
64 173 220
64 168
63 103 235
63 99 103
99 103 105
64 188
64 189
79 244
96 118
304 312 313
121 199
201 256
167 287
2 91
103 105 125
21 193
303 320
25 167
35 159
44 61
63 103 125
63 99 235
158 159
77 125
98 248
68 96
63 125 235
103 105 111 231
35 179
138 177
177 179
63 99 125 235
303 308
29 119
103 105 130
103 105 111
84 193
178 207
72 207
303 324
138 161
101 235
111 190
72 178 207
79 177
99 257
130 235
0 266
13 131
68 105
292 304
36 90 134
208 254
296 297
68 136
106 183
168 282
73 115
303 304
105 190
289 290
101 105
25 247 287
2 17
130 190
303 308 320
77 130
101 111
164 172
84 101
154 278
4 105
4 111
4 84
190 257
212 260
55 225
111 257
19 219
133 264
170 227
12 144
289 317
84 111
201 212 260
84 130
113 116
50 161
201 225
161 177
55 201
101 105 111
30 35
101 105 111 190
101 257
142 148
37 132
201 219
128 259
88 113 267
4 125
4 235
135 185 218
208 278
65 90
107 136
33 227
21 125
9 169
125 130
21 125 130
79 179
34 176
1 126 263
63 136
308 322
36 128
67 85
90 128
90 128 134
21 235
185 279
42 134
36 42 131
43 49
59 275
42 131 134
49 75
43 217
43 49 75 192
146 215
45 49
45 192
26 45
43 192 217
135 211 218
24 72
26 43 45 49
43 45 49
26 43
110 217
20 108
49 100 110
20 97 108 240
20 38 240
100 110 192 217
49 110
97 108 240
20 108 240
100 192 217
100 110 217
74 93
38 240
45 110
26 43 45
49 215
20 97 108
22 191
49 157
12 74
292 304 312
49 157 215
44 70
157 215
100 217
90 131
79 227
7 230
36 42 90 131
42 71 90
71 134
227 248
87 199
59 76 266
104 239
13 90
24 59
121 177
126 129 263
36 90 131
7 44
24 42
134 259
0 65
174 227
13 59 76 178
76 240
100 110 215
244 248
8 9 169
98 119
22 120
33 121 177
73 199
61 78
98 232
5 115
61 115
29 98
29 50
43 45 157 215
61 158
174 232
87 232
75 240
7 227
7 73 177
7 121 177
30 115 158
30 61 115
15 119 161
32 50
33 73 177
138 179
218 279
51 141
98 121
97 104
33 121 252
30 170
5 30
158 170
158 230
5 78
44 115 158
92 115
305 310
143 248
121 252
198 262
61 78 159
70 79 92
73 158
33 115 177
20 192
30 73 248
61 73 248
158 248
92 121
38 198
87 252
35 87
61 143
78 159
161 174
78 179
97 198
30 79 252
30 61 252
178 266
49 146
291 293
43 45 157
87 230
5 73
26 43 157
26 215
119 230
32 159 174
119 170
32 159
32 119
161 179
115 170
78 98
32 35
125 130 235
121 179
73 143
70 92
177 199
73 143 170
143 158
143 244
158 244
45 157
78 230
79 87
79 87 121 252
98 230
73 143 158
87 115 121 252
79 87 115 252
87 115 121
79 115
87 115
115 121
227 230
158 199
199 252
78 227 230
78 227
33 199
21 77
291 307 309
5 248
135 279
291 307 314
15 170
29 177
2 96
186 195
77 257
104 262
78 98 230
29 170
29 115
182 260
29 73
110 215
135 165 211 279
206 245
63 105
74 212
212 224
162 224
201 260
162 213
74 258
135 185 211 218
94 213
54 219
54 196
144 194
201 258
83 209 258
201 209
12 219
209 258
94 209
74 201
181 208
54 144
93 201
45 49 157
12 224
74 201 213
74 82 201
14 201 213
94 201
12 182 209
213 219
74 219
195 256
162 219
54 195
98 199
37 137
33 87 170
29 78
77 111
29 174
74 224
105 111 130
313 325
235 257
100 215
26 146
43 49 157
110 146
143 170
170 248
45 215
4 101
43 45 215
38 262
290 307
15 115
15 35
65 207
65 71 259
71 131 259
13 207
13 65
5 73 170
128 275
134 275
24 207
59 71
21 125 235
5 158
5 27
2 118
9 133
1 8 52
1 8 9
1 123
110 146 215
13 207 259
59 131
59 134
178 275
9 163
59 97 239
38 97 239
43 239
15 78
15 230
304 313
307 309 311
52 228
72 275
57 102 129
9 123 142
13 157
304 308
22 129
38 42 131
38 72
42 75 131
72 207 215
42 45
134 217
297 312
294 313
57 67 85
72 75
1 108
189 255
38 246
246 275
304 308 312
22 102 129
22 85 129
28 173 229
39 255
142 217
57 163
64 67
67 228
100 157
228 263
129 163
1 108 133
97 104 131
128 239
16 71
71 120
67 123
45 217
146 157
173 215
39 173 229 273
72 239
72 110
194 201
304 326
25 154
310 321
36 148
43 146
49 217
292 317
72 100
13 97 104
13 42 97
301 307
9 217
191 275
67 123 148
43 146 157
135 294 317
45 313
108 133 273
39 229 273
291 292
1 52 217
304 307
307 316
25 254
36 129
314 317
62 169
73 87
1 52 129
134 240
192 317
116 151
302 310
67 123 153
36 43 90
36 157
42 97 104 131
13 42 97 131
49 146 157
78 90
182 317
1 52 129 217
13 42 97 104 131
183 239
43 108
6 116
112 116
88 113
75 192 317
116 137
298 305
26 49 90 146
135 255
43 207 215
58 181
67 153
6 113
52 129 217
129 287
47 206
75 133
46 220
153 167
1 52 287
293 301 304
112 165
113 211
13 42
22 183
201 220
135 267
135 315
167 220
181 221
290 292 317
67 153 167
1 52 217 287
8 191
246 270
191 228 259
25 28
31 81
76 262 266
67 133
211 314
116 185
1 52 129 217 287
5 87 121
124 246
118 124
124 268
262 266 275
46 222
46 167 220
220 313
67 167
16 71 106
5 87
112 151
122 206
2 91 124
17 124
35 73
52 129 287
2 91 206
262 275
47 96
139 142
173 229 273
64 75 286
1 52 129 287
71 106
112 326
149 245
64 75 192
17 118
17 47
45 137
47 91
6 116 185
304 308 316
25 278
124 206
35 170
296 314 315 317
86 270
69 81
42 104 131
301 314
108 316
64 75 192 286
13 97 134
25 221
161 200
168 255
36 135
97 131 134
265 270
176 265
314 315
16 71 102
94 186
293 301
245 265
22 57 183
124 270
296 309
137 151 267
154 277
69 80 81
75 286
71 102
86 236
6 137
25 142
86 124
42 97 131 134
86 265
137 267
52 287
57 75
97 104 131 134
108 301 316
108 293 316
73 87 121
249 251
291 309 317
31 80 81
38 301 316
22 75
203 206
74 209
71 102 106
39 239
240 275
38 301
8 285
74 304
38 308
27 73 158
31 40 81
97 131 259
73 158 170
38 293 301
129 192
27 73
34 124
151 309
128 282
42 97 131 134 259
204 272
39 273 286
46 167
296 318
315 317
6 151 309
24 62
73 252
42 97 259
38 293
39 216 273
40 69 81
42 97 134
47 176
64 163
97 104 131 259
35 73 121
121 158
40 81 251
215 275
57 163 183
75 163
5 121 170
22 57 163 183
22 64
73 121 170
207 215 275
215 262
62 65
71 102 126
22 57 64
205 206 265
6 309
75 129
206 265
108 154
8 62 228
34 245
10 206
38 293 316
157 217
220 221
16 102
146 239
72 90 110
90 100 110
25 173
73 121
152 205
221 247
22 163 183
122 214
39 181
69 81 139
142 287
55 233
181 229
236 265
1 75
10 265
131 134 259
39 173 216 273
67 133 148
142 220
57 183
64 216
1 57 163
51 108 277
108 147
8 22
59 75 192
181 255
40 69 139
216 273
59 75 217
52 220
1 8
9 228
12 14 219
12 197
95 122
31 40
52 57 129
1 129 163
40 139
144 209
64 216 273
64 173 216
95 271
85 183
293 301 316
108 277
38 108 255
12 14
55 251
31 69
45 90
81 212
51 141 277
64 273
2 214
13 42 71
14 93
308 316
39 64 273
94 144 209
45 49 90
214 280
64 167
42 71 104
71 104 259
207 239
6 151 302 309
8 133
178 262
176 268
67 163
26 49 90
65 134
65 215
71 215
108 255
25 220
64 255
45 72
97 215
34 265
43 45 72
43 65
73 159
216 286
39 173 216
72 97
38 229
34 206
255 286
20 75 240
25 28 287
34 47
216 273 286
38 278
273 278
173 273 286
43 192
39 216
39 255 273
219 223
39 164 253
229 273
38 42 108
38 72 108
28 64 189
38 43
64 221
290 301
64 173 189
206 236
147 175
290 316
93 260
51 175
39 46 229
75 134
5 199
2 122 243
45 100 110
14 82
122 243
143 177
15 87
24 36
289 305
15 33 115
115 227
84 101 111
45 72 100
97 146
128 217
15 121
15 87 227
63 84
4 99 136
21 68
43 72
4 136
15 33
4 21 99
90 100
21 136
63 107
63 125
121 227
4 63
33 87 227
58 106
131 215
170 199
106 129 183
299 319
71 239
71 110
190 204
14 43
297 304
121 288
231 249
256 260
40 130
74 260
135 150
61 166
290 293
295 317
178 228
3 18
30 166
108 239
92 244
306 316
24 75
92 170
293 303
15 18
21 249
22 228
56 260
43 45 100
101 274
3 158
62 123
27 35 73
18 252
33 87 248
26 38
35 177 179
14 94
122 265
258 260
121 232
71 97 134
56 94
103 200
122 205
56 213
192 239
43 134
56 74
68 69
53 109
107 274
45 128 134
303 314
168 273
289 293
56 162
206 246
32 79
21 40
52 285
75 239
45 128
1 169
40 66
33 288
303 308 314
68 200
35 61
290 298
41 272
31 103
21 41
92 143
103 274
3 35
34 95
306 314
73 179
206 243
302 319
13 38
297 305
200 274
68 80
147 221
216 278
290 293 298
15 50
289 309
295 316 317
116 184
110 134
298 303
21 63
163 228
32 177
140 171
87 174 227
206 280
63 77
21 190
56 212
21 204
207 217
21 66
153 234
100 128
79 170
87 143
80 200
80 103
47 214
141 254
78 248
39 189
21 274
293 307
290 309
53 171
135 238
137 238
307 308
211 250
310 312
297 313
63 272
78 98 227
78 92
5 15
294 314
304 314
290 308
78 79 92
35 78
27 78
104 134
5 161
297 323
3 92
3 50
112 309
15 29 50
292 307
308 312
308 309
29 161
33 70
46 255
152 265
290 317
18 87 177
35 73 177
3 87
78 294 322
303 317
18 177
137 308
171 308
218 308
63 249
122 270
87 124 177
29 138
31 274
31 136
205 270
179 206
168 229
2 87
80 241
290 320
70 248
41 63 249
249 274
28 221
101 136
21 136 200
80 136
50 177
227 294
132 301
21 101
21 200
41 249
33 50 177
80 130
130 136
48 270
96 271
99 101
68 99
184 309
99 107 200
116 317
299 303
305 317
96 121
80 249
251 257
50 124 138
35 53
210 277
70 270
86 92
48 86
79 86
87 96
78 322
109 294
115 252
116 303
116 299
21 79
165 308
50 252
124 177
33 96
50 138 200
35 265
293 326
48 139
70 139
270 274
79 270
99 270
96 143
77 235
79 86 92
116 319
227 294 322
32 115
246 281
116 321
303 321
41 80 249
44 252
166 252
61 252
35 314
255 265
61 174
70 79
165 317
41 101
101 249
5 91
301 308 312
30 115 177
124 245
116 300
15 167
40 249
29 282
30 33 177
32 200
70 138
154 214
195 213
138 249
122 124
43 45 65 134
76 266 275
48 70 79
50 78 139
50 274
154 313
144 317
145 176
154 171
189 287
33 115 174 177
59 192
72 192
14 212
25 39
250 317
92 251
79 251
47 252
47 166
137 288
50 78
50 139
291 296
101 125
187 195
109 294 322
25 189 287
76 110 178
14 219 256
56 256
42 262
267 313
50 139 274
54 56
171 221
187 212
25 188 287
14 195 219
165 289
21 286
24 217
26 100
27 35 78
125 138
43 76
97 266
12 68
68 221
185 309
68 107 136
25 188 189
75 108
115 174 177
12 28
14 54
289 305 317
165 305
182 195
209 308
79 125
35 50 78
35 139
74 256
93 256
45 178
182 209
185 302 309
12 107
140 195
296 308 312
27 35 139
35 50 139
38 75
272 288
154 291
68 154
65 110 217
121 316
54 182 209 258
40 63 80
133 163 228
133 148 163
56 316
65 275
72 278
176 281
73 227
73 79
3 304
110 134 217
12 221
308 312 313
296 308
54 182 256 309
125 225
182 256 258
74 209 258
135 317
136 221
96 269
82 223
181 277
87 152
54 185
8 102
25 188
25 189
8 65
47 124 245
47 245 265
14 137 219
258 304 326
135 308 312 313
26 43 49
59 178 262
42 76 178
209 258 326
145 265
213 316
71 217
143 227
94 221
145 280
54 185 256
97 108 239
12 107 136
294 301 322
75 97 108
47 124 245 265
22 71
25 134 189
28 134
152 309
144 326
65 163
134 152
74 182
174 177 179
94 317
75 108 239
5 33
94 305
135 308 312
256 308
31 70
128 175
209 326
133 316
54 184
102 228
187 313
134 188
116 303 321
19 116
14 137
135 256 308
256 308 312
124 176
69 125
256 296 312
97 275
63 69 80
65 228
5 33 115
209 258 304
135 308
256 296 308
143 252
200 291
47 205
205 245
40 63 69
64 277 286
8 65 102
25 134 188
26 49 157
74 200
135 296
27 50 139
109 322
69 241
25 134 189 221
134 188 189
21 54
35 50
135 256
40 41
135 296 312
74 136
212 313
104 228
12 65
209 258 304 326
25 134 221
187 212 256
162 256 313
204 288
41 63 69
213 282
143 179
177 227
185 308
3 15 99
162 187 212
162 187 256 313
32 215
65 68
14 185 219
5 33 174
114 116
130 249
162 212 256 313
41 69
54 88
143 177 179
88 296
101 272
3 99
25 189 221
116 296
31 69 249
251 279
131 216
78 261
43 262
162 212 313
78 177 179
101 130
301 308 316
14 298
132 195
294 308
63 69 249
97 262
42 178 262
94 211
49 216
78 170
102 254
3 29
296 302 312
14 219 298
256 313
46 282
162 313
150 165
102 175
97 104 266
131 239
216 239
187 256
56 187
189 221
116 291
130 193 249
25 134
225 251
162 256
68 130
42 178 275
217 266
131 217
79 143 179
69 107
116 197
193 249
121 182
42 76 178 275
69 136
74 233
101 251
40 107
309 322
5 174
40 190
38 192
82 197
80 204
144 314
59 75
62 163
131 275
2 47
97 104 131 266
188 189 221
8 163
26 192
292 303
195 225
197 225
291 309 312
32 65
41 274
42 76 275
72 178
73 177
74 82
74 162 187
55 197
26 72
302 309 312
35 161
182 326
132 135
41 50
56 82
74 225
104 131 266
112 258
291 302 312
18 99
41 231
135 151
217 220
291 294
69 101
162 187
12 25
235 251
73 78
80 130 235
94 233
50 101
55 187
12 74 223
14 213 219
320 326
68 251
31 68
55 258
294 326
41 204
50 69
217 278
134 221
188 221
62 71
94 162
101 130 274
21 101 130
101 125 274
104 266
5 30 44
18 87
308 316 320
197 256
197 258
28 217
39 172
40 68
41 68
50 80
74 223
290 291
21 80
30 44 73
296 297 326
55 209
74 197 223
12 213 223
186 196
3 133
187 223
113 140
309 320
291 294 307
87 121 133
40 80 251
29 175
21 130 193
21 130 249
68 204
41 63 80
50 136
48 70
50 63
55 223
62 317
87 148
73 174
173 239
294 301 320
294 307
26 65
41 200
50 200
35 92
87 133
76 178 275
162 223
41 63 274
104 131
8 62 87
292 316 324
291 305 310
24 71
61 78 252
48 127
35 44
162 213 256
73 261
41 63 136
42 72
162 209
210 286
65 217
72 157
3 123
71 104 266
187 213
80 107
167 188
38 108 273
292 316 320 324
29 99
38 173 273
39 210
41 63 139
41 139 274
44 138
64 210 286
50 235
50 66
314 316
167 221
75 275
65 157
291 317
71 157
294 300
317 318
101 125 235
313 319
144 187
296 312 322
39 247
26 217
29 44
27 29
309 310
31 32
310 313
108 217
21 50
50 249
26 49 72
44 248
44 98
44 143
26 239
20 217
97 131 266
63 204
133 215
65 75 275
65 178
291 295
217 240
24 108 275
108 131
15 92
194 213
26 128
31 32 200
49 134
138 158
63 68
80 99 107
11 182
11 19 54 256
26 128 134
26 72 134
26 108
11 256
11 54
12 82
29 87 121
131 266
40 69 99
26 49 134
72 134
101 107
21 107
11 19 256
49 72 134
144 162
228 239
239 266
40 105
105 107
11 12
21 40 235
131 228
72 131
85 133
182 223
42 76 108 275
42 76 108 178
11 19 233
21 272
26 72 128 134
127 235
144 162 212
48 101
101 288
3 177
104 239 266
40 125
127 204
72 128
40 235
63 99 136
69 99
31 41 101
40 125 235
42 76 108
11 233
48 130 193
12 162
41 139 200
50 79
99 272
54 182 256
31 101
11 54 256
31 272
50 61
56 144
69 235
76 108 275
68 99 107
76 108 178
49 65 110
26 100 110
139 200
107 251
49 131
100 134
48 105
72 228
40 101 105
59 104
108 178
40 41 101
38 104
40 68 99
40 136
42 104 266
62 228
40 68 107
40 68 136
99 231
63 69 99
127 272
31 69 80
41 107
103 105
63 274
123 228
272 274
103 139
80 101
63 139
8 133 228
15 30
31 69 139
137 283
195 197
22 123
145 206
62 148
102 133
33 87 288
206 281
62 133
1 129 133
1 22
133 202
9 22
8 120
62 120
129 285
70 115
52 126
9 285
120 285
9 153
219 256
52 169
290 304
299 300 319
292 304 324
7 143
132 137
98 115
34 268
289 316
144 260
3 179
28 175
20 266
11 74
303 316
46 287
7 170
303 320 324
121 244
7 79
293 305
238 279
45 49 100
178 217
20 207
13 104 259
215 266
259 262
49 207
26 49 207
259 275
43 104
45 76 266
259 262 275
45 266
76 192
45 76
192 266
45 59 192
59 192 266
109 171
71 266
71 275
45 131
76 259 266
11 219
15 73
132 250
132 171
289 308
39 164 253 273
168 210
164 173
187 225
7 33
11 209
64 254
207 275
141 175
64 282
12 74 144
11 258
24 45
253 282
33 143
7 121
32 244
294 302
15 177 179
305 312
70 121
70 174
309 313
30 50
175 277
74 93 94
15 50 177
294 309 313
74 83
154 210 239
127 251
35 166
138 174
7 73
101 193
99 193
295 303
27 30
29 179
87 238
154 239
147 207
27 30 35
294 304 309
298 309
51 94 175
224 295
250 279
295 298
29 288
182 209 258
50 99
182 304
66 77
41 251
169 263
50 105
3 121
3 288
105 274
66 251
154 287
3 105
52 196
67 309
153 285
158 166
30 121
182 258 304
50 125
69 130
25 181
107 241
263 314
224 317
63 69 130
61 107
120 263
4 317
3 31
15 317
174 314
25 210
315 324
305 324
63 264
315 320 324
305 320
306 320
290 305
52 183
101 240
38 306 320
307 324
38 320
38 108 294 316
38 108 294
97 315
306 322
113 135
20 65
294 306
38 239
52 142 217
110 314
106 285
52 217
264 279
80 279
71 240
106 263 285
294 324
15 296
52 67
67 142
150 296
294 306 316
150 296 308
294 306 322
71 178
67 217
52 67 142
135 296 308
52 67 217
67 142 217
150 308
52 67 142 217
263 285
93 144
207 259
137 256
40 63 69 80
110 264 314
296 299
110 120 314
29 296
294 316 324
54 93 256
294 323
40 279
165 211
120 314
40 69 80
135 225
320 323
279 316
24 65 157
292 294
294 310
294 307 322
11 93
28 142 278
28 142 217
28 67
52 142 217 278
247 312
150 225
197 312
52 142 278
28 67 217
67 217 278
142 217 278
28 52
28 67 142 217
247 315
312 323
67 278
25 147
28 142 217 278
28 52 142 278
28 52 142 217 278
312 315
213 260
147 254
314 323
28 67 142
67 142 278
293 312
300 312
51 147 175
51 164
300 310
312 321
25 28 52
25 52 142
101 225
301 306 316
101 219
51 164 253
51 175 253
147 253
298 312
66 101
51 147 164 175
11 92
51 164 175
51 147 253
301 320
227 321
51 147 164 253
164 175 253
294 319
51 164 175 253
39 313
25 142 217
25 52
298 323
51 253
293 294 312
108 173 273
316 320 324
25 67
294 295
293 295
175 253
312 314
38 273
164 175
296 313
42 273
147 172
38 306
39 42
38 294 306
217 259
294 301 316
147 164 175 253
172 208
178 259
73 185
296 312 314
11 326
147 164 253
292 296
295 312
76 259
42 326
25 217
51 147 172 253
318 322
168 247
25 28 142
306 312
278 293
75 316
114 137
141 217 277
188 208
51 147 164
306 308
25 286
312 326
217 277
63 229
63 173
5 185
141 217
11 115
116 150
147 164
25 141
172 254
318 326
140 303
217 286
11 187
293 322
312 318
9 64 141 277
64 141 217 277
147 188
52 286
208 253
39 63
164 254
147 164 208
11 325
64 141 277
64 217 277
9 217 277
44 313
12 55
67 148
67 89
44 320
134 314
25 142 278
9 64 217 277
25 28 52 142
63 304
89 183
44 141
102 134
8 181
63 273
63 229 304
39 63 304
65 266
173 229 304
39 173 304
44 227
228 282
168 228
15 241
142 286
12 19
147 172 253
224 250
173 304
67 123 133
164 172 253
175 254
22 102 106
139 204
64 217
44 115 227
12 196 209 256
67 108 133
164 181
129 134
175 181
22 106
222 228
67 133 153
123 183
46 75 167
9 141 217 277
108 263
11 79 92 325
12 196 209
12 209 256
247 254
25 28 286
181 282
11 79
196 256
239 259
108 224
76 108
51 172
25 64
132 228
263 301
76 108 224
142 154
142 326
51 247
167 247
64 207
210 278
28 46
282 286
46 181
167 181
222 282
64 227
76 224 304
39 65
28 282
167 286
214 271
109 116
116 176
76 224
3 33
217 227
23 277
38 224
2 124
124 280
2 124 205
28 51
25 51
51 287
247 286
18 33
133 207
124 145
175 210
76 188
203 246
181 247
147 154
76 188 189 224
64 154 247
40 69 241
23 51
64 154 210
76 189 224
203 269
154 247
88 280
28 313
76 189
64 175 210
64 154
224 312
25 255
255 282
47 268
76 188 224
46 221
82 176
180 268
46 51
116 132
25 282
34 180
152 270
40 241
7 99
12 76
145 152
25 277
145 270
12 76 209
152 241
152 245
147 255
152 279
6 112 185
86 145 270
64 255 286
91 132
21 86
38 69 108
40 69 108
38 120
93 182
38 241
150 211
40 108
245 264
145 209
135 150 211
11 145
38 40 241
80 108
3 252
145 269
3 18 33
91 270
86 91
120 152
20 275
91 152 270
183 285
125 139
91 152
86 152 270
18 240
153 157
153 275
7 235
5 79 92
52 240
22 240
106 131
9 85 217
71 285
31 130
85 217
123 157
22 65
73 244
71 263
22 24
129 142
14 187
207 266
65 240
129 183 285
65 202
123 148 228
67 123 133 148
18 99 240
202 240
123 133 228
97 243
63 265
110 240
13 110
99 110 240
52 71
52 71 106
3 272
187 219
108 126
71 126
236 279
8 104
145 205
18 104
99 240
47 124 145 205
2 47 205
18 71
2 34 47
34 47 205
38 263
131 240
34 145
34 205
52 108
199 214
34 47 268
3 18 99
142 217 239
34 269
96 236
207 240 275
133 153 157
123 133 157
67 123 157
207 240
243 245
34 96
34 236
41 139 204
3 136
122 144
144 280
202 279
122 144 280
18 136
97 207
36 131 207
131 207
133 157
3 99 136
5 92
90 131 207
67 133 157
67 157
90 207
21 31
123 153 157
36 45 90 131
47 243
45 90 131
36 45 90
45 207
205 243
15 99
36 45 131 207
3 18 29
194 252
3 15 18
7 252
73 138
63 230
18 29
92 125
5 138
52 115
67 123 133 153
67 133 153 157
73 125
1 217
67 153 157
3 29 99
110 245
5 7 73
30 230
15 136
1 9
45 146
1 9 52 217
2 47 243
38 108 263
122 160
30 288
45 90 207
36 45 207
1 9 52
145 160
160 280
30 232
14 187 219
108 157
7 325
11 225
11 125
127 194
76 131
87 276
76 104 131
96 203
78 143
21 276
34 91
122 236
1 9 217
78 140
7 78
230 232
26 45 146
76 104
107 276
241 276
199 249
33 252
26 45 146 207
87 138
73 230
111 138
152 246
21 138
73 121 230
26 36 45
21 111
123 148 191
146 207
26 36 146
26 45 90
123 163
86 91 152
73 232
203 243
310 323
8 9 228
310 314
87 127
2 160
179 323
306 317
1 52 169
22 120 202
21 87
121 230
309 314 317
38 71 259
160 176 203
97 217
314 315 317
90 146
2 245
31 111
160 203 246
29 44 115
122 124 206
47 176 203
99 111 136
9 75 192
160 176 246
32 125
30 87
31 48
36 43 45 146
43 90
71 90
2 34 245
38 76 104 131
13 38 104
3 15 18 29
3 18 288
108 207
7 138
160 246
15 138
251 317
177 252
128 146
75 192 239
44 61 115
36 192
125 200
34 271
156 265
301 320 324
111 139
9 234
302 323
306 324
308 325
26 43 90
38 76 131
43 45 90
176 236
38 97 104 131
69 111
44 115 252
200 249
123 234
125 127
33 73 87
129 264
3 18 121
214 243
40 77
105 139
3 18 73
3 73 121
309 323
18 179
45 90 100
118 319
241 249
18 50
69 265
136 317
50 227
73 288
3 18 199
105 107 241
107 111 241
9 129 142
44 79
18 138
3 199
3 98
111 241
292 306
121 138
36 75
50 98
52 89
297 317
297 302 317 323
118 265
17 156
139 257
18 199
120 129
89 228
179 288
317 319
62 234
18 288
290 307 320
45 49 110
121 174
17 95
304 325
12 225
191 234
174 248
87 248
87 288
184 211
187 194 196
187 194
290 320 324
313 326
219 225
105 241
126 285
22 67
22 67 129
74 187
67 129
89 123
298 324
29 33
90 110
29 33 87
95 243
55 219
34 160
46 189
14 55
167 255
306 307
64 175
175 255
175 278
77 139
111 200
29 87
100 110 157
317 321
151 211
2 206
144 258
248 261
87 121 232
1 106 263
94 250
67 263
144 250
73 248 261
255 277
64 175 255
34 122
36 100
210 216
28 247
32 70
141 164
51 181
221 287
64 154 286
147 277
154 181
278 287
175 247
1 89
154 175 210
141 175 210
154 175
277 287
64 154 175
64 141 175
64 141 175 210
64 141 154 210
141 287
64 175 287
34 280
25 175 247
64 210 255
154 255
65 192
199 227
78 143 170
112 185
111 249
89 169
43 49 217
42 90
128 157
38 266
112 218
38 146
146 266
76 97 198
42 76 97
43 128
36 38
36 266
38 217
52 191
89 142
13 104 131
294 325
107 139
38 104 131
9 75
293 324
15 199
150 185
3 18 161
31 105
130 139
102 202
3 227
71 104 131
105 111 276
8 153
18 161
24 157
107 249
13 38 131
249 257
130 276
139 276
179 227
169 285
52 239 266
8 169 285
50 199
183 215
293 294 316
108 133 153
6 112
30 61 158
30 50 98
61 199
296 312 313
139 266
290 292
98 288
102 126 263
90 239 266
290 306 307
296 307
50 73 199
290 326
93 293
227 288
2 280
106 120
5 50 73
5 50 115
18 294 316
3 18 316
18 293
306 326
290 296 307
307 325
199 276
35 177
129 202
295 300
158 288
3 40
94 108 239
296 304 312
125 199
176 206
50 73
176 214
148 183
52 99
151 279
70 87
6 185 279
103 133
75 104 192
5 179
15 29 133
33 92
36 49 146
75 131
50 179
2 203
93 322
115 179
93 324
93 307
121 170
79 121
26 49 146
124 271
30 61 63
61 83
102 120
3 15 29
106 120 202
107 290
9 183
302 317
124 203
31 290
95 203
98 143
98 174 227
102 106 120
35 70 115
160 245
91 118
126 142
38 76 178
44 92
50 265
50 174
235 316
102 106 120 202
1 183
63 111
8 9 263
205 246
118 281
73 121 143
73 121 288
49 231
49 86
93 162
87 179
176 245
294 307 316
297 308
86 250
125 292
50 179 265
83 219
308 323
115 143
297 303
118 145
118 269
29 114
98 158 227
87 170
230 288
4 118
6 112 184
115 270
21 263
32 158
160 203
73 98
2 95
308 319
308 321
22 52
124 214
226 317
6 317
22 169
79 143 252
160 268
68 101
15 114
203 245
296 302
68 199
95 214
7 143 170
79 92 143
303 323
14 83
124 205 265
101 199
116 185 279
2 156
3 114
15 180
50 121
27 47
296 309 312
63 199
136 199
35 47
1 228
7 143 252
99 114
73 143 252
124 176 203
44 158
312 319
309 314 321
78 143 252
121 179 288
174 288
309 319
34 203 245
116 279
248 252
118 214
121 177 179
121 177 288
300 309
73 98 227
205 265 268
6 112 218
176 203 245
305 309
73 98 230
315 319
300 305
305 315
309 315 317
99 199
96 156
124 236 265
205 236 265
68 190
7 158
118 214 271
179 248
160 205
3 129
3 115
3 4
6 185 218
228 264
95 214 271
34 176 245
91 243
91 271
91 96
1 264
156 281
63 101 200
3 138
18 227
18 98
63 200 274
91 214
165 218
136 200
44 170
150 218
27 92
6 109
109 112
27 35 92
6 114
35 70
4 186
5 78 170
136 274
63 136 200
145 156
109 135
180 218
18 121
5 70
7 27
112 226
131 146
114 150
248 288
154 282
49 65
51 220
289 295 317
22 89
72 76 178
36 72 131
43 110
27 115
93 197
29 199
90 275
72 128 275
71 154
103 107 200
72 90 128 275
47 95
4 139
5 288
136 242
60 163
72 76
16 263
4 41
112 155
67 126
1 67
128 178
295 306
24 128
26 146 215
42 266 275
24 90
26 75
33 161
299 315
63 231
309 318
22 285
3 70
56 258
292 306 316
168 208
32 199
92 248
7 92 248
7 92
62 117
173 221
114 140
2 34 122
306 316 317
168 254
79 92 248
27 199
298 320
51 282
49 104
87 159
17 236
173 175
3 143
50 70
115 199
30 119
30 78
174 230
51 255
273 282
5 227
173 282
173 255 273
70 143 248
32 179
70 143 170 248
27 248
70 143 170
70 73 143
3 87 98
3 78 98
33 121 179
32 121
27 170
3 78 87 227
3 78 87 98
50 121 179
5 143 248
5 92 252
33 179
70 177
5 27 92
33 50
119 143
27 70 92
5 70 92
27 79 92
5 70 79 92
27 70 79 92
227 252
5 27 70 79 92
73 119
3 73
5 27 70 79
119 121
73 121 179
56 144 260
50 73 179
167 173
27 70
50 73 121
98 252
115 119 252
50 119
158 177
27 121
30 32
32 78
30 79
30 119 179
29 30 119
5 79 92 179
30 252
79 248
112 137
10 96
20 75 217
78 121
24 178
89 163
51 273
35 199
79 143
71 76
293 298
115 230
168 208 210
125 257
5 92 248
95 160
160 206
13 71 131
13 71 90
13 131 207
173 208
126 133 263
1 52 85
52 85 123
89 191
176 246
117 183
95 145
176 280
122 176
9 117
16 85
2 86
160 301
308 318
325 326
60 148 153
2 271
111 136
38 90
52 305
34 86
63 257
89 148
99 105 139
9 148 153
203 311
71 207
298 317
168 169
1 305
67 133 191
22 89 163
132 308
36 259
184 218
112 325
203 304
91 105
132 303
304 323
73 78 121
56 197
179 200
132 315
213 224
94 153
105 288
301 306
10 48
132 303 315
143 200
204 274
40 231
160 265
60 153
150 318
3 5
303 315
94 148
91 204
4 78
4 138
22 176
73 138 288
21 91
73 143 248
279 308
212 256 260
312 314 317
209 224
63 276
163 176
33 111
111 177
6 14
73 99 143 248
137 224
56 93
85 163
89 176
10 48 70
137 258
73 99
4 288
112 182
9 117 142
10 70 86
12 121
12 80
176 195
311 312
135 179
224 267
73 99 143
32 79 92
8 234
10 70
132 304
176 223
67 152
152 160
19 113
9 117 234
200 252
152 201
137 203
82 176 223
70 91
40 103
5 73 143
6 256
116 315
307 311
296 308 318
137 203 219
291 311
176 267
142 234
67 160
294 301 316 322
307 311 312
55 260
223 267
12 322
5 79 92 252
12 294
12 316
256 326
203 219
55 212 260
142 183
48 70 86
70 86 270
236 280
5 35 79 92
13 36
133 200
169 208
135 150 296
291 312
314 317 321
112 325 326
160 213
313 317
1 163
112 256 325 326
135 150 308
150 308 318
34 179
256 258
291 301
117 142
135 150 296 308
27 35 92 252
70 91 270
185 302
111 121
138 274
2 236
87 242
68 136 190
111 121 179
111 177 179
27 79 92 252
199 200
313 314 317
292 294 316
111 179
35 111
27 33
138 139 274
111 121 177
12 74 83
14 218
138 139
35 111 121 177
292 323
30 92 252
86 91 270
176 238
40 105 138
4 68
78 98 115
292 293 306 316
36 207
135 296 318
68 138
2 34 268
176 238 267
40 68 105 136
87 204 242
293 306 316
35 121 179
133 199
292 293 316
176 223 238
293 306
32 235
67 200
163 258
152 282
68 105 136
35 111 121 179
30 92
137 209
139 265 274
290 294
292 293 294 316
223 238 267
190 265
137 258 304
294 306 323
33 35
137 209 258
219 279
150 296 318
2 268
82 238
105 249
294 301 306
306 323
150 296 308 318
60 123 148 153
87 204
139 265
292 293 301 316
122 160 206
103 105 107
179 265
139 179
70 160
179 190
135 308 318
31 68 69
52 133
86 160 270
66 179
5 30 92
60 123 153
53 318
87 145
290 292 316
40 105 136
112 256
9 85 142
60 123 133 153
309 311 312
86 160
294 308 322
292 301 306
68 242 272
111 115
153 191
252 261
169 254
313 314 317 321
60 181
94 152
68 242
242 288
22 153
22 60
293 308
301 306 308
292 301 308
160 270
27 177
95 199
68 105 204
68 288
86 91 160
155 238
28 322
68 204 242 272
86 246
163 191
12 74 256
12 213 256
27 35 177
82 256
132 279
211 296
313 317 321
62 183
291 315
68 204 242
112 219
12 82 256
21 139
21 99
298 308
35 98
40 274
150 211 279
233 300
291 319
246 268
293 306 308
74 213 256
182 219
298 316
109 150
99 111 139
68 204 272
136 145
7 73 248
13 275
139 235
7 73 143 248
302 322
21 99 139
291 296 312
10 70 91 270
292 293 308 316
40 69 105
30 92 115
82 201 223
144 224 258
99 190
179 199
200 235
94 144 258
70 265
152 236
40 105 139
292 293 301
66 200 235
91 265
268 281
152 206 236
10 70 91
11 325 326
122 152
70 124
296 311
82 209
103 136 139
85 89
14 201 219
19 209
31 40 69
137 140
21 242
40 111 235
117 123
298 307
124 152
182 201
68 272
92 179
111 235
12 74 209
14 82 201
66 200
293 296
3 248
48 111
10 91 152
73 79 252
78 199
74 209 256
50 159
52 234
21 66 235
4 48
305 326
99 136 249
94 144 224 258
3 5 70
4 190
10 91 281
48 99 249
136 249
149 152
91 122 236
22 89 191
11 219 223
68 99 139
140 180
91 236
11 14 219
11 14 223
11 201
136 139
152 176
111 139 274
11 19
17 176
21 139 274
124 160
289 312
167 282 286
190 249
11 14 209
296 305
301 316 322
11 14
314 324
302 314
313 320
176 271
99 103 107 200
4 40
31 69 274
68 99 103
4 111 139
33 244
11 223
14 223
304 312 326
80 99
43 146 215
99 242
72 259
13 59
90 266
13 266
76 90 266
76 178 266
167 168
167 210
254 282
181 254
221 273
216 282
173 216
168 277
123 169
71 76 275
173 273 282
169 234
39 181 254
39 181 216
39 141 216 277
39 141 181 216
216 247
247 282
46 167 282
39 216 247
167 172
210 255
25 46
25 247 282
46 247
172 216
234 263
110 157 215
75 157
43 45 108
110 262
24 131
104 240
26 43 49 217
20 75 97
97 104 262
20 97 262
36 90 157
157 207
26 43 72
36 90 215
36 207 215
13 43
108 198
13 215
108 198 239
24 240
24 192
90 239
90 108 239
90 108
36 90 207
36 207 275
90 266 275
59 90 266
36 108
59 90 266 275
36 178
45 49 192
59 266 275
36 42 90
36 42 90 207
49 192
36 239
36 42 71 90
42 207
13 128 259
42 71 207
59 178 275
42 71 90 207
108 192
104 198
59 76 178 275
71 90 207
36 42 71
59 76 275
42 90 207
45 108
59 76 178
36 38 90
36 90 275
157 239
24 38
6 155
5 7 92
76 90
95 284
139 249
3 230
13 128
85 126
26 240
46 286
104 108
20 104
20 104 240
22 234
45 262
104 240 262
67 102
60 117
2 284
47 145
11 219 256
201 209 219
2 281
14 209 219
201 321
197 300
201 302 312
1 102
1 117 234
10 160 270
209 303
20 157
27 32
44 73 252
44 199 252
29 199 252
52 309
317 326
86 268
155 185
52 258
91 96 246
12 133
209 304 326
119 227
95 265
151 225
177 248
91 95 284
268 271
201 303
88 171
171 317
180 317
91 95
27 119
44 179
27 115 199
121 145
88 155
70 158
22 152
225 245
150 317
93 212
120 187
120 245
22 245
145 202
22 145
30 199
115 214
187 245
30 133
187 279
45 240
43 240
187 245 279
225 279
27 35 70
115 288
163 279
22 279
70 288
96 124
104 146
168 173
172 221
282 287
247 282 287
25 255 282
25 282 287
46 216
25 247 255 282
25 247 282 287
255 287
167 216
100 146
255 273 287
45 100 157
46 255 273 287
26 104
104 157
216 255
11 213
104 215
11 55
49 262
256 309
54 256 302
43 198
43 100
256 302 309
54 55 256
43 45 239
45 198
204 249
292 302
66 276
292 293 309
4 80
105 204 251
292 293 302
48 80
48 99
204 276
292 293 305
40 125 249
105 276
69 242
80 125
80 235
80 190
31 80 103
105 251
99 111 200
99 107 111
69 77
136 272
231 242
293 302
31 276
40 127
4 66
69 272
136 276
40 41 139
41 139 249
41 124
103 245
29 125
100 240
4 200
86 245
66 124
292 302 309
86 279
99 276
111 276
159 200
62 245
103 202
62 279
107 111 276
99 107 276
99 136 276
103 120 202
247 309
99 251
120 187 202
103 187 202
9 67
9 60
292 293 320
8 245
62 245 279
247 258
160 209 258
107 136 241 276
99 107 136
160 224 258
160 204
107 241 276
107 136 241
136 241 276
107 136 276
68 202
160 258
154 276
160 224 258 304
103 120
49 97
154 210 276
104 110
160 258 304
20 110
160 209
160 304
43 97
19 40
292 294 302
292 294 306
301 302
302 320
315 320
301 315
40 300
294 302 320
293 315 320
97 104 240
120 304
311 320
211 256
204 304
160 209 304
160 224 304
103 264
209 224 304
294 315
19 55
209 224 258 304
294 301 302
293 323
264 304
292 293 294
255 313
45 51 157
51 263
45 49 51
9 52 217
110 133
315 321
108 292
45 51
248 273
26 51
12 43
26 45 49
6 211
298 306
86 186
292 321
56 217
239 262
292 294 321
56 83
108 211
52 120
279 323
302 316
292 294 320
124 209
88 181
195 238
316 323
211 292
211 315
108 239 262
290 302 315
2 34 236
135 140
45 108 262
135 323
289 323
14 260
160 224
292 315
2 34 124
51 210
55 302
55 293
28 120
254 278
135 316
2 34 124 160
153 239
108 153
55 292
14 233
67 317
135 305
34 124 236
2 34 160
144 302
150 302
34 124 160
160 236
55 144
55 319
113 289
2 34 124 236
211 319
144 279
47 122
26 262
197 260
211 289
271 280
113 289 319
164 253 273
17 271
135 144 279
24 108 239
239 259 275
13 201
24 36 72
39 164
113 323
90 201
71 108 239
26 201
54 83 256
36 201
54 83 213 256
54 83 213
208 277
2 124 236
83 213 256
83 233
2 124 160
173 229 255
47 203
289 319
178 270
271 284
39 221
28 255
296 323
55 211
135 321
34 160 236
113 211 289
113 211 289 319
19 56
46 64
211 289 319
113 211 319
56 233
74 83 256
162 292
56 213 256
164 229
2 34 160 236
54 239
38 108 239
265 280
52 239
142 239
38 71 239
16 59
290 292 320
52 71 142
16 71 263
150 323
59 259 262
9 120
123 275
76 259 262
2 160 236
47 246
140 305
126 183 263
55 113 211
14 139
47 281
52 148
54 56 213
176 201
139 219
114 132
45 148
59 76 262
76 259 275
145 201
12 212
292 317 320
14 274
1 148
142 169
137 155
55 294
9 123 148
47 294
83 258
22 108
113 316
113 305
12 83 256
124 203 265
54 213 224
239 260
320 321
12 83 94 256
34 160 203
135 302
135 319
113 302
113 321
160 203 265
140 315
298 299
47 206 236
246 280
22 120 264
295 309
47 176 236
124 160 265
314 326
279 320
124 160 203
197 213
74 94 224 258
201 224
307 308 320
182 233
219 258
83 197
233 260
223 260
67 262
117 148
317 323
9 123 234
67 295
302 309 319
67 76
295 321
82 260
311 319
295 302 309 321
309 325
317 320 322
303 307
295 309 321
295 319
298 313 314
62 142
298 313
295 326
291 303
59 262 266
307 315
309 326
108 239 275
60 228
295 299 303
291 305
95 139
154 208
9 60 123
300 317
269 281
228 234
9 60 228
234 285
203 236
315 316
95 271 284
319 326
38 45
38 108 259
317 325
82 201 260
1 234 263
122 215
118 284
39 46 255
90 215
26 72 90 215
39 173 255
72 90 215
26 90 215
13 221
39 64
181 208 254
95 118 284
25 173 255
76 168
64 178
118 271 284
46 51 282
168 178
52 234 263
113 150
254 290
117 228
13 76
209 260
53 112
95 118
247 277
85 286
120 191
120 163 202
202 228
126 228
22 163 228
80 231
38 46
1 117
201 209 260
1 52 142
151 201
24 228
12 201 219
38 153
184 267
299 307
186 187
135 155
299 303 307
197 201 223
38 153 183
212 258
1 124
219 260
302 308
56 225
56 201
82 197 201
52 153 169
11 56
60 123 133
295 305
13 135 155
201 304
197 304
19 93
155 226
1 225
94 258 304
60 67
215 316
256 324
16 153
152 225
39 307
215 309
41 103
152 292
231 292
41 263
47 124 268
69 108 263
310 319
38 69 108 263
68 103 295
215 295
176 236 265
47 176 268
160 236 265
38 69
24 263
41 317
16 153 183
26 39
183 264
236 268
106 153
10 124
300 309 319 321
106 153 183
16 22
69 290
201 317
1 16
309 319 321
16 57
16 22 163
133 295
67 123 191
26 67 90 123
26 317
90 191
94 279
67 90 123
26 67
26 90 123
224 239
239 304
126 153
26 67 90
108 239 259
26 123
69 259
90 123
69 239
13 16
187 201
90 123 191
90 295
108 173 239
212 233
69 173
13 69
101 200
119 177
295 307
31 257
57 234
104 128
85 191
72 90
188 286
300 302
26 207
26 90 146
26 36 90
38 207
1 57
38 104 178 259
38 104 259
26 36 90 146
146 192
57 191 234
98 174
104 192
45 65
24 43
81 101
193 251
104 199
7 87
72 104
70 78
73 227 248
105 111 204
30 70
158 161
72 217
24 49
36 49
42 146
97 104 178
16 52
290 307 309
30 174
85 126 263
202 285
1 85 263
148 153 228
40 276
24 26
69 200
315 322
21 40 66
289 306
57 85 191
33 232
3 7
101 231
119 158
295 307 317
137 218
307 320
70 78 230
80 274
137 211
112 250
308 317
292 310
301 303
11 88
305 308
53 213
55 74
5 119
295 302
232 248
299 310
3 179 199
143 199
44 61 174
70 232
323 326
11 224
14 140
36 97
101 204
14 185
82 116
24 273
296 310
36 128 146
158 179
114 185
14 304
267 304
19 295
19 299
61 179
61 79
254 322
6 258
14 317
61 119
36 51 146
36 38 51
41 276
38 72 217
101 276
112 224
12 309
200 231
38 286
38 64
38 216
45 51 146
61 159
82 303
22 148
24 65 195
30 158 179
219 317
14 319
136 241
184 304
19 298
24 313
195 313
31 153
73 179 200
73 143 179
185 323
189 286
74 182 256
142 263
209 313
185 304
185 258
1 192 217
48 107
12 313
121 143
27 261
199 317
72 216
14 185 304
185 256 304
110 216
44 115 159
119 179 200
13 104 228
41 105
72 110 216
31 67
32 92
291 318 326
67 207
44 159
92 138
14 185 256
6 14 256
114 317
117 202
21 40 130
179 249
38 106
75 142 192
38 183
55 56
33 73 143
73 200
1 192
3 15 199
27 244
12 194
12 279
33 121 143
142 192
75 142
55 279
6 14 185
1 129 217
106 142
54 194 256
141 277 286
146 223
40 101
116 213
24 87
32 200 249
31 146
31 317
49 309
114 201
54 256 279
130 159
147 263
56 279
63 317
49 147
54 279
116 201 213
120 181
44 73
114 116 201
138 200 249
73 92
285 286
1 64 217
22 241
22 128
38 255
142 181
5 33 143
87 241
52 192
28 117
117 278
291 313
3 222
164 189
97 110 216
28 117 278
99 118
53 201
36 286
36 225
48 316
64 142 154
52 154
1 38 316
1 38 217
189 253
15 161 199
28 129
129 278
313 318
63 171
1 38 52 217
3 167
28 117 129 278
26 36
181 263
148 263
299 313
1 38
28 129 278
49 147 175
66 153
70 179
1 38 52
36 110 146
26 110
12 223 256
70 179 249
291 316 326
81 274
66 105
26 72 110
28 117 129
70 249
79 249
49 175
49 225
1 71
117 129 278
15 133
150 304
256 279
38 148
68 87
6 302
135 304
150 304 318
25 45
19 56 256
6 185 302
68 241
15 24 65
80 199
150 226
14 185 302
28 117 129 234
15 22
257 274
174 299
102 216
15 291
67 80
81 231
6 14 185 302
22 273
148 231
72 97 110
44 87 115
117 129 234
28 234
36 61
38 39
1 207
164 189 253
8 133 153
30 249
67 181
70 159
44 61 115 174
193 257
133 181
12 182
21 257
27 179
30 159
44 199
3 57
4 21 130
4 15
5 70 79
5 79 252
44 61 199
135 150 279
67 153 191
28 129 234
11 201 256
201 256 258
57 207
52 291
57 63
57 225
150 279
290 323
30 119 199
57 290
65 295
1 24
28 117 220
117 220 278
25 167 247
62 310
201 219 256
182 201 256
220 234
3 27
5 70 79 252
30 115 199
44 115 199
115 119
117 220 234
43 57
51 295
61 119 174
72 110 192
75 110
13 97 259
44 61 119 199
22 120 163
3 119 179
3 27 119
68 111
15 44 61
15 44 115
61 174 199
64 210 254
201 225 256
1 52 153
3 27 119 179
3 27 161
108 146
24 146
44 61 174 199
45 274
52 181
43 108 217
43 108 259
117 220
38 289
32 80
49 200
39 229 255
5 70 252
44 115 174 199
28 117 220 278
24 65 217
55 195
70 79 252
57 181
3 27 179
44 61 115 174 199
27 161 179
36 42 146
64 181 210 286
291 299
30 44 115
115 174 199
117 142 234
181 210 286
3 30
81 105
30 44 115 174
117 129 142 234
291 304
24 38 65
229 253
39 286
208 287
3 61 174
14 324
36 43 45
1 169 263
51 220 253
216 220
65 131
104 131 178
3 115 174
1 57 263
11 19 54
32 143
92 98
44 244
44 115 119
115 119 199
15 44 119
5 30 252
44 73 143
62 153
11 54 56
182 201 223
297 322
182 223 224
117 129 142
129 228
129 183 263
295 322
21 69
109 180
194 195
109 171 180
292 300
189 220
137 185
33 232 248
142 153
44 230
167 168 282
247 278
167 208
39 220
39 51
64 254 278
64 208 254
51 168 216
51 167 216
181 210 255
141 181
147 181 255
147 255 273
175 282
210 282
39 254
39 181 255
147 229
167 173 282
173 181
66 190
36 45 100
101 124
5 15 78
101 160 265
101 124 265
101 160
86 156
10 314
2 290
245 290
21 130 257
91 284
224 260
46 164
289 300
145 319
145 315
156 203
125 145
102 106 183
67 106
123 263
67 106 129
22 153 163
3 7 87
106 117 129
70 227 248
159 252
56 209
14 56
3 73 87
5 177
5 50
197 219
138 227
143 161
73 161
79 161
52 102
11 83
15 98
15 143
214 248
79 214
13 71 104
106 126 142
296 306
24 72 207
24 72 217
255 278
72 146
15 235
119 161 179
177 294
15 125 235
13 90 104
6 180
74 197 201
38 131 259
156 267
50 301
6 226
247 294
147 175 306
45 132
55 263
45 157 225
49 183
43 49 108
50 293
185 226
147 306
64 294
25 64 167
64 167 306
282 306
173 263
126 137
93 187
187 197
61 293
61 310
132 180
97 100 110
6 187
115 299
94 187
13 262
71 147
292 296 301
93 279
97 110
118 250
28 167
147 168
147 220
210 220
69 94
147 282
137 279
172 273
233 299
43 207
115 192
94 319
133 167
10 279
100 102
10 270 279
270 279
210 247
156 299
59 115
44 59
121 245
147 286
44 115 177
147 273
124 265 268
36 124
156 233 299
145 220
125 220 235
15 125 220 235
220 235
15 125
156 233
156 295
47 284
42 157
273 286
42 52
71 108
125 220
34 284
147 273 286
210 273 286
118 257
210 273
34 295
160 284
34 201
163 202 264
205 280
56 137
19 56 212
24 47 65
47 65
24 47
34 303
135 295 299
34 135
34 116
15 174
135 295 303
34 135 303
135 299 303
135 303
135 299
44 177
201 295 303
135 295
135 201
100 120
157 259
65 79
8 24
137 233
237 248
33 86
8 24 65
73 143 227
6 14 218
157 275
7 73 143
80 192
157 259 275
94 197
192 220
156 201
24 304
50 73 143
52 169 220
13 39
157 217 259
169 220
75 179
179 192
24 108
8 52 220
15 44 115 177
15 44 115 199
39 147
3 15 115
39 147 229
59 157 259
15 44
5 73 248
39 168
30 177
19 56 213
59 217 259
3 30 174
30 115 174
59 217
135 283
14 213
119 252
220 256
21 121 179
78 138
30 115 174 177
146 220
15 101
283 309
44 87
52 217 220
196 309
97 100
56 212 256
187 196
87 121 179
87 121 288
108 220
113 156
15 288
1 21
50 317
104 108 131
71 104 108
3 15 187
33 115 199
21 143
143 317
44 61 174 177
97 169
12 201 213
138 187
174 187
121 187
110 169
220 248
15 135
73 317
19 56 182
59 108 259
59 71 97
30 44 61 174
93 292
79 100
33 135
135 199
92 100
56 182
3 15 288
301 319
3 302
295 303 309
121 248
248 260
50 248
143 319
197 301
94 115
56 182 256
30 61 94
15 61
15 197
119 199
79 292
79 293
94 227
30 197
135 309
208 286
50 162
94 301
7 174
143 174
61 93
79 199
1 55
50 121 138
27 174
87 296
50 79 177
50 87
50 158
3 79 92
188 220
73 87 179
65 319
61 227
83 201 223
85 102 129
220 254
302 309 313
187 258
12 187
117 285
301 302 309
301 309 313
129 286
94 135
10 21
19 187
3 79
137 188
129 210
129 210 286
49 292
10 63
48 152
33 79
49 293
34 281
49 299
10 48 152
64 263
21 105 125
105 235 249
105 125 235
21 105 125 249
21 105 125 235
105 125 235 249
235 274
309 316
21 249 274
21 105 274
96 281
99 105 235
21 99 274
21 105 107
21 99 125 235
168 220
167 254
105 125 249
34 96 281
107 235
34 96 269
21 99 125
21 105 235
21 105 130
130 274
125 200 235
69 274
301 326
105 130 274
322 326
69 101 130
304 322 326
301 322 326
34 249
3 232
99 241
38 322
25 141 277
25 64 277
25 64 142
64 141 142
142 189
64 142
25 142 277
25 189 277
148 153 183
141 277 287
25 154 277
25 142 154
25 142 287
141 154 277
62 102
64 142 287
25 142 189
64 142 189
25 64 189
141 142
129 153
142 277 287
25 142 189 287
67 129 191
129 148 191
25 277 287
67 129 148
129 148 153
25 64 287
64 142 277
25 64 142 277
85 129 217
67 129 217
148 217
76 104 262
129 217
192 207
100 192
67 191 217
129 191 217
191 217
67 148 191
67 148 183
76 97
148 153 191
175 220
67 148 153 191
38 292
38 292 322
38 294
38 292 293
220 255
25 64 188 286
110 207
38 294 322
72 110 207
25 253
99 124
306 309
38 51
147 278
67 129 148 191
34 122 124
28 147
25 142 286
164 286
94 211 279
88 279
111 113
39 147 255
88 150
191 264
8 202 264
120 220
8 67
120 126
126 191 263
302 306
63 241
39 147 273
67 120
113 267 319
38 301 322
90 207 215
1 52 105
1 249
1 80
169 241
64 253
105 169
99 169
226 267
64 189 253
25 64 253
241 251
189 253 286
114 165
46 245
306 309 316
110 207 215
1 120
150 250
38 100
108 322
108 203
203 316
142 203
234 317
117 120
25 64 286
42 43 71
26 72 215
64 188 189
90 108 146
38 97 178
65 128
97 104 259
104 131 259
24 215
38 157
49 90 157
71 178 262
178 259 262
13 71 259
114 238
1 52 117
36 38 43
25 189 253
46 168
1 285
28 220 287
64 164
25 64 173
51 173
147 216
46 253
25 164
46 168 282
25 253 286
164 188
75 207
47 152
113 180
47 48
1 117 120
52 142 153
117 264
263 264
120 153
106 264
73 87 177
106 163
16 126 263
15 252
79 174
78 79
3 70 288
92 143 174
16 102 263
73 79 92 121
102 123
73 79 92
12 78 83
19 74
11 213 256
79 115 158
79 119
70 314
70 152
30 79 92
30 61 79
5 30 79
5 61
47 269
82 201 219
15 284
3 119 174
124 269
73 199 248
3 15 174
15 119 174
121 160
3 15 119 174
87 177 248
55 73
199 248
15 261
7 199 248
301 306 322
113 114
114 319
94 150
47 96 124
132 165
33 246
145 165
10 70 152
80 135
70 86 135
70 135
135 314
140 165
135 145
14 225
63 86
70 86 152
96 145
48 70 152
127 241
111 251
99 127
301 307 316
301 306 307
306 307 316
73 158 248
70 86 279
301 307 322
64 172 286
115 249
28 64 220
16 228
86 281
36 42 128
146 217
160 203 304
49 72
126 169
117 263
1 191
154 183
154 263
42 181
210 263
13 90 157
13 45
293 297
65 97 110
31 130 193
85 277
292 293 297
43 71
65 110 157
73 115 248
13 24
294 297
52 66
69 157
125 204
34 304
43 263
13 280
204 235
7 70 143
73 115 199
31 193
65 104
124 304
38 97 104
104 217
47 124 304
22 286
193 274
21 203
38 76 100
203 209
307 316 322
38 188 189
76 188 189
31 130 274
34 80
38 76 188 189
110 189
201 292 297
201 297
31 48 130
22 187
153 241
80 125 235
43 157 278
203 302
8 110
62 194
292 301 306 316
92 110
157 278
100 168
45 287
38 215
57 157
69 76
69 76 215
44 92 115
135 287
44 79 92
45 286
43 277
279 287
36 130
31 32 130
48 193
26 76
76 215
50 130
203 209 219
31 50
6 21
32 130
31 50 130
137 250
46 76
46 69
97 277
38 69 76
82 233
205 304
96 304
281 304
176 186
41 111
124 281
53 114
124 281 304
81 127
8 129
115 166
60 169
8 60 169
39 287
291 293 309
1 52 57
52 57 263
52 57 85
290 291 309
185 218 279
290 303 320
303 306
204 251
70 166
273 287
172 188
87 244
5 18
33 121 248
193 204
121 248 288
101 103
81 101 103
68 103 200
5 15 18
90 108 275
179 261
90 131 157
36 90 131 157
314 320 323
304 314 323
304 306 323
20 146
20 36
86 269
75 146
20 90
270 271
313 323
33 98
30 143
36 146 157
99 105 136
301 323
219 224
81 103 200
81 103 107
4 204
12 217
15 205
31 63
264 285
90 146 157
238 250
107 136 242
38 97 201
148 259
190 242
19 260
299 305
31 204
136 204
9 142 217
29 313
94 133
50 138 177
22 57 85 163
41 127
201 281
152 317
11 133 148
299 305 317
152 250
9 52 142
22 57 85
45 285
1 60
1 294
115 274
44 115 143
11 148
14 129
253 287
94 133 148
9 276
3 29 199
238 317
107 313
117 253
19 267
9 119
1 9 52 142
145 186
34 107
12 60
31 138
182 224 258
281 326
203 235
60 133 148
57 68
57 107
128 172
316 320 323
101 159
117 217
152 281
3 99 276
11 260
219 305
28 122
123 167
176 309
220 298
79 92 177
1 9 129
159 193
12 137
28 64 278
29 276
87 200
11 12 54
12 137 219
12 54 137
25 129
46 123 167
28 145
128 129
48 284
143 288
145 278
3 220
11 12 54 137
135 250 296
34 261
265 284
87 284
174 179
90 97
3 276
11 12 137
44 119
36 97 146
70 86 91
86 87
10 48 91
10 48 86
11 137
152 299
34 87
137 260
44 73 227
87 265
158 274
284 317
10 48 70 86
151 284 317
94 298
170 232
109 287
12 260
25 117
119 174
292 306 320
72 262
151 284
151 317
157 287
94 289
94 298 305
250 296
174 179 261
43 180
47 175
90 157 229 287
301 320 323
217 262
133 153 181
81 138
148 153 181
157 229 287
177 288
170 174
174 261
5 143 174
87 107
289 298 305
148 216
64 85
181 228
320 322
81 107
118 215
101 281
294 320 322
30 179
135 318
47 87
291 320
1 25 129
1 25 52
5 143 158
30 115 179
306 308 320
54 260
60 133 148 153
96 265
101 161
63 68 111
9 85 117
306 316 320
63 68 136
48 70 91
87 274
1 49
106 117
4 272 274
19 156
30 158
63 138
163 183
151 302
30 44 158 170
106 216
12 14 258
87 124
30 44 158
44 158 170
87 269
57 220
98 177
220 239
10 87
75 220
86 269 270
4 68 274
87 246
12 14 219 258
121 170 177
269 270
10 70 86 91
19 82
44 121
52 60
87 101
109 137 171
109 151 171
167 191
294 302 306
14 219 258
15 29 288
27 170 177
60 133 153
98 179
101 265
306 316 322
4 68 136
6 109 137
6 109 151
6 137 267
81 111
82 258
109 151
64 242
111 274
41 138
176 284
87 98
101 176
3 25
3 278
6 238
68 111 272
124 149
95 124
95 199 214
41 63 138
41 66 138
171 267
81 272
82 224
44 79 158
98 158
170 288
238 296
4 111 272
109 132
81 111 272
8 148
291 302
27 143
124 199
44 92 158
156 313
142 175
79 87 98
3 101
114 250
315 323
30 248
27 44
296 314 317
92 158
98 170
4 68 111
300 302 321
34 270
79 98
296 306 316
81 136
109 137
137 184
79 143 170
299 317
101 242
300 319 321
322 323
4 68 272
15 143 170
18 143
44 73 248
209 224 326
156 160
296 298
84 86
5 98
5 159
12 258
289 294
298 303 320
199 269
224 326
138 159
3 170 199
123 133 148 191
292 303 320
15 87 177
118 195
306 310 316
164 172 216
133 153 191
302 319 321
27 159
87 138 158
84 281
302 314 317
14 224
124 284
34 176 214
143 174 179
68 111 242
91 281
4 68 111 242
68 99 242
216 253
34 214
94 182 258
94 182 224
171 291
4 81
27 288
93 258
138 170
155 171
2 246
5 143 170
114 135
12 14 201
299 326
138 143
224 233
74 317
105 235 272
11 12 54 74
200 276
41 242
25 28 168
41 48
12 54 209
3 170
3 27 143
21 105 111
14 74
28 64 208 220
158 261
64 208 210 220
214 284
18 170
21 31 111
50 170 199
156 269
5 143 179
189 216
30 158 170 199
54 201
216 221
54 94
81 99
19 94
34 156
221 282
3 158 199
25 175
74 201 233
56 74 233
159 227
172 282
4 21 111 242
12 93 94
30 170 179
158 179 199
28 172 282 287
50 158 179
3 50 179
29 50 179
167 172 216
143 232
167 172 282
30 227
81 200
315 326
84 249
11 12 93
24 220
21 41 63
4 21 63
114 267
190 272
303 309
103 200 274
20 220
298 303 309
3 119 161
126 169 263
9 126
117 126
9 191
100 128 134
20 220 239
1 183 228
85 228
16 52 228
9 16
63 193
1 52 228
1 22 52
22 52 57
4 41 63
22 142
120 183
77 204
75 217 220
16 264
1 202
291 298
4 193
85 202
85 120
299 300 321
163 264
87 227 248
87 121 248
113 137
6 150
211 238
18 30
32 248
305 316
79 92 199
15 179
310 326
85 148
299 316
4 63 204
242 249
111 136 249
15 161 227
293 299
105 242 272
107 179
115 244
105 200
18 119
119 288
19 256 260
179 200 249
44 166
105 199
31 199
12 74 93
94 304
170 249
29 249
70 161
177 296
119 249 274
70 119
119 249
44 296
93 137
276 317
94 296
39 277
216 287
150 177
94 174
181 189
111 125
145 265 284
29 304
44 94
63 115
55 194
194 260
12 55 256
11 256 260
115 296
20 240 262
10 284
149 203
44 63
44 150
124 160 284
245 271
95 245
63 94
245 284
94 260
11 94
57 291
60 62
12 83 93
13 97 131
209 296 304
209 296
119 309
292 296 309
296 302 314
296 302 309
296 309 314
12 56
292 296 302
209 314
298 302
137 309
48 63
302 305
301 311
296 298 302
296 298 314
119 138
3 182
304 311
292 304 309
258 292
27 138
199 201
3 235
30 276
48 136
3 30 276
105 170
73 98 248
101 136 242
4 101 242
4 136 242
119 200
242 274
48 242
105 244
3 61
235 242
292 299
201 256 260
200 227 248
78 158
99 101 136
150 171
36 97 131
294 309 322
291 296 309
24 45 207
164 282
291 296 301
100 108
291 306
49 100 146
65 100
2 34 203
3 115 177
301 306 309
296 301 309
21 99 235
26 131
43 131
43 59
42 97 104
90 240
26 90 157
41 167
134 215
189 262
26 134
99 101 200
13 45 104
175 309
110 220
215 308
134 175
160 214
115 161
203 214
199 271
145 199
81 145
95 152
220 277
224 309
293 294 306
47 86
10 281
176 270
95 143
10 176
10 292
10 86 270
55 309
55 311
61 170
99 200
245 269
10 220
12 14 93
12 93 219
66 127 276
99 274
99 103 200
28 239
270 314
10 309
96 160
45 147
96 245 284
231 257
86 314
77 193
63 127
70 170
81 249
81 101 127
84 204
55 309 311
10 270 314
10 86 314
16 145
16 106 220
103 241
60 147
123 153 183
133 147
28 39
133 168
289 298
83 212
71 189
100 275
110 275
16 42
138 252
38 258
83 224
47 124 265
56 224
108 131 275
219 284
194 219
42 110
56 83 260
84 125
162 197 219
187 260
83 93 219
55 93
14 219 223
197 233
55 74 258
55 83 93
56 93 219
27 30 61
56 219
55 83
55 56 93
74 219 258
2 34 152
223 258
10 269
2 269
9 67 278
9 175
150 180
42 108 275
45 67
45 175
45 278
68 81 200
38 108 207
108 207 275
67 131
9 108
10 86 284
42 207 275
45 216
19 194
182 194
68 231
30 61 143
21 231
21 41 231
61 70
189 208
49 71
84 276
160 271
176 269
72 188
160 176
304 306
68 127
28 208 220
41 257
216 307
4 81 101
199 299
158 303
246 276
140 211
171 304
171 211
29 121
77 249
109 140
105 111 136
195 258
6 137 185
46 175
16 131
167 239
193 276
132 185
124 160 269
68 249
135 306
136 257
135 293
135 301
68 276
68 231 242
136 235
4 257
68 111 231
81 257
136 231
241 272
4 99 111
164 221
46 163
48 103
57 239
108 282
108 167
22 239
108 167 282
9 67 282
9 167 282
4 107
303 322
101 278
161 288
151 218
24 292
118 299
69 276
18 44
18 115
87 119
16 118
118 167
249 306
3 44 119
