175
81
485
50
277
376
350
44
14
2108
35
282
171
209
500
803
53
404
85
695
798
340
298
46
27
36
578
618
568
141
478
12
1588
459
729
941
271
274
72
771
10
605
27
15
1502
4
112
9
2238
49
524
28
560
702
495
3
390
279
954
13
10
3
8
441
1
148
7
11
1271
39
1
21
21
6
13
344
21
85
18
353
1
14
653
46
1
6
809
3
2
87
3
1202
4
17
1
85
645
256
677
2
33
621
13
20
142
11
1
385
51
47
1
50
3
2
1
1
572
276
3
2
1
1
48
31
2
3
27
27
10
2
16
25
99
285
2
3
16
161
91
2
1
60
11
17
1
404
45
97
256
38
24
77
4
48
6
14
2
18
56
11
1
910
272
2
24
29
3
6
25
42
2
1
5
7
16
31
4
2
3
113
1
1
15
271
1729
59
2
1
24
4
13
2
259
6
10
1
184
3
37
1
11
20
3
2
32
5
24
2
2
1
1
1
183
5
4
69
121
19
333
10
23
7
77
4
14
4
15
22
317
13
3
29
8
1
5
18
2
271
842
106
1
5
22
2
5
6
1
1
1
1
4
2
3
123
32
2
3
2
258
1
1
1
48
3
11
18
336
37
7
150
1
1
28
125
39
1
2
181
8
7
242
1
2
16
74
2
54
2
1
1
86
119
27
1
1742
1
1
1
1
32
7
84
40
88
13
226
1
6
2
72
8
230
4
216
7
23
1
3
1
4
9
2
34
146
2
268
2
1
32
265
106
170
500
1
1
6
1
57
14
14
1
9
15
1
71
217
1
1
23
314
21
7
4
818
1
10
1
1
16
23
7
32
61
58
20
16
1
2
174
4
2
2
12
67
7
167
39
1
1
2
17
157
6
6
166
2
5
73
2
3
1
9
1
29
218
6
2
3
15
208
1
135
2
1
18
119
8
2
1
5
3
79
9
71
5
24
44
33
77
34
22
9
1
408
14
13
2
1088
15
2
883
239
198
33
1
8
335
16
1
1
90
22
7
1
98
1
3
7
1
5
7
1
106
1
829
16
29
22
2
1
1
1
1
2
167
83
1
12
5
2
3
7
3
3
7
6
52
145
5
5
1
92
18
42
234
134
16
196
1
5
3
83
81
19
1
1
2
4
5
1
1
1
5
5
1
5
1
2
75
5
113
1
1
1
1
17
72
1
1
1
1
35
3
2
4
2
3
1
9
12
87
36
13
5
5
20
3
254
3
52
1
103
1
5
14
23
844
14
1
2
98
62
8
2
6
22
1
2
74
1
24
132
2
345
2
2
35
1
3
79
17
1
207
1
1
1
3
6
22
3
12
1
1
2
2
1
6
126
7
2
889
54
68
171
112
193
5
32
1
2
66
5
2
98
1
28
5
1
8
1
1
3
2
1
61
1
12
3
1
1
76
28
23
87
1
48
12
40
47
13
10
3
5
3
84
3
6
6
2
1
1
12
1
7
1
6
123
10
36
6
598
17
37
1
107
6
5
6
1
3
17
2
444
168
10
8
1503
7
77
10
6
241
18
97
22
4
34
1
1
1
13
1
2
4
6
20
12
21
7
5
3
23
1
7
13
8
48
898
14
6
3
43
93
9
2
1
27
12
5
1
14
40
3
32
21
18
10
111
2
9
1
286
3
32
6
1
7
6
3
3
10
14
5
32
24
9
58
1
14
1
21
37
3
12
105
409
114
1
55
12
3
12
20
9
34
14
7
12
17
2
2
30
8
16
241
65
22
34
5
2
29
1
1
3
17
12
7
13
2
3
4
616
519
20
1
51
3
1
3
3
16
3
1
45
1
2
3
22
45
10
6
163
33
1
8
5
154
62
58
1
339
18
7
40
1
23
25
13
10
9
19
1
227
7
3
7
236
4
2
9
120
58
7
1
20
6
1
2
6
8
17
195
2
15
195
25
4
1
1
292
63
1
4
93
2
11
10
14
2
51
1
1
1
5
9
9
2772
150
5
2
1
25
15
1
3
11
35
5
4
1
3
12
1098
1
27
18
4
54
1
1
1
3
5
6
1
3
34
1
328
1
4
4
7
1
3
1
11
1
65
11
2
1
12
16
4
14
1
11
13
2
1
20
24
35
2
13
234
5
2
1
5
118
6
33
9
13
1
389
5
32
20
3
3
9
3
1
1
2
29
1
1
1
4
1
10
57
1
1
1
3
302
3
5
157
1
235
1
1
3
1
8
2
2
2
3
863
2
3
1
12
2
1
26
1
3
16
2
3
510
1
1
4
19
2
21
1
1
1
4
22
35
1
27
2
4
1
5
91
1
6
20
3
1
1
4
3
2
6
2
32
6
1
1
1
1
1
1
1
4
14
18
3
8
7
44
22
3
4
24
6
1
2
5
13
64
1
1
6
55
1
8
3
2
1
1
15
535
6
8
4
1
4
1
1
6
10
1
1
7
76
1
2
1
1
3
66
5
27
13
8
4
1
1
1
4
1
1
1
3
1
1
1
1
12
3
1
10
5
1
1
13
90
87
1
2
1
2
1
1
1
2
1
1
18
5
1
73
108
6
19
39
40
106
21
4
2
2
2
1
3
1
11
1
108
1
1
9
3
1
7
21
145
1
53
12
7
102
619
1
3
1
4
1
4
4
12
1
3
97
66
44
61
130
1
305
1
61
1
5
5
2
1
146
79
1
1
6
132
27
96
1
3
1
2
1
1
1
40
3
4
6
1
4
15
1
23
98
75
1
1
1
1
77
3
1
2
109
63
1
1
1
96
7
2
1
926
1
5
1
1
53
2
9
13
35
2
2
4
6
126
7
11
1
1
6
42
3
2
3
12
8
6
11
2
5
2
3
6
2
1
1
8
2
102
11
2
11
2
3
8
2
183
261
13
2
1
1325
22
1
1
7
14
6
1
1
6
17
13
2
2
1
5
13
58
5
24
6
1
15
1
3
24
13
7
5
9
2
7
15
1
1
1
1
12
2
49
3
140
2
1
2
2
3
1
3
1
1
1
3
43
28
41
6
143
1
4
2
4
24
8
2
3
2
10
3
6
40
11
1
2
10
7
1
3
2
1
3
5
283
8
16
32
6
14
112
1
33
20
3
2
6
4
51
1
4
9
3
12
18
2
1
14
1
400
2
6
3
3
1
4
9
1
15
10
3
11
12
1
74
5
8
3
3
5
525
3
1
1
1
25
2
2
3
3
2
1
1
3
1
1
108
1
1
1
13
4
1
65
1
1
19
2
8
1
37
1
7
140
5
2
1
2
21
35
3
5
7
67
12
1
1
1
1
1
15
30
13
1
2
1
8
93
49
14
5
26
3
9
7
50
21
11
16
357
2
21
8
4
151
457
2
518
271
1
2
284
3
1
1
1
1
60
2
6
27
3
10
2
3
1
6
119
1
2
1
47
1
4
1
119
3
2
3
8
1
1
5
1
19
6
1
1
9
1
36
1
1
8
13
1
1
1
1
1
4
8
1
57
80
1
5
30
8
1
4
1
2
2
1
1
1
2
13
3
3
2
1
13
3
2
68
1
30
1
2
2
1
1
4
7
1
1
1
1
30
1
8
111
1
1
11
1
3
3
27
2
46
293
10
19
5
3
12
6
1
9
1
5
203
1
2
13
23
6
1
2
7
219
5
1
1
5
101
5
2
1
75
84
3
4
1
1
1
1
4
1
5
8
112
1
3
3
2
167
8
1
129
9
5
2
6
22
8
2
11
1
1
7
3
1
4
1
2
1
107
2
27
1
1
3
8
4
15
1
2
4
7
7
1
3
2
2
1
5
1
7
2
2
82
1
59
1
4
16
2
5
1
4
9
201
249
2
1
47
17
5
2
1
1
1
11
1
1
13
21
30
1
3
4
1
2
7
1
24
7
7
2
2
49
27
3
1
1
1
86
792
1
7
5
1
2
112
55
12
1
5
1
14
149
2
483
14
2
10
1
34
2
2
1
2
1
6
6
7
6
1
12
1
159
8
1
1
58
1
2
2
1
8
5
1
79
89
47
6
1
8
7
1
62
2
259
1
12
8
2
4
30
1
1
11
1
1
566
6
8
42
8
24
40
11
7
813
9
1
5
35
1287
100
1
431
3
2
4
3
25
111
1
3
1
12
2
3
17
2
1
1
13
2
3
1
9
1
1
2
1
1
21
146
7
4
3
189
217
2
150
1
61
326
2
1
50
1
3
8
2
64
1
7
2
262
583
365
1
148
35
1
1
1
1
420
15
37
2
20
1
7
3
22
2
54
6
130
2
149
514
35
252
71
31
29
7
16
42
8
27
3
3
16
12
22
2
16
9
8
3
6
34
34
5
2
1
8
5
160
3
1
1
28
47
39
4
3
3
6
1
3
13
1
45
5
1
32
1
20
5
1
27
14
97
45
47
8
10
61
37
64
7
9
52
8
1
19
21
13
4
225
24
3
1
3
2
427
116
7
37
1
3
834
2
21
10
19
31
5
2
1
1
20
2
10
3
13
118
5
30
4
38
8
26
222
33
1
2
5
134
3
30
2
1
1
1
3
789
7
10
5
5
1
9
7
27
2
4
1
1
25
1
2
4
1
3
1
16
4
54
130
1
67
4
2
1
6
12
3
29
36
5
1
1
2
3
1
4
1
73
23
16
3
222
1
5
6
149
1
160
1
10
12
47
1
3
1
2
77
6
5
2
1
6
1
3
7
2
8
8
1
1
4
1
1
3
12
179
12
2
90
3
8
1
1
1
41
3
50
2
63
15
2
21
75
34
20
5
14
4
1
201
45
6
1
301
1
1
1
8
2
43
13
145
9
1
3
32
34
19
369
48
36
1
5
3
2
42
5
229
3
3
4
3
4
27
3
6
10
6
2
1
30
7
14
1
4
3
1
2
14
1
7
27
241
3
6
56
1
2
4
4
1
1
1
1
1
9
6
3
1
1
3
1
1
4
2
1
7
1
1
3
13
61
11
13
203
4
18
18
6
5
352
11
4
5
1
1
14
1
1
2
5
1
6
4
10
5
2
16
1
1
5
6
1
2
2
18
1
1
1
8
106
10
31
1
5
3
1
1
1
2
111
1
4
1
13
4
1
1
4
1
18
3
1
1
1
1
2
2
1
10
61
103
1
1
41
1
1
1
11
5
40
1
54
104
4
1
22
11
111
2
42
4
3
1
22
4
107
8
8
3
16
25
1
22
1
1
1
1
9
6
44
7
22
1
1
205
2
143
8
1
1
3
3
5
1
17
6
1
2
1
2
15
1
1
10
39
4
3
1
1
224
1
1
1
21
21
15
1
1
6
2
29
7
2
1
1
18
20
10
1
1
6
9
2
1
1
1
1
4
1
23
17
3
56
3
13
1
2
1
2
7
1
4
4
1
6
2
5
15
43
1
2
8
1
1
25
28
1
13
3
2
11
32
2
16
1
1
1
2
1
1
31
3
9
1
111
10
2
3
1
1
1
25
3
40
1
2
5
2
6
3
1
21
4
9
5
9
1
39
2
3
7
2
5
36
2
2
2
43
1
1
2
1
1
2
3
2
1
3
1
5
13
2
1
108
11
10
1
1
1
5
2
2
1
1
13
83
9
1
1
2
2
152
5
57
15
7
6
1
7
11
5
1
28
1
1
1
2
2
12
2
1
1
4
2
1
4
4
14
1
2
1
4
1
8
1
4
244
3
1
11
45
15
6
1
3
7
229
1
74
2
1
5
1
3
2
2
282
1
1
1
4
3
1
6
12
1
2
1
3
1
8
1
9
1
28
1
31
2
2
1
10
1
1
12
6
1
1
69
22
1
1
1
11
1
354
64
1
1
2
6
1
2
21
2
1
2
2
4
1
1
21
2
36
4
3
2
5
3
1
1
1
11
14
42
3
9
2
62
1
7
1
9
10
2
10
6
1
74
1
1
1
1
6
23
3
5
2
22
2
1
1
4
1
7
4
12
197
11
3
274
3
12
2
1
54
9
1
9
5
9
165
1
25
1
8
3
2
12
1
1
6
9
4
9
3
1
18
4
9
4
13
146
1
8
1
13
4
506
1
4
92
1
1
103
14
85
200
3
172
16
601
147
5
185
495
133
5
811
3
2
104
426
187
27
195
3
3
154
6
1
19
28
2
1
1
2
2
69
1
9
1269
110
248
137
7
10
5
121
5
3
12
2
12
13
3
21
152
3
24
34
45
226
102
1
129
9
51
5
125
122
9
168
4
2
3
18
1
35
5
9
72
14
9
1
1
7
15
9
3
9
153
89
3
2
58
2
14
4
37
65
1
47
17
8
11
6
9
2
31
3
2
9
2
54
3
436
2
1
9
5
1
1
3
6
4
4
96
3
22
1
3
18
5
3
3
4
4
90
1
1
13
9
4
21
3
10
1
74
1
1
248
2
115
9
2
1
1
30
1
1
8
6
3
2
1
36
1
3
153
6
1
29
2
6
1
6
124
3
1
63
2
19
1
2
3
8
1
8
14
2
1
1
172
22
1
2
7
1
1
5
8
1
20
1
1
1
4
11
27
7
2
1
3
1
1
1
1
2
1
1
1
1
1
1
1
1
4
1
40
32
7
2
1
5
9
96
1
1
9
11
9
19
6
3
2
1
13
9
1
9
1
1
22
2
2
2
2
8
1
7
1
2
31
1
21
1
1
3
2
2
2
1
2
5
1
2
4
4
3
3
3
3
19
1
2
3
1
1
50
2
1
16
30
1
9
1
1
1
1
2
4
5
4
1
3
2
1
1
3
4
4
12
1
2
1
3
8
1
1
3
1
13
9
1
14
1
5
8
2
2
4
3
4
1
1
1
2
1
21
1
1
1
2
1
2
51
5
1
1
1
2
38
1
1
2
1
2
1
145
18
5
1
4
3
9
22
6
1
2
9
3
2
5
1
19
8
6
1
2
5
1
2
2
2
1
6
1
1
5
5
1
1
1
2
1
19
1
9
1
6
16
1
1
3
9
9
1
3
1
3
2
1
4
4
1
2
19
1
3
4
6
2
4
34
6
1
2
1
6
3
33
3
1
1
1
1
23
1
5
5
4
1
1
13
1
8
1
1
1
10
1
1
3
1
2
1
1
1
3
10
1
3
1
1
2
1
1
4
5
4
1
2
3
1
1
1
47
4
1
1
1
8
1
1
1
1
19
1
6
1
8
1
6
1
7
1
5
1
16
6
1
1
123
14
4
1
9
4
1
48
1
13
1
1
4
1
5
3
1
1
1
2
2
1
13
1
7
4
15
2
13
5
17
11
2
2
4
2
20
3
37
81
1
4
1
1
22
3
48
1
1
17
7
3
7
1
1
11
20
2
1
3
3
3
1
1
1
1
1
8
14
3
4
3
5
1
1
1
8
1
29
1
5
2
2
2
2
7
6
2
40
2
4
1
10
1
2
1
1
1
5
1
16
1
77
3
3
2
16
69
1
2
18
1
2
1
3
1
1
11
6
2
1
3
1
1
1
1
13
2
8
2
1
92
4
5
1
1
10
1
1
34
8
1
2
18
2
11
1
1
29
1
1
1
5
1
2
42
1
13
2
3
1
28
5
1
1
1
2
3
1
1
1
10
1
1
1
1
2
3
2
4
6
2
3
9
7
3
1
3
2
3
1
1
2
1
3
3
16
4
2
13
4
20
3
1
60
3
6
43
2
8
1
1
1
1
14
1
30
2
1
2
1
3
8
14
1
8
5
2
2
3
26
35
2
1
3
1
2
1
10
3
2
1
3
1
4
12
14
66
1
1
1
1
4
2
1
1
4
1
9
1
3
2
16
1
3
3
3
6
1
5
1
1
1
1
3
1
2
6
3
1
2
8
3
1
12
1
1
3
1
1
1
8
2
1
1
3
1
1
6
2
1
13
1
11
1
45
2
2
2
1
5
1
3
8
7
4
2
5
1
3
4
3
1
12
1
5
20
1
1
1
54
1
1
6
1
1
1
1
5
13
5
1
6
14
55
91
4
54
14
157
57
37
74
463
36
53
2
5
206
3
40
14
1
2
32
3
8
7
2
2
8
1
41
5
2
22
1
1
2
4
1
1
3
2
3
821
1
9
2
1
8
2
1
2
1
1
1
1
65
4
6
2
36
4
1
1
4
2
1
14
3
2
9
1
4
1
4
4
2
12
1
1
1
44
2
1
3
4
24
1
1
318
41
6
1
3
1
1
1
11
1
1
117
2
2
1
1
4
1
1
10
1
27
161
7
1
3
1
1
2
1
1
4
1
1
2
3
5
1
1
1
1
2
1
1
2
1
4
2
1
3
2
2
5
2
2
1
1
2
1
1
1
1
13
5
3
41
22
20
17
39
48
2
1
3
5
2
2
13
21
34
15
5
3
10
10
34
6
9
7
31
10
23
2
4
4
2
1
1
4
1
1
1
3
1
1
1
7
2
126
1
1
51
1
2
6
1
2
14
1
1
2
1
5
1
1
4
13
2
1
6
1
1
1
2
1
1
24
6
61
1
1
4
1
1
5
1
2
2
3
1
48
1
5
2
11
3
69
1
1
2
3
12
1
3
2
2
2
1
1
22
3
6
1
2
1
1
1
3
2
12
1
3
24
1
14
15
1
1
7
4
1
3
5
10
3
26
7
10
2
12
1
2
1
2
2
5
3
1
1
3
4
3
1
17
20
7
8
2
5
1
1
1
1
1
9
1
3
1
5
1
4
2
1
6
5
4
1
5
1
1
106
38
1
1
1
4
35
3
1
1
1
3
1
1
1
1
1
1
1
1
1
1
1
1
8
3
1
1
2
7
1
3
1
46
1
1
1
26
2
2
2
1
2
1
1
6
1
2
1
1
1
40
1
1
1
1
1
2
1
6
22
3
23
1
55
1
1
1
1
1
1
3
1
5
1
1
1
2
4
1
1
1
1
2
10
1
1
4
9
1
1
1
34
3
4
2
1
1
4
8
11
18
15
4
8
8
3
1
1
5
8
3
2
3
5
1
1
2
4
22
1
8
7
7
2
2
34
1
6
19
5
1
68
8
1
1
4
15
7
1
1
28
20
3
2
1
2
1
3
12
1
1
3
2
12
2
11
1
16
2
1
1
1
5
6
27
15
1
10
11
80
1
53
18
31
63
1
1
11
1
1
3
1
1
82
5
6
7
3
2
1
18
2
7
1
1
1
1
4
13
1
1
19
1
1
3
1
4
1
2
2
1
2
1
1
8
1
1
1
1
1
1
1
8
1
8
8
2
44
1
11
5
13
81
2
9
13
8
1
1
14
30
5
7
4
1
2
1
1
1
1
9
2
8
98
4
1
4
24
6
3
8
1
1
6
5
1
16
1
10
1
4
5
2
1
13
1
3
1
1
1
1
20
2
5
1
1
7
1
7
11
10
1
2
1
12
5
1
8
29
2
7
1
8
1
1
1
1
7
1
3
1
15
1
4
1
1
1
2
1
2
22
56
3
1
1
1
9
4
2
1
3
2
2
6
3
2
3
2
2
1
2
2
3
1
2
1
54
1
9
16
1
1
2
1
1
4
3
3
11
4
5
1
1
1
2
2
1
1
1
3
4
1
20
8
1
1
2
5
2
2
1
2
4
1
1
258
1
6
1
8
1
1
1
3
3
2
1
1
2
1
7
27
1
6
1
37
290
9
2
4
1
2
1
44
1
1
2
40
5
1
1
1
1
1
1
38
1
1
2
4
3
1
151
4
156
199
2
2
2
14
3
1
24
1
1
3
8
1
6
395
2
2
1
1
35
1
21
4
54
35
137
10
2
2
15
2
4
2
6
1
24
9
1
28
42
47
68
9
1
4
5
50
5
1
7
5
2
3
21
96
11
4
11
132
1
9
24
120
2
3
3
4
1
7
2
1
102
9
1
4
2
1
1
3
1
1
5
10
4
3
1
1
3
2
2
1
1
1
2
1
8
1
1
1
2
23
1
11
10
1
1
1
2
1
14
2
1
1
1
5
18
1
1
43
1
6
1
3
1
1
2
11
7
1
3
3
1
2
3
1
1
3
2
2
1
2
1
2
4
1
1
1
3
1
6
2
47
1
1
4
2
1
11
1
1
1
1
1
1
1
1
1
12
3
1
1
1
1
1
1
1
1
16
4
3
1
14
1
1
1
3
1
4
2
31
1
1
1
2
1
4
6
1
2
1
1
12
9
1
4
1
1
3
2
2
2
1
1
1
4
2
1
3
102
9
1
3
1
1
1
1
35
4
1
2
3
3
2
1
1
3
3
2
1
3
2
1
1
1
8
9
2
2
1
2
1
2
10
2
1
1
1
5
1
1
4
1
5
2
1
1
5
37
4
7
2
1
5
2
24
1
1
1
23
4
2
44
16
1
48
1
1
3
6
2
3
1
2
2
1
10
1
1
3
2
2
15
1
1
2
1
5
1
1
1
3
2
41
1
2
2
5
1
1
4
2
1
2
6
4
1
165
1
1
1
3
3
1
1
1
2
1
4
2
1
2
2
4
1
1
1
1
1
2
1
1
1
3
2
1
1
18
1
12
1
1
5
6
1
1
1
5
10
1
3
1
16
5
3
1
59
4
1
2
2
410
2
4
6
3
76
1
1
7
68
3
42
291
1
1
93
1
3
7
29
11
1
1
14
17
17
2
86
1
7
2
9
1
37
8
15
7
7
134
42
11
12
5
23
31
62
18
52
10
5
114
4
2
18
13
4
4
4
6
1
32
1
40
1
8
6
21
5
13
4
1
6
16
5
4
1
5
1
3
1
1
2
1
5
1
1
1
1
2
8
1
2
2
2
1
1
1
3
2
2
1
3
3
1
4
1
1
2
5
4
1
1
1
1
4
3
5
3
4
1
2
1
3
30
9
3
1
2
2
28
1
2
17
2
48
1
1
10
3
6
3
1
2
1
1
1
3
1
113
15
3
3
1
1
22
1
2
1
28
26
4
3
7
7
1
3
2
3
1
1
1
2
1
8
1
4
7
1
3
1
8
4
1
1
118
1
21
9
22
8
1
5
209
27
1
1
1
2
26
10
2
4
9
3
1
1
1
1
1
1
39
2
1
2
108
2
1
4
19
17
1
2
14
2
1
15
6
1
2
5
7
14
2
1
3
13
1
1
1
1
1
72
1
8
1
7
15
2
1
21
7
1
12
5
8
3
3
7
4
7
6
25
2
1
1
1
81
2
1
1
2
1
1
13
1
22
5
2
41
3
11
1
5
7
3
32
1
2
23
2
1
2
2
2
9
3
18
14
1
1
8
4
4
27
7
1
1
1
1
6
31
6
6
3
1
1
1
2
3
1
2
4
4
12
10
1
5
1
3
21
4
2
1
4
1
4
3
2
2
9
2
13
1
1
1
1
2
1
9
1
2
1
1
1
1
1
1
1
1
1
2
2
1
14
2
5
2
4
2
2
1
1
3
1
3
3
1
1
1
3
3
5
12
2
1
2
1
1
2
1
1
3
11
1
12
10
2
7
1
1
1
4
1
40
1
3
1
4
1
1
4
2
8
1
5
1
7
1
3
2
3
3
1
1
3
1
3
1
1
2
1
1
1
38
11
1
3
3
1
1
1
6
1
1
1
4
14
1
1
1
13
3
1
1
1
2
2
2
2
4
2
1
1
5
5
3
1
1
2
2
6
2
4
2
1
13
1
1
1
2
3
1
1
10
1
1
2
2
1
33
3
8
16
4
2
1
1
10
43
2
6
1
1
2
1
1
1
28
1
1
2
1
2
1
1
1
1
3
2
1
1
1
1
21
1
1
2
2
1
3
1
7
1
2
11
1
1
5
1
6
32
5
1
6
2
9
1
3
4
1
1
19
1
3
1
6
3
4
1
1
4
1
1
1
26
1
2
14
1
3
3
1
5
1
1
3
1
1
1
1
1
7
19
1
3
2
4
3
6
13
78
1
1
2
2
1
33
2
1
2
1
7
1
1
1
1
3
4
1
1
1
2
1
2
5
2
1
1
2
4
3
1
1
3
4
2
4
6
10
5
1
1
4
1
27
3
2
1
2
1
2
8
1
2
1
4
1
24
2
20
121
1
1
4
5
2
123
4
5
6
1
5
1
1
1
3
1
1
2
1
2
1
1
1
2
1
1
1
2
1
1
1
1
1
3
1
3
1
1
2
1
3
1
1
3
1
1
4
1
1
1
1
1
5
1
3
3
4
1
5
1
1
2
1
3
1
1
16
1
1
1
3
2
2
1
6
1
1
1
1
5
8
2
2
2
2
1
1
1
6
1
1
4
3
5
4
1
1
2
3
4
2
2
4
1
2
2
1
8
1
2
1
1
1
19
2
3
1
2
1
1
1
2
1
1
3
2
6
8
1
1
36
1
5
1
1
3
5
1
1
3
3
2
1
1
5
1
1
2
2
5
1
4
5
22
3
2
1
31
14
1
7
1
2
3
1
3
1
8
75
1
1
2
1
2
1
3
6
1
1
1
1
1
2
10
1
9
1
1
1
1
4
1
1
31
1
1
1
3
25
4
2
1
2
1
1
3
1
1
1
1
1
3
2
29
2
2
7
1
6
1
4
12
1
2
4
4
1
7
1
21
1
2
1
5
9
2
1
3
1
12
1
21
1
3
2
1
1
1
1
1
3
2
1
2
1
16
13
2
3
2
1
1
2
34
2
1
1
1
7
6
11
1
8
2
1
1
2
19
59
1
1
11
6
1
1
39
12
15
4
7
3
3
24
1
57
2
1
2
1
2
1
1
2
13
1
1
1
1
1
1
3
2
1
1
9
8
2
2
15
1
88
1
1
3
3
3
2
4
7
19
2
4
21
3
1
18
1
2
1
1
1
2
1
1
1
1
2
1
2
1
5
1
1
2
1
3
1
2
1
15
5
5
3
15
2
44
1
4
1
12
3
2
1
8
2
2
1
1
1
8
2
1
2
1
2
2
1
1
1
1
1
1
1
3
2
1
2
1
1
1
6
1
4
1
1
2
4
1
15
1
3
3
3
2
1
1
3
7
1
1
1
1
1
72
2
1
1
1
85
1
1
1
10
1
1
2
4
1
4
3
2
55
6
1
2
1
25
43
1
1
13
1
23
1
13
1
2
5
3
3
1
24
1
4
1
1
3
3
1
3
2
1
1
5
1
1
11
1
1
25
2
10
6
1
3
1
1
1
6
1
1
1
1
1
1
9
1
4
1
1
1
3
4
3
1
4
1
1
1
3
1
1
3
4
1
1
1
2
1
1
1
1
1
2
2
2
1
2
1
1
15
1
1
1
1
2
1
1
1
1
9
1
1
1
1
1
4
34
1
2
3
1
1
1
1
4
1
1
5
1
6
10
1
1
1
1
2
16
1
1
14
6
1
4
1
1
1
1
1
3
5
3
1
1
9
1
1
1
2
2
1
28
7
5
1
64
1
31
2
5
3
1
4
7
2
4
1
1
1
1
5
6
1
4
2
32
1
1
4
1
20
2
6
4
2
12
1
3
36
4
2
18
8
8
1
3
9
1
1
17
18
1
2
1
23
19
2
1
3
25
3
1
1
5
1
2
1
3
1
1
1
7
4
1
52
2
1
2
9
2
1
2
1
1
2
20
1
1
1
1
5
2
3
4
1
2
2
2
3
3
1
2
1
1
3
1
2
2
2
1
2
1
2
1
1
23
6
1
1
1
1
1
1
1
1
1
1
4
2
1
18
1
4
1
2
1
1
1
1
14
1
1
2
1
2
16
1
1
1
2
7
1
4
1
4
1
7
1
1
1
1
2
9
1
1
2
4
5
1
10
2
7
1
1
6
1
2
1
37
2
44
1
4
2
1
1
4
1
1
1
1
3
1
1
1
1
1
22
1
2
3
5
1
1
2
5
2
1
1
2
2
2
5
3
5
7
4
1
10
2
4
1
1
1
1
1
1
1
1
1
17
1
3
2
1
1
3
1
1
2
1
2
1
1
1
2
1
5
2
1
1
1
4
1
2
1
1
6
3
2
1
4
2
1
1
2
2
1
2
2
1
1
1
7
1
3
1
2
2
1
1
1
2
1
14
2
1
1
1
1
1
1
16
16
1
1
2
1
6
1
2
2
1
1
3
1
7
25
7
3
2
1
1
1
5
5
7
1
5
1
1
1
2
1
2
1
46
1
1
1
1
2
1
2
1
1
1
2
2
7
2
2
8
13
4
1
1
2
1
1
2
1
1
2
1
49
1
3
3
1
1
1
1
1
3
3
2
1
1
1
1
1
1
1
1
1
1
2
1
1
1
1
1
1
1
1
1
1
2
3
1
1
1
14
5
2
5
2
1
1
1
1
1
1
7
1
1
3
1
1
1
1
2
1
1
1
7
1
1
1
1
2
1
1
8
1
1
2
1
24
2
406
16
28
1
2
26
1
3
4
4
1
1
3
2
1
1
1
1
1
1
2
1
2
1
1
1
1
2
1
1
1
14
1
1
2
1
15
52
2
1
11
1
9
3
12
2
3
5
1
1
2
1
1
1
1
2
1
1
1
1
1
4
1
4
2
1
1
1
2
5
2
5
1
1
2
1
1
2
1
1
1
21
1
1
1
1
1
1
1
1
1
1
1
1
1
1
1
1
2
1
5
1
1
1
1
1
1
1
1
1
1
1
2
5
1
1
1
1
1
1
1
8
1
5
5
3
2
1
1
2
1
8
3
1
1
5
1
10
2
2
2
14
1
2
1
1
6
38
1
1
1
1
1
1
6
2
9
2
1
1
6
1
3
2
9
1
2
1
4
3
3
2
1
13
3
1
2
6
4
3
1
2
2
17
1
2
1
2
2
8
1
2
3
1
45
1
12
2
1
1
7
1
1
5
3
1
3
7
1
18
1
2
10
1
9
12
1
1
1
2
1
1
21
1
3
3
2
1
1
2
1
3
2
1
4
1
1
1
1
1
2
1
1
2
1
13
1
1
2
1
25
1
1
1
15
2
1
1
1
2
1
1
2
1
1
1
1
1
1
1
1
1
1
1
1
2
1
1
1
1
1
1
1
4
1
1
1
1
86
1
1
1
2
1
2
1
1
1
1
1
1
1
1
2
3
1
1
1
7
1
21
1
1
1
1
1
1
16
1
3
1
1
1
1
1
3
1
5
1
24
3
4
7
1
4
8
2
1
1
2
1
1
50
14
1
7
5
1
1
8
3
13
1
2
2
4
4
1
1
14
1
1
1
1
1
2
1
2
1
1
1
1
6
4
7
5
13
1
4
2
1
1
1
14
5
36
1
3
11
2
3
5
12
1
6
1
1
1
1
1
1
1
1
2
4
4
2
1
1
3
1
1
2
1
1
3
3
6
4
2
3
10
1
1
2
1
2
6
1
8
2
3
1
4
3
4
4
1
1
5
1
1
25
1
19
1
3
1
1
4
2
2
6
1
1
1
1
2
1
1
2
1
1
1
2
1
2
1
1
2
1
1
1
1
6
1
1
1
1
2
4
1
1
1
1
1
2
7
1
8
1
1
1
1
1
4
1
1
1
1
1
1
1
1
1
1
1
1
1
1
135
1
1
1
23
2
3
1
1
1
2
2
1
1
1
2
2
2
11
2
1
1
1
1
2
2
3
4
1
1
1
2
1
1
1
1
1
2
1
168
1
1
1
4
61
1
1
1
7
1
1
1
1
33
22
3
2
1
1
1
1
56
2
1
2
1
1
1
1
1
1
1
6
1
1
1
6
11
6
11
4
1
2
4
1
1
1
7
1
1
4
2
7
1
1
1
2
1
1
1
1
2
1
1
2
1
1
1
1
1
1
4
1
1
1
6
2
1
1
1
1
1
1
2
1
1
1
2
1
1
2
1
13
1
1
2
1
3
2
1
11
1
1
1
2
1
2
2
1
1
7
1
1
2
2
2
1
2
5
1
6
1
1
1
1
4
2
1
3
1
1
1
1
1
9
11
1
3
4
1
1
1
2
1
4
1
1
1
1
1
2
1
25
1
1
13
1
2
12
1
2
2
1
8
22
2
1
1
30
1
1
1
51
1
7
3
1
11
2
5
7
7
1
24
3
2
13
4
1
1
1
1
2
4
1
1
2
3
1
1
10
2
1
1
6
3
1
10
1
1
3
1
9
1
1
1
1
1
1
10
1
1
1
1
4
1
4
2
2
1
2
2
1
2
6
1
1
1
1
1
1
1
1
2
1
1
1
1
1
4
1
1
1
1
2
1
2
1
1
5
2
1
1
1
1
1
1
8
3
1
1
7
1
1
1
1
2
3
2
1
1
1
3
2
3
7
1
1
1
1
1
1
1
2
1
7
1
6
1
10
1
12
1
1
4
2
2
1
1
1
1
1
1
1
1
1
1
3
1
1
4
3
1
1
1
1
2
1
1
7
3
1
1
1
1
1
1
1
1
1
2
9
2
1
2
1
3
1
2
1
1
2
1
1
1
3
3
1
1
1
1
1
1
1
2
1
1
1
1
1
1
1
2
2
1
2
2
1
8
7
1
2
1
1
2
1
2
1
1
1
1
73
1
75
1
2
1
2
1
2
2
2
1
1
1
1
1
1
2
3
1
1
2
1
4
2
2
2
1
1
3
2
1
1
2
1
1
1
1
1
1
2
3
1
2
1
5
1
1
2
1
2
2
2
1
1
5
1
1
1
2
1
1
1
1
1
1
1
1
3
1
1
1
1
1
2
3
1
1
4
4
1
1
4
4
1
1
5
1
1
1
1
1
8
1
1
1
3
1
2
1
2
4
1
1
1
1
1
1
2
1
1
1
1
1
1
1
9
1
1
1
3
1
1
3
2
2
1
1
34
2
4
1
1
1
1
1
1
15
9
1
1
1
1
3
3
1
1
1
1
1
1
3
1
1
1
15
2
1
1
2
1
2
1
1
2
2
3
1
1
1
1
1
1
1
1
2
1
1
1
1
1
1
1
1
1
2
1
5
35
15
2
2
45
7
5
28
10
26
2
22
1
4
1
1
1
1
1
1
1
1
1
1
6
2
1
1
1
1
1
2
1
1
2
2
8
4
2
1
3
7
1
2
1
1
1
1
6
1
4
1
1
2
1
2
1
1
1
1
1
1
1
11
4
1
1
1
1
2
1
1
1
2
1
1
1
1
1
6
1
1
2
1
1
1
1
1
1
1
1
11
2
1
1
1
1
4
1
4
2
1
1
1
1
2
2
3
1
5
1
1
3
2
1
2
1
5
6
2
3
3
1
1
3
1
1
4
3
1
1
1
1
2
1
1
2
1
3
3
2
2
6
1
4
1
1
8
1
3
2
3
1
2
1
1
3
1
3
1
2
1
1
1
1
1
1
1
1
1
1
1
1
1
1
1
1
1
1
3
1
1
2
1
1
1
1
1
1
1
1
1
1
1
1
1
1
1
2
3
1
1
2
1
1
1
2
19
10
6
4
1
1
1
1
2
2
1
1
14
1
2
1
1
1
7
37
1
2
1
1
1
1
4
2
1
1
17
1
1
1
3
1
17
5
2
2
7
6
4
1
1
1
2
1
4
1
1
1
12
1
1
1
2
1
1
1
1
1
1
1
2
1
1
1
4
1
1
1
2
1
1
1
1
1
1
1
4
1
1
2
5
1
1
1
184
3
6
2
1
2
6
1
1
2
1
2
1
1
1
1
1
2
1
1
4
1
1
1
1
1
2
1
17
4
2
4
1
1
1
1
4
2
1
2
1
1
1
1
1
3
1
1
1
1
4
1
1
2
1
1
1
1
1
1
1
1
1
1
1
1
1
1
3
7
2
1
1
1
1
