391 454
6 138
76 95
275 372
0 140
83 105
26 151
37 109
408 456
114 249
396 495
107 209
123 144
5 116
0 132
332 452
168 192
260 369
25 197
343 492
370 382
272 430
286 288
129 240
58 221
439 440
311 477
335 498
21 61
256 442
151 241
64 120
27 54
253 494
280 456
302 473
300 387
250 363
328 352
308 432
345 456
255 355
316 447
58 191
290 293
14 34
35 85
417 420
195 201
55 75
153 200
282 452
420 447
302 336
82 116
276 373
2 22
156 223
443 460
89 129
51 192
87 94
354 490
23 213
175 240
29 234
371 410
50 188
35 60
155 225
54 197
154 173
134 145
0 146
408 437
36 217
266 418
28 29
20 144
396 421
315 447
16 205
462 469
23 117
67 125
259 470
283 481
267 290
63 214
253 488
281 370
369 402
77 120
398 470
39 139
64 130
383 396
84 206
150 200
378 422
432 485
38 52
103 202
342 359
194 214
168 219
366 416
378 446
67 70
363 437
28 206
398 444
179 217
297 484
26 233
188 192
361 464
263 412
64 182
252 343
414 458
137 231
140 204
14 31
424 428
340 470
22 249
368 420
258 259
314 418
60 220
338 374
384 471
180 196
19 242
342 429
384 407
263 476
16 111
340 392
318 421
13 136
120 144
2 62
283 379
41 189
409 413
41 245
34 239
322 405
293 485
74 205
252 476
460 462
307 423
269 326
13 105
393 442
121 243
20 141
14 158
355 401
183 243
360 367
347 486
176 185
11 72
40 188
261 333
133 203
29 240
367 434
320 332
28 193
464 477
386 425
157 168
317 424
284 398
305 464
27 71
113 184
122 197
190 241
131 203
11 202
148 233
66 205
314 469
30 116
253 447
65 199
352 474
350 354
332 467
402 432
102 224
327 365
1 83
82 84
390 478
110 247
230 238
20 176
284 334
273 495
352 454
88 212
134 218
367 439
395 499
79 106
29 105
13 230
311 372
322 324
328 487
54 129
165 192
306 308
37 216
156 163
92 218
367 428
254 280
154 212
434 455
65 164
60 177
9 34
43 56
154 245
63 163
86 214
345 376
313 406
457 488
82 111
1 137
437 444
35 127
74 126
420 423
77 91
287 376
3 61
312 346
286 457
160 186
297 465
260 416
274 319
254 339
33 223
72 186
44 102
265 298
263 397
273 433
275 412
176 207
484 491
470 482
351 413
305 425
187 244
5 128
285 399
381 471
331 442
319 384
15 163
117 195
44 178
106 209
9 59
253 324
223 236
366 439
371 433
360 396
357 427
108 153
260 473
169 175
9 246
82 130
372 378
157 233
18 24
130 248
367 388
31 224
279 446
84 91
172 216
257 364
253 363
43 128
47 203
156 278 357
77 91 424
145 261 404
45 112 153
288 303 462
42 80 190
163 258 348
283 352 360
13 35 365
67 348 425
129 181 290
394 460 482
91 259 331
83 172 324
64 92 194
64 100 219
310 435 454
11 15 236
27 78 221
174 388 408
46 87 249
35 56 308
272 332 366
300 346 451
352 431 475
2 214 413
48 97 138
166 247 445
142 195 330
361 426 458
159 239 243
98 248 430
289 415 492
149 220 254
343 396 414
343 379 487
379 400 459
105 207 393
198 281 479
276 332 468
177 220 465
293 351 402
81 157 247
184 288 476
223 323 379
309 358 395
124 213 269
20 376 413
269 382 424
80 369 389
144 204 403
29 477 499
85 347 463
203 300 420
118 347 357
364 462 480
136 206 255
19 123 135
230 377 460
57 387 441
82 256 397
247 277 363
58 112 192
318 367 459
164 166 221
7 9 218
18 68 238
35 270 289
90 339 446
161 374 472
6 231 441
1 40 171
123 255 463
302 331 337
171 267 349
132 302 423
91 237 380
20 247 391
98 244 284
78 218 240
193 313 424
278 325 365
54 185 402
167 284 301
302 329 342
273 289 453
256 273 385
42 288 441
395 412 425
227 434 443
48 69 184
270 406 474
72 76 406
229 279 297
282 299 468
193 197 495
66 117 179
26 306 411
163 186 496
228 307 474
83 90 345
46 72 444
117 262 297
202 244 272
258 293 299
118 387 465
67 75 247
31 45 495
64 230 424
273 415 453
164 336 471
23 161 167
64 72 185
318 431 490
294 332 395
42 370 376
213 473 477
182 203 207
105 191 296
101 159 190
27 147 224
132 344 476
37 351 434
10 159 219
27 318 458
220 246 286
86 302 380
70 282 439
24 169 205
134 222 444
9 26 36
266 321 444
165 203 324
24 192 236
47 428 430
75 134 297
137 169 232
8 172 351
27 99 105
171 397 448
102 243 272
136 162 285
26 149 214
250 390 431
51 65 414
3 283 339
307 469 492
250 474 487
53 128 268
282 396 457
11 282 286
17 212 363
17 51 105
18 66 79
294 430 439
29 46 300
176 286 326
127 276 341
32 67 123
140 312 450
306 385 415
96 186 294
217 248 267
157 424 475
311 312 408
6 28 97
132 199 209
14 349 448
422 453 460
4 106 212
298 303 418
383 398 441
52 248 308
18 160 263
92 110 152
288 308 415
144 149 340
442 472 483
131 194 337
157 178 224
162 395 469
308 318 395
21 84 197
16 249 256
14 35 419
18 214 225
13 168 484
14 104 228
179 201 230
2 162 379
119 315 403
33 55 247
287 364 465
421 428 471
120 146 165
268 387 463
223 377 389
142 262 405
285 369 433
14 53 316
292 323 424
225 271 396
313 482 497
41 67 263
149 220 242
164 237 273
218 274 383
93 118 136
9 106 164
195 290 354
7 13 139
11 41 105
1 3 227
196 314 341
6 210 244
39 307 497
263 335 344
177 391 477
267 294 470
239 329 359
80 107 218
268 293 427
31 226 248
311 329 374
188 273 278
305 382 425
335 414 478
402 415 498
326 336 344
257 292 427
336 350 497
27 106 292
375 445 481
321 333 417
18 141 213
4 148 369
54 328 335
3 115 136
158 237 363
256 308 379
341 368 460
20 230 272
273 437 452
20 275 439
160 363 453
216 462 465
127 270 285
202 319 402
7 98 185
299 347 412
319 405 487
361 408 451
141 205 235
307 359 464
123 235 474
20 194 200
349 476 488
181 431 482
5 422 481
195 239 492
69 169 210
350 385 408
142 198 461
142 178 188
33 184 192
251 476 493
117 367 405
10 25 221
136 195 220
60 281 341
158 200 442
271 308 384
14 209 216
178 336 367
62 306 346
251 270 351
254 371 426
120 244 395
38 244 249
107 150 181
264 403 481
31 41 159
35 112 442
141 173 423
17 62 291
144 278 463
50 75 189
33 469 474
25 28 334
183 228 435
130 166 190
10 78 174
14 51 221
81 173 248
153 163 461
221 311 321
63 69 198
99 261 392
438 461 476
331 429 445
94 132 183 189
119 305 390 483
40 181 197 305
57 315 383 386
83 227 338 452
47 52 57 263
120 153 166 172
343 367 389 448
84 123 199 240
252 283 348 424
2 24 105 435
88 103 208 298
60 112 150 205
97 106 362 476
3 136 205 250
12 95 190 458
10 26 263 385
8 128 218 450
93 103 159 495
217 253 385 424
183 229 265 424
26 27 300 317
320 334 361 488
137 218 382 431
20 29 48 151
148 213 357 432
128 250 299 375
119 332 444 459
27 203 240 392
58 141 289 455
313 364 473 491
54 97 341 349
76 115 207 214
238 309 426 478
13 20 50 191
137 156 372 419
58 121 274 306
46 94 426 471
58 65 75 363
180 275 311 370
51 69 98 220
62 299 313 402
13 93 129 468
28 145 354 379
6 35 38 245
67 201 219 351
252 366 488 494
226 236 355 465
69 295 306 341
349 360 374 424
136 179 366 496
14 73 174 308
57 88 182 443
113 342 396 463
43 335 383 417
296 318 448 464
70 404 446 496
64 92 190 232
51 117 120 452
13 171 232 316
54 199 308 484
15 53 107 413
14 99 212 283
71 208 220 381
121 212 342 351
384 412 418 478
104 358 438 484
20 73 191 217
11 282 378 388
24 158 216 399
179 258 272 366
250 287 461 496
59 80 249 374
79 180 185 355
336 427 438 479
76 358 400 429
48 74 83 450
95 202 415 460
116 470 481 489
244 373 448 454
132 133 163 367
31 58 140 218
156 306 366 474
14 376 377 393
108 203 325 443
77 115 212 245
284 342 457 467
239 299 395 480
329 340 469 479
298 362 409 457
215 283 335 402
58 334 349 470
105 152 436 487
27 53 93 374
38 54 211 213
227 296 317 459
26 186 421 428
38 331 473 496
61 150 201 302
30 229 264 412
57 64 117 215
254 348 392 414
177 246 308 465
325 389 407 490
15 38 119 155
119 318 456 485
73 83 179 187
74 189 369 428
281 393 429 452
6 16 32 470
19 160 447 483
299 335 343 470
23 286 300 483
11 160 204 489
61 296 370 381
32 100 285 347
98 195 205 384
74 159 181 394
93 249 329 412
107 394 436 480
192 238 282 300
121 271 314 429
18 153 166 203
143 187 288 437
68 103 246 330
294 458 473 482
90 219 338 351
345 388 393 407
89 246 345 379
139 338 390 490
205 330 426 450
221 367 414 432
366 436 441 487
90 268 293 439
105 167 180 307
25 30 167 220
33 132 370 379
9 183 217 366
25 130 366 426
315 317 415 442
40 194 270 389
128 146 258 407
167 195 203 418
116 131 197 210
305 313 416 477
1 102 123 164
199 320 373 421
45 170 316 459
10 59 147 240
43 190 321 437
71 145 381 429
249 337 450 477
102 119 328 358
142 210 289 311
67 245 428 439
78 135 231 267
85 154 190 229
95 171 248 449
8 118 128 148
111 130 319 497
34 152 277 498
27 142 251 337
266 269 379 382
101 211 218 288
297 358 394 424
94 255 265 324
38 170 345 354
128 212 231 248
168 173 380 406
107 111 232 396
115 168 181 285
117 175 185 459
7 361 428 476
52 140 292 431
27 357 365 495
212 226 397 405
65 157 163 299
59 123 128 178
65 192 264 397
45 95 183 274
165 236 237 243
42 94 300 495
106 254 272 333
43 71 162 201
223 232 248 320
40 121 155 379
80 154 382 472
38 85 176 293
239 325 399 458
83 86 233 451
20 148 365 406
20 38 47 71
8 165 246 491
53 152 239 457
60 146 318 366
63 129 240 423
256 286 334 444
81 103 390 433
48 196 453 479
2 110 185 373
27 60 263 286 493
160 250 258 320 469
8 212 280 310 317
108 285 292 422 473
99 194 327 370 471
215 369 397 405 480
60 70 124 341 455
245 316 336 396 421
78 118 127 304 452
70 139 180 453 468
163 255 282 326 498
5 15 350 401 431
18 169 241 339 347
327 426 435 452 479
280 402 445 481 495
9 166 195 268 324
87 108 147 176 314
74 161 304 305 395
253 299 350 431 459
36 47 72 227 333
182 230 267 305 347
74 237 285 329 351
39 55 153 163 228
17 51 83 117 297
184 351 363 408 494
80 100 367 377 481
322 329 333 375 442
33 50 245 274 499
18 135 175 189 298
131 238 284 322 445
97 104 184 233 413
63 163 208 235 497
72 244 257 277 416
251 295 342 401 481
34 37 279 350 362
46 231 368 428 492
7 153 181 256 403
292 314 398 408 472
23 43 256 336 425
1 5 218 311 465
80 270 324 478 493
198 199 332 358 388
57 76 295 391 486
65 117 251 268 330
58 155 169 247 453
232 250 264 412 452
39 59 213 242 487
23 159 205 233 484
152 303 363 472 483
18 125 338 404 442
50 176 189 197 420
28 78 188 254 319
30 99 135 435 465
44 157 184 376 381
10 19 171 258 339
308 328 347 405 459
102 106 147 194 489
104 265 312 437 476
41 118 168 204 344
154 190 233 242 266
115 123 131 231 276
18 158 173 248 494
51 166 173 354 481
33 84 230 338 472
23 53 143 313 486
234 269 273 340 389
157 165 253 346 353
195 296 339 359 383
188 228 232 452 495
151 255 410 431 484
17 110 230 272 327
10 41 43 234 493
26 65 90 258 438
30 32 199 364 422
18 24 123 175 235
80 82 177 233 371
10 100 178 310 462
51 249 253 328 497
262 276 377 401 422
238 292 301 396 429
27 289 310 460 477
71 112 243 249 437
22 258 330 457 478
23 42 210 229 287
61 192 286 297 323
153 189 210 388 440
258 333 338 396 421
53 100 151 309 453
45 173 261 341 397
113 119 151 165 285
137 321 385 421 432
91 154 193 322 429
22 90 178 468 488
141 187 346 364 370
230 251 356 365 367
19 179 394 398 476
56 165 247 356 479
14 77 111 229 348
32 97 105 274 336
84 104 238 488 498
299 310 321 471 473
26 145 199 222 250
53 138 163 169 231
160 262 292 423 424
156 209 268 421 429
82 162 198 218 381
1 309 330 454 466
174 330 333 366 487
174 179 362 369 418
120 147 200 328 396
50 137 142 159 246
99 308 370 462 497
62 169 218 332 416
89 228 333 485 494
93 333 403 418 489
175 292 336 393 463
90 211 245 377 477
38 42 136 275 392
56 126 321 373 394
25 63 74 209 328
313 344 467 480 497
35 180 214 284 462
107 155 176 180 459
330 341 436 440 447
8 139 207 238 456
6 256 410 425 429
149 215 402 409 438
319 327 397 417 418
140 230 249 319 403
212 311 330 429 466
154 224 294 352 376
106 142 221 251 367
63 98 257 314 401
114 140 193 316 398
21 29 68 145 156
14 67 162 267 288
57 76 94 170 339
21 57 193 216 315
48 55 94 162 480
280 428 479 486 494
163 313 336 447 482
41 110 164 234 299
46 95 133 203 320
9 242 375 383 422
237 249 318 391 476
26 56 70 178 201
47 202 206 290 321
22 45 170 247 356
8 151 409 444 458
30 197 240 248 447
6 167 197 364 425
142 199 220 231 498
48 70 231 351 372
185 242 294 452 468
77 171 208 291 318
38 142 175 377 431
44 101 159 221 235
169 406 415 434 480
61 63 85 243 481
7 95 96 208 445
74 218 286 314 340
371 385 410 439 497
103 111 251 328 363
24 228 255 371 390
250 290 367 368 398
38 304 344 413 462
52 57 98 135 495
4 6 60 89 470
87 181 346 401 454
27 67 204 220 236
358 372 375 450 479
35 100 102 125 308
1 28 207 392 397
20 44 302 393 414
364 374 417 476 489
149 178 204 342 436
142 212 298 387 420
77 300 371 415 446
134 150 409 439 463
18 87 93 232 285
25 129 213 263 281
35 331 389 403 451
39 95 131 142 181
84 235 244 329 334
129 368 404 427 488
12 14 312 472 480
60 88 91 113 212
6 49 146 219 394
52 208 209 245 282
55 135 142 223 493
4 13 28 215 220
108 150 178 222 366
22 227 247 334 435
38 234 239 320 389
0 87 119 247 463
25 138 271 377 458
3 235 355 372 491
46 348 354 363 408
5 21 148 399 490
316 320 374 446 482
67 140 189 233 389 396
19 164 201 307 327 458
31 46 308 337 338 371
127 217 228 356 380 440
17 46 129 230 234 329
29 86 163 245 292 371
26 254 386 396 400 446
77 113 319 422 450 475
114 129 144 380 396 460
72 195 200 363 411 415
46 129 269 360 388 486
146 267 310 316 325 341
127 136 216 365 415 436
131 174 222 236 324 453
23 97 150 291 314 355
56 104 190 222 346 410
167 203 269 316 318 419
108 253 345 378 463 473
39 213 218 221 276 382
70 146 364 415 437 466
27 41 122 123 401 432
144 191 214 219 221 244
39 61 129 190 209 402
176 285 292 306 368 418
74 103 135 214 286 333
144 199 318 350 433 438
189 274 339 411 423 491
44 178 243 286 358 405
122 244 249 290 427 440
2 257 277 324 376 382
45 88 131 352 366 396
73 97 132 213 286 457
14 97 178 377 439 462
20 47 161 255 291 404
6 27 36 117 287 475
22 31 33 62 91 404
82 112 185 249 416 483
71 113 229 328 356 378
124 315 399 417 481 497
49 94 172 216 245 254
46 188 196 269 281 415
86 110 178 293 438 481
1 4 58 118 200 203
286 287 318 359 435 495
121 152 312 355 362 426
126 278 285 376 410 459
87 132 279 293 384 395
27 56 221 299 374 402
52 163 182 414 479 493
13 48 83 158 212 299
187 249 257 270 288 481
129 250 317 357 371 469
34 218 303 356 422 466
143 196 258 280 322 357
25 67 199 361 451 456
77 335 386 409 420 461
1 10 85 233 319 377
38 50 269 312 320 332
165 207 328 404 414 453
92 114 155 160 256 453
140 150 251 443 480 490
301 341 406 467 468 486
4 37 42 145 279 458
22 167 315 340 406 410
16 128 246 282 339 480
192 194 233 353 396 438
190 315 409 458 473 492
91 127 172 264 307 378
19 98 216 242 247 346
97 148 184 216 377 433
71 119 277 279 351 473
11 59 201 270 382 390
93 109 110 219 242 294
85 151 166 180 215 241
124 164 205 266 401 416
56 152 153 171 421 433
9 39 50 148 292 320
79 95 163 239 254 477
280 297 344 379 445 470
98 123 153 159 325 397
47 167 344 358 365 441
20 40 178 347 469 495
64 117 159 228 282 386
16 75 92 219 299 374
58 61 77 255 306 446
48 137 187 260 435 464
0 59 161 201 241 431
215 270 294 335 393 488
76 394 414 415 429 478
12 32 162 220 262 375
50 60 221 231 277 479
128 132 256 366 387 437
9 143 157 202 247 412
86 89 280 295 464 472
94 323 398 439 461 462
11 167 204 252 322 365
75 125 167 284 404 474
4 12 152 219 240 488
50 77 194 316 330 464
31 50 162 175 403 479
28 103 139 192 269 443
90 122 287 384 408 467
55 99 132 333 378 467
272 294 306 320 321 398
95 161 170 340 424 458
166 241 331 338 465 479
122 128 158 186 271 283
47 232 243 274 419 425
58 305 398 399 470 490
21 156 190 224 236 406
130 202 346 367 387 489
20 38 66 74 221 283
210 215 262 310 378 392
42 83 145 254 394 459
59 94 242 282 320 390
75 201 313 324 378 460
19 20 130 143 208 409
58 97 158 174 279 323
4 40 156 341 363 424
74 85 116 165 341 483
91 209 312 329 348 495
80 123 263 337 485 497
0 56 70 313 459 463
24 128 169 178 256 412
58 178 271 295 310 489
11 146 219 329 399 406
160 176 200 256 365 444
119 131 153 275 312 375
42 109 196 202 359 475
125 170 184 192 210 437
10 27 52 67 223 411
62 111 319 346 357 463
21 79 106 175 191 256
13 25 150 164 335 498
28 144 155 400 464 480
46 56 243 245 267 325
15 218 259 272 343 455
82 122 123 162 322 395
47 76 78 238 305 467
27 212 302 353 425 438
74 183 269 280 305 431
175 185 260 286 313 386
8 194 293 369 427 436
40 51 59 167 170 175
69 217 251 269 422 493
44 135 305 331 442 458
163 256 268 350 368 458
18 46 110 205 220 232
184 310 319 380 391 468
49 51 75 80 177 243
120 160 218 295 355 401 435
13 59 69 95 241 320 453
64 121 177 219 222 239 417
13 86 181 210 257 411 415
31 73 84 177 232 240 383
92 95 111 181 197 345 470
12 13 61 137 149 186 419
17 184 270 307 348 405 496
56 68 74 121 217 402 435
134 209 279 306 329 394 401
44 171 242 331 362 382 452
128 178 271 281 282 397 406
93 137 188 206 257 360 413
0 27 61 177 204 287 314
145 158 276 317 338 438 490
75 82 117 200 309 415 481
2 27 143 153 172 245 464
54 116 185 263 388 421 429
45 55 115 201 232 357 405
41 82 227 259 266 341 444
90 146 347 394 408 427 428
0 108 140 248 292 371 471
179 228 284 294 392 396 430
0 34 77 83 265 284 388
77 113 117 150 174 430 499
13 15 113 223 262 348 417
50 71 77 166 198 285 290
13 35 44 118 136 390 417
16 47 118 327 333 414 437
6 29 77 232 304 319 499
28 63 204 262 318 336 373
42 57 65 122 147 201 284
0 16 39 119 234 344 372
12 25 44 73 250 419 441
129 134 168 308 348 380 403
2 64 123 139 151 238 272
65 221 234 299 380 415 433
5 20 34 85 164 207 319
7 81 279 283 314 365 497
43 53 108 204 244 401 421
58 80 115 159 182 373 472
10 96 172 187 315 334 438
174 245 269 317 410 423 439
25 178 234 253 410 419 486
26 215 394 422 425 480 490
83 126 133 240 323 451 468
108 173 242 295 326 338 418
67 295 304 424 426 467 495
76 191 311 321 372 416 477
100 194 212 329 337 487 494
38 116 169 291 325 403 450
6 55 71 91 294 422 445
40 274 278 292 332 430 438
30 37 73 161 376 445 455
57 159 187 208 243 323 349
130 135 176 229 231 285 436
75 251 258 284 422 431 483
94 121 184 271 279 336 475
24 45 65 116 328 387 436
49 99 261 305 384 472 490
25 52 216 226 228 260 352
6 155 225 272 341 348 412
254 288 382 418 441 456 465
27 111 189 214 306 316 411
8 64 99 193 254 329 422
48 65 125 265 300 302 475
97 98 127 149 222 255 333
4 31 53 68 129 357 407
59 256 261 311 348 349 461
46 118 210 242 323 340 475
213 215 365 397 409 423 456
140 187 260 321 349 371 499
53 78 107 311 393 412 480
42 322 328 377 408 475 488
18 84 87 128 160 383 493
66 92 141 205 220 251 433
156 219 245 282 317 413 414
218 233 240 242 296 339 429
18 35 141 194 204 232 450
104 146 156 353 399 471 486
17 145 216 219 255 316 359
97 115 116 201 294 389 421
42 117 155 239 350 370 409
55 126 134 265 307 350 439
6 80 86 108 137 197 372
61 224 255 268 418 440 461
1 68 142 254 308 440 484
77 99 253 255 354 427 432
21 91 142 177 280 304 338
48 57 132 269 321 415 472
165 226 272 377 381 392 413
7 33 117 314 379 451 452
94 177 311 313 402 405 415
63 67 113 368 407 422 469
19 131 182 196 238 279 325
0 85 106 203 216 290 495
80 183 193 354 371 380 485
45 145 147 185 351 370 400
22 29 70 235 333 365 440
132 147 195 231 262 313 334
40 265 271 273 353 394 452
20 72 149 151 209 401 486
70 81 100 134 163 443 465
23 62 78 292 320 445 486
7 56 151 342 357 380 473
36 58 97 110 233 433 447
80 141 176 182 194 223 466
101 184 294 312 344 394 480
118 146 172 346 357 367 477
11 70 101 229 279 365 455
6 115 237 263 394 443 444
180 225 282 302 339 358 391
40 53 109 135 190 217 340
109 129 136 202 225 310 388
156 166 240 288 357 457 460
85 130 232 378 444 450 460
25 61 67 110 447 471 485
68 120 228 270 291 424 445
66 81 104 152 198 373 475
40 100 311 320 347 425 439
245 253 286 307 345 389 481
87 125 156 315 446 455 498
3 186 237 339 383 415 475
0 43 120 156 164 402 413
81 247 253 295 322 430 496
12 126 185 210 214 303 455
11 45 143 240 243 297 396
6 7 32 116 155 295 365
74 140 173 229 234 243 279
29 118 159 172 202 226 397
190 236 260 263 275 340 434
70 155 180 282 375 430 461
45 50 158 164 243 272 377
105 283 296 311 348 410 450
77 116 120 184 214 258 329
6 124 151 278 308 406 455
5 51 129 219 330 343 467
125 210 222 225 289 321 488
36 56 63 66 193 195 250
24 76 93 255 268 274 493
74 186 239 264 349 390 489
46 142 300 303 351 421 487
104 166 243 253 373 381 387
24 74 109 141 166 176 197
18 59 334 360 436 441 480
43 251 272 277 441 442 474
22 125 209 227 234 293 494
119 136 160 194 213 225 493
15 88 219 294 355 418 489
20 48 115 232 315 443 450
71 88 164 165 329 414 489 497
9 14 43 243 370 399 473 484
82 116 303 314 315 330 404 407
56 68 132 142 231 312 377 379
29 50 76 83 184 217 335 350
10 107 175 220 319 368 444 489
14 49 50 96 213 239 343 392
83 159 188 300 386 401 419 499
2 60 158 170 189 253 472 490
9 76 80 97 142 189 304 449
2 169 203 312 364 426 479 481
47 244 253 260 268 273 292 490
15 34 36 74 187 247 280 341
198 304 356 359 365 415 426 465
55 143 249 253 270 283 381 411
39 41 48 122 219 374 381 404
17 119 206 307 319 402 462 488
66 82 151 215 293 328 349 489
77 144 152 273 280 408 432 473
56 90 97 115 284 347 429 482
7 86 114 154 161 380 443 452
11 75 140 146 174 210 237 359
74 91 139 161 179 278 316 403
63 119 198 234 286 341 396 402
0 82 219 268 298 415 444 492
4 9 35 175 219 399 421 426
13 144 178 198 249 251 412 419
145 190 224 241 260 333 435 436
24 77 105 125 126 241 285 469
20 85 172 228 309 352 482 489
43 77 137 255 262 275 354 446
30 116 156 167 293 327 359 398
98 102 154 179 198 202 215 225
152 208 285 303 346 350 429 433
4 67 167 317 387 397 401 403
91 182 308 364 368 389 426 454
14 36 57 80 117 139 355 401
110 114 151 167 227 249 290 318
25 41 55 74 141 220 352 377
10 22 71 158 207 255 414 472
54 56 109 188 206 207 369 435
34 146 156 278 337 350 365 475
12 284 307 327 354 447 450 487
63 153 158 179 210 217 419 431
72 178 215 307 328 375 477 495
16 28 198 394 405 412 438 452
57 101 117 182 187 222 241 497
67 90 158 196 291 425 451 453
56 127 237 332 363 428 446 489
12 15 88 115 300 420 423 435
9 20 43 188 287 329 397 446
51 180 192 226 313 318 346 351
35 247 279 323 378 399 432 443
49 80 166 185 207 251 362 472
39 44 64 151 333 364 423 451
4 187 206 261 277 300 340 416
3 48 137 328 385 441 495 496
98 118 127 142 151 181 267 415
60 76 90 293 376 396 419 490
26 164 247 249 258 305 382 491
6 29 98 176 177 306 335 469
50 200 231 242 292 379 386 445
18 23 173 186 357 464 465 481
44 211 225 232 292 322 358 468
66 189 215 254 313 374 396 466
74 161 289 314 331 345 350 444
30 35 55 118 156 207 241 442
31 45 55 154 200 211 294 351
11 70 84 140 247 263 406 428
69 76 248 256 313 405 412 420
23 55 116 120 319 328 383 462
69 74 131 155 185 354 369 484
45 140 220 233 237 261 275 451
164 187 201 215 267 410 426 432
14 43 55 76 126 194 251 394
54 100 157 188 228 287 293 480
115 125 232 405 440 468 478 480
39 99 155 212 339 408 422 466
46 95 103 244 264 288 461 489
183 193 258 360 371 459 463 470
46 52 164 176 288 326 380 490
126 151 168 201 203 216 392 460
109 123 131 183 202 329 392 436
42 72 83 86 139 198 274 351
55 85 168 224 234 259 267 343
81 142 180 306 406 452 484 493
25 30 40 121 140 301 350 482
68 130 156 234 275 303 415 428
42 138 195 249 263 314 380 469
18 100 209 223 261 316 425 468
7 22 26 93 128 172 468 494
10 214 256 275 323 422 429 435
4 42 144 196 210 237 283 324
58 159 271 357 387 396 411 483
100 153 247 248 266 438 443 498
123 124 201 261 262 320 435 485
47 88 130 149 165 219 393 494
95 114 144 262 333 345 440 491
113 227 257 298 334 395 470 473
17 45 81 237 253 396 422 434
85 119 211 213 289 386 410 493
12 153 158 181 204 261 401 481
18 31 62 71 98 158 274 339
5 186 245 284 308 388 408 417
26 92 98 108 254 394 413 424
119 259 295 393 395 396 412 436
169 227 332 336 430 438 448 456
69 111 117 238 279 356 443 479
86 139 233 267 322 329 379 385
68 106 198 294 320 392 405 430
10 16 51 102 168 419 430 474
134 161 207 233 299 300 323 409
7 89 114 132 157 244 251 421
67 114 168 351 377 431 448 466
111 192 238 319 353 361 417 486
88 96 97 317 355 412 420 479
10 42 107 134 306 349 486 488
90 103 121 139 150 193 216 378
129 143 247 276 285 316 322 351
120 208 228 262 296 383 418 474
9 24 57 119 208 320 388 422
105 107 199 288 372 392 395 477
130 142 146 229 261 271 350 402
76 105 110 295 317 363 467 469
5 23 53 208 334 357 389 434
20 62 94 103 154 278 356 369
84 99 106 128 253 294 360 476
93 102 195 239 248 325 415 452
4 7 52 131 247 312 330 367
19 72 74 104 183 285 313 392
14 72 116 153 222 287 326 334
18 33 117 192 249 257 303 308
9 57 84 155 247 299 333 447
25 36 137 172 183 222 227 395
74 98 201 206 291 423 430 435
179 222 241 310 345 389 399 448
37 78 107 234 247 357 376 482
14 57 148 191 431 442 452 462
266 291 312 397 483 486 493 499
134 165 203 204 325 329 470 486
12 100 242 268 306 407 419 439
26 161 193 281 373 435 442 476
14 17 22 104 176 316 371 477
19 265 289 362 366 395 479 490
10 142 164 227 275 282 284 329
93 103 114 138 196 216 220 424
2 22 195 243 305 394 400 479
14 28 52 63 150 238 275 297
28 62 171 190 198 261 372 382
53 109 183 194 301 306 368 431
99 271 286 295 296 307 377 388 441
53 100 261 291 343 358 378 398 472
36 108 242 257 279 329 349 387 389
113 130 204 285 292 327 372 438 469
128 135 181 214 248 272 414 466 492
11 28 137 169 205 255 310 410 446
36 47 65 82 93 101 125 344 399
75 78 109 159 232 240 252 364 467
95 112 120 141 147 154 204 263 290
57 96 104 219 287 304 389 410 478
13 223 260 261 289 314 399 411 458
82 88 180 209 226 232 299 301 420
46 71 252 292 302 309 331 346 347
162 196 254 278 361 408 465 470 472
108 186 292 362 365 381 415 422 480
44 80 123 134 167 188 190 328 448
30 45 119 186 201 361 370 387 431
1 85 110 278 327 330 363 387 427
133 181 218 223 263 282 366 409 419
10 26 51 131 280 305 451 476 488
107 193 225 250 269 284 369 465 467
14 46 58 98 206 307 415 457 494
3 28 73 133 181 237 292 381 433
66 126 277 313 317 344 356 455 478
36 37 92 115 126 457 464 466 471
1 75 151 227 281 360 438 480 481
38 116 147 199 292 305 392 426 428
9 75 90 389 391 415 424 474 479
2 126 257 288 321 328 354 395 495
110 147 244 257 267 273 286 385 462
27 169 221 237 243 275 425 494 497
217 251 265 329 376 408 444 455 484
55 73 93 146 241 314 402 413 432
34 80 123 130 151 158 184 210 441
75 108 178 189 305 380 399 426 451
20 98 170 225 266 391 396 398 463
49 61 91 150 164 185 390 473 490
21 52 100 120 185 226 307 449 471
141 219 230 256 320 332 456 465 494
64 66 94 100 109 235 246 262 281
40 133 158 173 199 369 397 432 484
6 48 211 281 317 329 400 431 434
4 13 14 26 87 166 242 366 367
93 105 154 218 230 234 240 303 324
78 104 107 345 349 373 377 422 432
30 50 108 175 326 329 430 447 456
19 76 173 190 214 216 247 253 481
3 32 115 151 226 247 253 299 459
26 35 156 230 238 272 420 424 449
23 162 346 398 416 426 461 479 490
59 62 77 128 156 288 313 430 490
8 57 99 116 143 284 347 488 497
32 79 268 357 380 392 441 472 476
104 106 160 187 193 213 219 242 300
35 42 176 284 286 319 348 356 463
208 261 311 358 371 376 446 452 463
79 133 200 277 325 328 388 391 446
56 145 146 159 197 254 318 453 457
10 90 122 195 298 339 373 415 490
152 210 222 292 341 388 447 467 472
129 135 140 272 406 440 458 473 486
24 75 83 163 257 296 361 365 388
175 216 243 253 267 328 439 440 444
126 199 327 342 352 363 365 430 445
63 82 110 125 179 292 345 378 435
92 174 186 284 413 431 461 474 497
30 62 171 191 214 240 250 265 360
9 56 102 148 252 277 289 293 316
47 175 176 181 220 303 305 324 345
230 257 266 279 347 376 381 429 436
168 205 228 238 361 397 423 434 460
44 68 93 120 164 299 412 454 465
26 44 171 241 251 385 430 431 453
39 174 180 218 393 396 437 476 490
0 86 178 210 232 326 340 367 405
53 71 94 97 206 208 388 418 452
29 42 129 150 228 236 326 411 428
43 53 108 122 173 182 374 383 459
32 37 91 116 242 278 292 321 412
113 202 208 272 333 347 375 396 476
18 101 137 181 187 337 411 479 481
18 78 130 200 216 256 342 442 464
10 21 100 184 196 204 247 345 474
9 36 41 68 116 141 229 257 274
33 49 90 156 287 298 339 343 434
33 39 71 86 121 363 390 418 435
102 120 173 238 365 369 435 438 484
26 154 171 218 256 285 361 382 383
32 56 72 97 173 195 210 247 305
31 45 74 79 82 147 384 389 495
11 47 89 107 160 214 313 404 447
35 128 133 145 312 372 442 476 479
5 57 94 268 339 340 364 398 420
30 63 64 156 169 192 289 452 464
108 119 140 198 211 226 234 307 337
54 204 340 344 350 380 392 443 499
1 229 240 254 282 319 338 341 425
5 13 219 224 238 263 283 397 476
58 97 155 166 221 232 240 386 428
63 130 247 263 317 327 439 464 491
24 80 178 186 218 253 257 321 461
108 147 197 267 272 279 282 353 379
59 70 152 158 219 220 257 341 367
7 26 43 52 81 189 297 373 469
56 69 70 71 78 208 279 333 352
99 101 171 204 208 244 279 418 438
77 139 182 249 291 295 308 366 428
40 56 81 110 121 159 190 330 447
27 215 290 340 350 356 434 446 454
24 90 93 113 134 190 325 452 473
25 57 95 114 171 183 294 314 424
36 102 118 126 161 166 218 239 447
49 58 131 143 195 261 305 453 460
38 55 91 239 371 386 396 419 489
52 90 159 188 264 290 352 384 487
91 114 215 220 303 330 369 410 493
18 163 169 239 242 282 336 413 416
11 125 165 172 183 291 302 305 416
23 57 63 109 119 139 295 316 423
19 34 70 91 164 317 373 397 419
23 83 145 173 233 253 263 441 494
42 113 297 362 364 393 412 436 454
76 119 192 234 332 378 383 386 462
5 6 12 78 96 166 401 412 466
65 114 135 302 342 382 431 453 464
18 114 219 252 288 308 320 380 494
20 123 125 172 188 243 377 422 464
66 77 114 125 129 351 359 381 418
57 175 213 285 345 414 417 441 480
25 32 163 166 266 275 310 318 377
29 137 165 179 253 260 339 407 443
43 100 137 160 176 269 305 310 328
45 70 92 95 253 263 280 409 481
36 59 116 232 265 400 403 433 487
47 81 143 175 265 325 352 354 396
45 60 106 116 162 186 201 386 388
9 60 106 261 284 318 323 351 420
136 154 165 187 212 215 243 355 408
5 27 73 245 250 270 279 414 445
10 64 74 130 176 181 207 227 267
25 28 95 132 212 226 288 383 396
120 123 174 228 238 241 375 418 489
34 71 207 208 269 374 396 444 498
125 221 238 244 306 433 450 471 498
6 36 59 289 305 313 357 426 449
13 24 93 121 229 311 350 354 364
9 47 48 114 207 290 294 311 357
44 46 263 325 341 432 451 472 491
29 52 182 195 217 245 346 417 467
8 117 218 281 340 416 422 446 475
56 79 106 117 303 331 355 379 438 490
36 63 77 94 109 345 380 436 471 492
2 47 50 68 119 149 182 184 185 239
91 114 128 222 328 361 419 456 477 485
89 112 232 307 332 351 365 371 434 439
43 118 151 187 189 312 335 392 430 441
25 92 155 183 291 307 330 339 408 414
11 43 45 95 180 304 332 385 395 477
19 59 102 122 125 128 240 339 410 484
54 159 219 227 255 382 411 423 434 462
137 198 225 236 256 289 302 320 325 326
217 319 334 336 343 379 389 405 420 487
12 43 125 307 323 326 349 355 367 465
168 178 288 322 353 360 379 389 412 453
13 54 66 136 200 349 351 368 461 474
1 74 121 129 176 217 245 266 284 492
33 35 181 300 335 340 349 397 475 497
0 81 98 229 241 308 320 367 394 480
4 25 131 147 219 381 394 410 458 496
56 193 225 266 275 313 385 444 460 499
54 86 89 168 198 241 308 310 323 411
41 99 126 205 217 223 256 334 349 476
111 142 179 221 253 269 294 338 346 475
6 18 20 211 246 301 340 370 406 463
13 40 42 58 130 213 311 370 380 461
33 95 125 147 152 155 188 255 343 370
6 23 44 67 77 137 153 346 442 470
21 64 152 219 237 297 356 370 372 487
53 121 295 306 325 350 357 358 470 492
44 115 158 163 200 244 387 412 436 440
143 145 184 211 264 325 335 418 421 436
60 158 180 182 261 280 293 344 358 359
4 16 54 118 146 184 251 368 481 496
141 152 283 320 352 377 396 402 421 475
23 66 201 232 290 315 336 345 347 382
2 26 64 247 252 279 281 309 409 452
21 25 145 154 157 174 272 393 468 497
32 41 91 135 227 328 409 417 490 491
52 81 86 116 118 230 298 386 411 476
6 12 43 54 162 289 339 373 489 492
121 210 232 279 281 344 417 424 441 442
19 30 44 85 182 183 216 231 404 443
29 67 96 175 179 204 216 264 367 407
12 24 104 191 220 235 286 389 457 460
143 185 296 317 329 389 406 411 497 499
1 3 85 156 263 269 295 327 379 429
13 114 144 195 215 275 356 462 465 481
44 155 163 264 290 416 444 447 478 494
76 80 115 120 223 260 381 447 475 479
27 31 47 216 280 283 324 417 461 496
73 180 243 281 336 339 344 348 356 387
8 17 131 137 170 197 243 315 322 344
185 222 244 267 308 322 328 336 355 422
87 162 250 289 320 328 352 441 465 492
51 68 174 212 223 265 339 393 461 491
68 101 132 144 171 204 250 295 314 356
31 77 97 182 280 302 365 373 429 489
12 62 68 119 148 163 222 271 373 425
3 43 162 264 409 432 441 465 480 485
34 128 176 179 241 258 276 348 408 498
4 33 117 149 276 278 323 324 413 466
75 84 191 194 316 358 368 403 455 486
91 135 148 200 267 268 413 437 448 474
72 78 101 274 275 388 453 461 465 476
16 56 76 90 114 130 150 211 316 414
106 186 277 289 331 376 390 444 465 471
5 15 35 112 190 233 268 269 280 310
33 58 226 249 270 279 313 425 446 448
8 48 133 159 198 230 238 412 435 479
15 97 116 135 215 310 348 375 432 447
37 51 87 93 122 153 289 335 426 439
32 110 125 131 183 225 233 314 367 397
22 91 132 146 171 172 215 300 383 470
117 120 212 263 282 295 300 301 306 457
25 62 92 172 244 253 260 339 430 481
14 32 67 73 98 107 120 325 407 448
64 98 104 126 139 186 367 440 461 481
91 131 150 160 237 345 391 398 415 479
7 73 169 283 322 352 370 398 462 499
15 60 94 101 201 260 317 475 491 496
2 12 87 149 211 234 273 295 448 455
22 51 78 86 87 142 224 233 324 483
79 104 189 195 202 250 257 286 310 407
13 39 62 216 297 302 316 339 468 478
13 61 68 100 207 247 280 286 367 370
134 159 295 303 310 385 387 391 400 403
42 51 74 98 119 247 282 292 294 485
26 85 92 112 136 149 152 306 446 489
55 103 170 176 274 299 366 370 405 440
27 105 137 326 336 351 395 407 409 449
14 21 101 118 122 168 266 335 464 499
113 125 157 241 242 277 282 296 301 356
49 67 100 124 179 211 214 296 314 470
16 68 112 166 167 187 280 319 392 495
24 62 103 131 209 269 368 445 457 477
25 28 61 62 127 279 281 340 404 458
60 108 116 124 177 223 275 375 381 460
74 186 240 264 332 365 387 392 471 488
15 137 154 202 295 317 318 373 381 417
0 10 84 144 171 257 364 426 461 480
9 35 71 80 168 173 265 318 322 400
12 84 103 110 152 259 264 339 360 417
5 54 107 164 219 248 262 372 446 451
31 101 114 200 299 304 335 364 455 462
5 56 69 108 158 204 232 245 455 486
3 12 24 33 75 101 162 206 368 465
0 45 129 130 178 263 272 354 441 456
10 87 222 274 326 375 380 417 445 465
20 34 59 68 263 269 325 378 436 450
30 94 106 191 206 298 356 367 473 496
5 74 79 184 192 213 257 430 432 435
1 21 162 179 199 205 245 425 447 489
5 74 92 177 289 312 319 336 452 491
56 63 107 127 155 190 262 363 370 449
43 48 80 105 138 303 385 404 420 438
49 65 107 139 212 316 344 376 377 463
31 34 210 213 307 382 393 465 475 497
53 178 179 202 241 250 276 320 351 364
25 80 102 106 158 164 197 306 435 450
10 41 104 143 159 249 290 296 426 435
72 121 124 253 267 282 298 300 438 470 489
9 17 102 137 191 213 233 281 322 397 407
48 63 77 123 151 160 209 215 345 358 408
24 73 77 140 176 223 248 260 299 397 432
9 141 145 190 210 271 295 367 369 377 425
57 74 83 84 127 185 186 285 376 394 467
103 119 178 200 212 284 304 396 440 443 475
23 30 35 130 132 281 290 306 332 334 341
1 20 48 171 223 268 296 327 355 407 449
3 17 41 43 88 103 123 152 170 267 399
84 96 148 202 206 243 288 372 402 441 484
164 167 195 240 264 286 305 319 340 381 445
2 9 15 96 98 211 274 295 312 344 384
37 89 110 253 264 291 364 374 413 488 498
49 81 146 202 242 260 266 268 295 305 342
0 61 99 195 197 233 260 341 375 397 483
13 27 29 34 52 96 133 167 187 310 463
1 74 87 113 115 141 145 151 165 226 386
24 60 147 185 261 303 316 397 404 423 433
71 85 243 254 260 276 290 302 340 367 423
25 42 96 202 226 277 323 373 388 433 441
177 197 242 279 295 352 394 410 412 425 440
1 14 46 72 161 194 208 232 236 267 356
13 20 29 84 242 348 364 408 419 454 470
6 36 174 186 284 294 308 379 456 467 494
65 93 128 181 225 238 291 370 376 439 472
2 22 44 106 110 120 349 363 395 454 476
17 118 153 219 248 252 370 381 406 435 447
122 221 245 315 320 330 397 399 418 428 491
48 55 179 224 262 327 343 387 428 465 475
24 115 129 131 214 221 249 294 360 439 486
24 62 83 218 266 295 344 365 426 433 480
4 52 224 228 240 282 284 285 319 377 379
73 78 124 151 248 286 288 421 427 443 479
30 256 279 320 322 331 403 428 437 463 494
15 29 83 94 99 179 248 343 349 449 466
131 172 191 204 215 230 264 270 298 373 421
20 86 95 115 125 240 353 392 412 444 451
32 107 161 201 219 291 292 294 380 412 466
102 116 119 145 211 242 248 275 303 316 484
14 24 83 105 134 184 230 232 278 370 377
52 115 134 156 219 262 420 432 435 472 491
105 111 125 236 262 287 412 413 421 456 479
5 16 17 55 92 109 325 361 366 424 437
9 21 62 87 190 259 264 267 289 386 499
7 54 106 189 207 307 328 337 390 465 493
30 146 219 317 332 379 431 470 472 476 488
45 61 250 292 294 302 347 398 474 489 492
28 55 159 164 170 280 305 330 369 421 476
36 73 134 143 221 239 258 287 312 323 445
52 154 167 292 312 317 318 355 387 415 438
74 97 130 132 157 225 233 256 257 305 380
38 148 157 194 221 296 299 350 407 488 493
28 43 50 62 94 131 287 305 376 412 491
18 21 53 62 90 110 136 172 235 334 471
55 141 199 244 281 351 386 422 452 460 496
101 213 222 246 270 319 329 339 368 383 458
6 16 66 107 162 180 214 232 412 445 447
44 47 58 152 220 284 285 373 396 397 399
3 73 77 120 198 208 308 350 390 429 470
60 97 100 101 134 149 214 272 341 378 456
8 67 89 122 213 225 234 336 367 431 473
70 113 169 229 266 275 310 312 418 425 451
78 109 136 167 189 231 236 307 450 455 473
39 72 115 183 235 249 304 311 353 379 463
33 128 179 180 277 308 317 318 337 364 366
142 176 214 262 272 292 363 372 421 422 496
22 49 61 65 115 166 188 223 248 315 474
48 103 149 191 269 276 319 366 404 422 432
48 189 227 240 296 330 337 343 395 455 472
85 103 121 144 159 188 189 203 317 336 474
21 86 121 173 186 193 226 312 373 425 433
3 5 110 205 397 416 453 472 473 483 496
16 26 49 103 223 293 346 359 463 487 489
84 101 103 121 221 313 324 388 419 421 437
4 30 41 58 118 142 181 247 249 341 485
20 90 135 172 199 204 397 412 420 426 482
31 34 68 69 81 242 305 341 414 431 435
173 183 213 246 328 339 341 355 397 399 404
25 73 105 166 209 227 236 237 291 294 484
89 118 199 224 227 231 271 295 389 404 463
13 19 22 146 181 188 306 314 322 390 498
78 122 151 194 213 219 250 315 409 442 444
57 111 210 264 315 344 361 396 425 454 462
43 67 72 157 218 252 361 429 475 478 490
95 100 197 199 219 228 305 320 417 427 449
68 186 216 230 242 284 302 309 332 381 391
18 30 164 166 183 241 322 376 383 396 490
5 97 106 115 125 299 313 318 363 446 488
20 35 68 74 88 130 233 300 306 428 429
28 60 62 86 266 308 387 393 423 457 488
50 56 74 116 122 228 242 256 370 479 496
1 121 135 161 197 272 337 360 436 446 459
28 44 48 57 60 64 185 202 251 347 428
25 62 84 86 120 121 123 130 174 355 482
57 234 321 324 354 417 426 472 478 483 493
45 109 122 135 194 224 239 242 256 415 424
54 115 164 168 190 353 367 377 386 441 491
17 33 36 128 187 246 265 297 305 318 326
131 163 186 217 322 359 364 395 450 494 499
1 28 47 97 273 308 334 374 404 409 476
42 72 134 166 214 268 302 324 363 371 425
71 151 153 214 290 318 332 414 415 434 458
65 88 90 115 146 180 212 252 274 464 489
10 34 43 138 264 294 343 373 376 424 465
108 202 203 237 294 301 304 429 462 465 489
102 143 150 162 267 270 294 302 319 335 385
60 115 141 163 211 362 382 453 457 469 499
47 55 60 98 226 344 347 359 361 389 469
4 36 63 116 131 227 414 433 448 477 486
7 48 129 132 168 253 281 345 370 480 486
46 60 120 138 314 347 358 422 450 470 477
81 107 115 141 188 260 287 350 388 392 492
14 65 129 147 184 187 200 258 279 431 465
36 40 109 128 146 148 250 263 387 408 418
99 129 141 241 248 264 271 314 327 358 433
32 115 261 315 320 340 372 390 446 458 483
27 59 71 75 97 160 227 290 336 376 472
44 63 164 237 245 247 277 313 400 466 473
79 102 149 186 188 263 291 322 356 476 495
16 23 65 67 226 246 248 406 420 450 462 489
38 110 126 180 227 283 285 293 305 391 442 444
44 71 91 141 146 401 406 422 434 443 448 481
3 9 51 124 153 154 203 250 299 355 445 494
19 95 171 229 265 305 347 351 361 385 387 392
20 32 59 156 189 201 252 265 346 388 434 468
33 49 99 178 236 262 338 340 389 403 483 487
19 69 76 86 137 177 196 340 427 437 453 496
0 13 99 245 258 262 278 355 374 429 467 488
9 71 117 152 224 237 298 303 330 343 371 495
38 50 62 89 178 232 268 282 283 348 356 375
8 56 131 154 185 231 259 269 341 362 394 430
71 104 114 121 202 210 294 314 351 387 492 496
21 40 76 161 179 200 235 238 260 293 308 487
38 180 194 214 333 342 369 374 407 430 431 453
16 34 59 73 136 170 206 270 413 424 426 477
85 87 103 104 106 140 296 318 347 358 435 449
55 65 139 150 151 158 160 210 296 463 467 487
1 13 25 124 169 175 310 322 417 421 434 485
16 27 50 90 121 211 248 333 375 386 419 458
64 105 193 201 236 250 285 291 301 348 463 471
59 80 122 180 248 265 283 338 362 406 414 483
22 43 51 129 172 188 219 225 273 276 290 373
4 129 143 163 172 238 247 269 399 401 422 452
125 166 191 226 252 265 279 321 436 467 483 499
5 10 47 78 131 272 277 282 340 350 411 425
25 51 55 59 74 120 137 192 198 204 218 488
46 126 134 144 162 202 246 273 312 337 487 498
29 33 66 80 97 112 136 184 197 257 271 292
5 29 56 157 160 246 272 309 352 453 480 493
40 42 53 124 149 162 178 179 258 282 293 380
12 96 98 179 192 203 221 266 289 312 333 486
17 77 121 167 205 246 309 317 328 375 422 461
4 29 35 62 147 148 208 221 298 313 320 484
51 107 117 151 188 270 321 348 355 366 405 410
71 74 77 100 103 115 123 199 383 465 485 492
18 24 118 274 321 328 341 387 400 468 477 487
83 168 174 189 190 212 344 371 393 443 465 482
13 31 72 147 153 177 190 284 320 371 376 382
3 50 99 120 166 272 338 350 410 420 498 499
21 47 60 87 142 157 205 221 238 326 327 474
40 112 137 140 143 213 231 242 260 327 380 455
23 43 51 187 196 285 365 387 394 423 449 494
15 46 85 108 170 178 230 236 261 277 337 486
25 58 216 259 271 346 349 391 417 429 469 482
10 77 101 112 196 249 258 270 304 337 382 433
11 29 31 115 212 277 302 355 396 447 463 490
3 106 182 276 316 369 373 392 447 461 486 491
47 54 59 60 126 203 204 290 331 347 486 499
34 64 206 258 271 286 309 325 358 377 455 475
0 1 6 87 169 213 257 414 422 428 461 482
51 106 195 254 270 298 327 344 363 383 442 447
14 26 97 100 141 155 168 272 282 295 381 394
54 107 126 161 164 194 253 266 299 330 346 357
27 28 31 59 115 186 237 286 317 371 423 446
23 33 73 79 157 195 275 276 304 333 378 386
8 35 122 162 201 226 265 308 334 373 431 478
8 32 74 95 124 133 170 201 207 346 418 458
5 115 123 158 179 260 334 338 362 371 384 416
15 57 63 67 155 224 250 252 297 342 457 484
75 120 122 337 348 381 396 409 464 489 496 497
22 117 143 157 165 175 182 195 226 233 376 450
60 120 134 199 234 236 237 322 345 428 451 490
43 182 195 207 308 327 360 388 389 439 440 492
15 108 217 225 233 257 317 332 374 431 439 462
96 104 127 151 296 310 326 364 434 439 479 494
10 88 208 228 249 261 294 348 370 381 432 495
21 40 46 79 98 114 123 143 246 397 477 479
1 22 28 60 83 116 186 204 228 260 308 427
52 57 75 77 114 145 308 357 385 394 401 456
146 233 270 282 301 313 341 342 348 469 477 495
24 220 225 258 261 262 280 282 332 356 420 437
38 157 160 208 211 230 246 309 367 422 450 480
3 39 133 280 283 414 424 441 446 478 482 486
40 89 91 102 155 180 196 221 269 331 377 400
75 159 169 181 265 300 328 336 414 479 493 497
60 120 134 209 224 235 273 293 315 366 367 413
71 94 124 176 185 205 264 266 290 311 378 382
18 59 80 90 198 208 229 238 268 325 344 374
16 220 244 321 344 377 383 439 446 456 477 487
29 67 76 180 185 189 255 262 289 328 479 488
33 35 38 49 164 183 218 230 320 356 364 451
19 65 131 213 224 239 271 291 300 327 384 474
11 51 104 142 144 192 208 235 269 418 457 481
36 71 115 116 145 199 212 232 259 271 439 462
10 13 66 129 140 145 148 307 315 346 352 357
14 31 40 132 168 182 214 245 260 316 399 432
41 107 115 146 229 234 363 369 411 434 450 481
1 42 65 121 202 204 216 227 271 288 296 326
7 112 150 157 227 239 309 352 390 463 473 485
15 178 222 297 302 311 315 368 412 450 475 479
60 79 104 145 172 200 218 249 258 259 330 415
22 47 59 137 184 241 246 317 358 370 464 466
45 67 87 104 300 309 345 361 387 407 414 466
73 80 104 122 132 145 146 223 235 333 334 470
21 152 154 236 240 243 278 283 333 368 379 454
11 104 133 170 230 241 303 336 344 394 416 491
31 143 181 235 243 247 293 309 333 399 405 470
10 22 33 49 61 85 113 115 146 159 279 326
35 57 122 123 146 171 183 197 224 265 319 412
6 23 139 146 195 198 236 256 328 334 347 391
3 14 23 71 101 167 213 221 299 330 380 401
1 23 57 93 105 276 292 323 345 429 470 482
29 82 95 100 106 127 136 236 293 327 363 442
29 91 114 137 167 178 223 296 407 408 470 496
6 21 50 74 81 145 266 308 418 446 453 477
16 43 97 103 115 137 143 266 294 312 331 447
18 122 157 199 212 238 276 277 301 310 332 357
80 83 102 129 172 208 209 258 284 356 366 427
23 34 42 87 153 293 341 351 387 404 453 473
42 56 64 129 150 164 171 246 286 370 437 456
47 108 172 174 246 250 345 355 388 389 458 461
42 70 71 85 104 156 361 371 377 402 426 453
51 124 140 152 179 287 315 396 420 429 451 462
15 60 113 183 266 313 314 346 395 423 439 483
4 15 41 42 102 145 150 152 206 374 408 455
30 36 59 113 125 219 249 260 304 348 420 472
45 69 169 175 192 198 249 311 349 390 394 413
25 49 63 102 113 154 207 334 411 438 440 463
29 38 58 119 120 139 154 165 387 391 489 493
12 62 102 184 248 269 283 324 354 358 365 374 390
33 70 128 141 174 183 207 303 366 396 424 459 491
103 149 173 208 221 228 277 278 419 430 478 487 498
0 11 23 71 80 83 112 140 187 245 341 347 477
4 8 61 63 64 77 109 140 223 235 255 266 419
56 80 169 171 191 210 240 253 293 355 386 466 467
28 123 176 224 236 251 374 380 390 425 430 438 463
21 34 47 98 190 257 262 271 323 325 374 400 484
8 9 34 53 144 164 244 310 317 319 324 402 482
62 94 96 105 149 173 221 224 274 298 360 373 467
0 24 32 34 50 105 163 227 230 301 386 464 499
0 15 68 207 222 233 247 261 277 320 341 368 456
34 61 63 68 107 227 233 269 355 360 434 442 469
1 74 91 120 279 300 326 330 331 399 445 452 498
2 8 149 169 242 253 276 393 409 420 447 482 499
29 63 80 83 98 113 181 233 308 351 372 380 403
40 68 95 106 236 270 293 304 315 385 401 433 483
9 53 65 92 103 228 239 289 324 372 395 455 469
17 28 54 152 190 203 236 254 284 328 334 415 453
16 85 115 171 175 176 202 252 304 325 398 417 425
8 64 82 98 109 189 245 337 349 377 454 466 474
24 65 72 90 147 195 201 243 346 370 409 411 492
21 137 139 153 168 174 244 309 344 444 465 480 486
35 122 153 160 176 210 238 239 287 375 395 411 486
60 101 116 139 162 188 192 206 298 338 395 419 455
38 178 207 215 243 257 269 306 323 402 452 467 469
25 57 72 97 104 136 151 188 246 263 292 374 421
1 18 29 46 115 148 246 339 363 384 408 415 420
25 64 102 106 109 117 149 164 166 237 266 307 387
157 186 192 193 195 243 258 279 367 368 389 458 464
6 136 145 289 301 312 316 323 328 366 387 398 491
15 31 89 94 111 161 194 260 273 293 320 336 371
6 117 286 295 314 330 351 397 404 432 448 456 487
44 64 72 120 132 196 208 224 346 374 382 455 470
5 132 135 200 208 255 272 277 311 321 346 403 476
23 46 152 228 277 305 312 346 357 369 422 428 466
3 45 63 87 144 172 224 232 271 322 323 382 451
40 186 188 196 235 237 264 301 393 398 402 445 487
49 62 64 101 111 185 198 264 352 369 395 431 449
82 84 96 168 278 291 318 329 335 354 416 480 490
35 70 93 171 181 232 240 255 269 378 449 464 476
42 101 141 168 205 219 258 313 317 373 400 467 480
3 42 119 121 128 178 309 315 328 375 408 413 423
41 48 195 203 212 214 296 380 451 466 474 487 498
98 222 271 284 293 300 306 355 379 390 392 476 481
34 222 230 239 307 324 400 421 429 437 456 470 480
8 43 61 65 83 132 179 198 214 250 290 473 497
49 66 120 126 132 133 195 216 267 345 363 431 495
41 56 76 117 123 139 219 291 328 388 394 409 428
36 152 176 212 213 244 263 315 352 369 384 407 451
19 34 79 84 177 242 278 311 313 314 327 426 448
8 47 107 155 193 214 350 372 390 404 413 438 475
4 15 26 86 113 144 229 241 252 327 329 355 361
98 136 146 203 207 218 247 276 317 395 396 450 453
5 13 41 127 136 139 191 193 207 324 345 472 484
23 50 60 68 124 175 262 273 338 375 413 443 468
43 170 195 206 242 326 330 337 367 408 426 457 480
8 18 45 48 74 193 212 231 280 325 364 375 436
2 15 53 81 139 169 197 244 252 353 403 420 443
16 40 49 89 182 220 227 236 257 272 307 406 479
0 8 9 52 70 84 88 159 261 367 439 441 478
24 26 32 65 82 87 122 257 270 301 331 338 406
5 145 168 170 171 197 199 214 267 353 371 405 444
96 103 124 155 172 216 218 254 318 404 410 451 466
54 59 95 104 112 143 151 154 170 172 318 325 405
16 46 71 149 191 231 243 247 303 370 416 455 480
41 85 86 90 153 217 255 311 316 341 344 446 456
25 72 113 117 132 161 191 213 233 253 337 405 467
3 38 49 83 89 308 330 334 381 445 453 455 458
0 2 9 21 96 135 171 439 465 469 474 476 493
4 87 133 135 169 199 218 252 274 287 354 435 498
5 30 122 160 241 244 265 267 321 410 429 438 453
41 68 85 96 97 100 115 179 259 301 347 391 414
13 22 30 47 61 81 164 212 247 311 317 385 446
12 61 86 123 176 240 265 308 318 335 359 378 382
111 134 167 219 266 285 320 327 346 357 368 380 409
3 62 67 115 127 201 214 251 288 295 353 380 449
14 50 62 98 127 168 213 229 327 328 341 366 421
46 59 67 114 132 236 318 328 354 398 423 444 445
2 107 136 172 174 215 235 241 247 271 380 455 494
51 66 100 212 227 235 302 308 324 385 409 464 479
7 45 64 87 116 137 160 191 272 275 313 348 423
80 104 155 161 165 206 225 276 282 333 376 410 412
53 135 168 177 187 212 254 323 330 341 370 381 402
70 110 120 129 212 237 266 268 292 333 432 454 486
63 126 149 187 217 231 295 339 402 403 414 462 472
60 115 121 135 190 295 344 400 402 403 432 477 491
5 24 72 91 149 155 218 311 335 395 400 412 434
20 27 62 76 95 100 115 214 287 385 469 490 493
45 67 128 130 149 204 210 267 272 341 400 401 443
0 60 74 135 163 188 223 260 329 350 386 404 491
23 31 116 118 156 180 209 298 323 344 355 431 490
57 101 168 188 205 215 265 279 341 375 431 467 473
7 10 23 50 84 146 175 204 208 281 322 331 378
21 112 124 168 180 223 253 261 272 296 323 399 418
52 76 99 124 152 172 179 200 220 316 369 393 437
21 69 110 125 153 173 195 275 282 309 399 470 493
24 121 134 138 163 194 257 353 402 428 451 472 477
20 33 150 331 343 357 372 382 383 384 431 440 468
8 68 145 228 250 257 354 376 404 433 466 484 491
11 21 54 63 210 220 262 294 299 308 339 376 417
42 83 117 118 204 250 262 303 317 318 418 421 449
5 12 88 155 215 228 333 350 376 406 418 427 480
19 32 78 169 215 216 264 297 301 324 337 393 450
0 12 27 47 62 131 263 274 289 309 414 486 496
7 15 27 47 56 59 104 142 157 258 281 309 458
97 120 161 261 269 320 321 333 364 404 421 426 451
21 72 216 285 352 372 389 396 408 431 436 463 479
6 26 38 103 130 141 171 263 290 331 358 395 435
12 133 140 172 183 277 312 326 330 340 371 372 460
14 20 26 63 94 220 291 339 349 367 454 460 489
0 123 126 156 206 229 232 257 271 353 385 438 452
4 62 140 213 243 247 275 284 306 390 442 464 473
52 89 99 131 188 275 327 339 349 353 358 415 497
107 143 189 250 253 292 293 295 304 317 362 375 394
16 34 40 93 104 177 189 203 274 294 322 403 483
0 31 66 80 98 156 216 317 318 378 442 481 496
14 30 73 160 171 270 304 316 429 450 463 465 469
6 18 51 103 105 129 145 190 237 341 360 425 465
28 35 70 138 164 203 264 277 293 314 321 326 385
10 17 32 33 56 77 94 103 210 272 296 336 438 479
98 189 195 209 226 241 244 251 271 278 379 417 441 456
24 46 81 128 247 268 293 299 365 371 416 433 454 481
4 48 78 83 109 151 153 162 226 263 322 400 442 496
30 63 115 173 192 203 213 242 264 278 349 351 370 467
67 94 128 196 203 236 243 277 290 321 337 390 396 447
69 71 83 109 125 137 170 176 202 221 266 275 292 373
67 89 228 239 252 289 292 339 404 461 463 474 494 495
3 12 17 80 100 116 171 230 305 420 432 440 466 498
3 15 37 44 106 273 278 296 312 321 358 396 401 463
67 115 132 156 161 227 277 302 309 356 364 395 400 475
34 36 62 75 91 127 160 161 162 261 317 338 450 488
14 66 71 135 168 181 183 235 309 347 350 369 414 493
58 95 116 128 134 139 196 219 228 301 365 387 390 445
30 46 81 128 131 132 220 238 321 329 390 412 447 478
6 8 22 45 164 195 239 282 302 316 338 378 414 435
12 32 61 73 78 159 170 256 259 306 326 379 422 440
10 72 91 93 137 151 163 189 210 276 296 359 496 499
2 43 50 59 67 193 196 223 229 234 245 274 386 466
7 64 135 167 218 284 354 390 392 422 434 438 463 496
2 33 62 73 136 146 188 223 247 308 321 401 491 497
38 40 46 79 112 154 274 295 315 389 448 451 456 472
7 71 163 216 227 264 270 275 284 304 377 383 412 482
59 76 175 214 302 306 313 376 394 406 410 431 470 480
31 43 45 100 115 124 143 162 220 352 364 370 433 446
0 27 125 166 248 263 297 326 350 352 362 449 480 497
25 54 137 160 204 205 215 243 290 333 336 338 354 489
127 129 154 160 236 274 388 390 397 408 431 432 479 494
33 86 121 125 149 242 252 257 295 318 330 420 487 494
8 111 144 190 245 287 338 340 372 382 400 410 454 489
3 58 73 139 182 200 206 224 300 306 345 353 355 477
14 36 215 226 261 275 277 337 343 353 357 422 439 450
1 72 159 276 308 320 324 328 352 364 378 391 435 436
37 56 96 99 149 154 199 240 284 344 363 368 377 436
3 14 142 151 173 238 285 317 324 408 411 417 440 484
32 116 149 156 184 187 206 216 236 257 264 406 456 479
18 86 88 192 207 212 248 267 317 422 454 481 492 495
3 77 89 117 142 185 190 209 214 276 278 350 357 393
67 109 185 284 295 301 302 320 358 362 390 437 467 489
3 61 74 115 124 126 335 353 357 380 412 434 447 484
17 25 27 33 86 89 148 298 333 392 466 467 484 490
33 94 119 183 252 283 324 340 367 433 447 456 477 482
16 106 156 160 261 302 313 340 376 395 436 439 442 473
13 16 106 119 127 170 215 316 336 402 403 464 485 496
5 71 89 147 156 213 260 334 336 371 373 381 385 452
15 41 104 138 180 191 296 307 326 359 412 436 464 475
59 70 80 135 259 291 297 302 384 393 401 437 443 455
15 46 69 110 161 163 181 306 337 388 393 401 406 488
55 77 90 139 146 215 274 290 298 299 301 325 435 455
29 56 124 127 141 154 171 176 221 286 350 392 467 483
102 138 146 245 271 290 345 357 359 385 413 422 438 494
39 48 122 136 139 143 156 199 212 260 263 300 317 352
28 36 40 211 226 243 250 267 338 356 363 383 402 471
69 144 146 153 179 190 201 274 356 444 479 488 497 498
1 83 101 151 156 162 233 262 312 337 344 360 439 495
30 57 96 112 124 254 327 352 411 415 439 446 482 493
19 40 104 157 196 208 253 312 359 422 424 441 454 487
67 76 89 151 168 237 239 281 353 402 423 428 430 491
5 14 20 25 107 151 173 342 371 406 408 440 493 499
32 131 181 192 226 293 300 332 346 362 380 413 433 492
25 39 92 98 149 180 238 246 272 277 307 373 390 476
31 75 118 120 156 213 247 250 259 266 281 300 330 436
1 11 25 55 93 129 166 202 310 392 430 431 474 479
58 74 91 122 138 176 199 244 245 260 326 341 348 445
17 43 58 64 146 172 193 297 303 343 373 458 469 480
2 60 100 109 133 198 227 237 252 378 391 397 468 489
103 123 128 129 137 143 149 284 287 316 366 414 477 491
56 124 156 200 205 215 235 251 252 267 326 358 379 477
15 16 57 71 145 162 250 316 343 363 401 419 478 495
15 20 41 46 60 63 235 274 361 364 373 378 471 474
2 3 4 67 183 237 247 255 316 357 370 377 415 485
62 75 92 171 178 229 259 329 337 383 400 406 411 440
50 60 69 112 119 142 156 227 268 287 291 321 438 496
19 82 98 111 125 142 160 166 172 189 210 274 297 454
6 7 41 87 124 136 262 284 300 399 422 435 483 494
37 50 60 162 164 185 193 196 242 264 352 361 368 497
29 72 74 86 140 206 235 290 298 315 345 351 468 485
52 86 114 135 149 157 185 209 238 284 331 332 398 467
37 69 96 228 250 253 265 267 302 342 387 396 453 481
74 101 162 180 181 208 277 306 344 400 426 433 454 496
55 65 79 101 115 141 250 297 338 342 404 420 453 495
37 82 92 103 162 216 255 257 282 292 357 370 423 427
3 80 91 159 189 255 263 274 286 327 367 427 441 458
69 93 118 143 151 163 181 192 220 371 434 461 465 484
32 63 66 80 89 110 112 179 194 244 439 445 492 494
6 11 65 141 161 193 214 242 255 259 328 330 368 421
6 19 41 56 100 201 259 289 293 309 320 324 339 495
32 53 92 97 113 193 230 243 355 382 407 424 466 477
20 83 102 120 121 174 178 191 201 220 245 295 342 351
5 21 68 69 85 137 174 182 205 412 421 448 450 466
15 43 60 123 127 182 219 223 233 243 266 375 395 495
7 28 108 133 149 229 231 356 359 390 400 447 460 484
10 72 73 94 121 178 235 284 300 308 359 422 452 453
25 67 164 169 208 213 233 300 305 338 341 410 452 456
7 19 191 207 217 254 266 271 272 306 358 389 415 422
18 52 115 228 230 282 304 349 376 384 419 453 461 467
5 11 29 39 59 89 110 164 194 216 219 274 406 471
86 91 143 151 181 184 202 206 303 339 349 373 423 434
30 34 126 153 159 180 191 208 230 251 287 288 308 410
46 111 130 136 152 222 252 287 368 406 407 432 446 484
32 57 65 112 129 189 237 238 296 310 320 348 351 434 471
33 56 118 171 207 213 240 253 322 359 381 382 434 462 463
20 26 40 175 185 250 254 255 289 307 350 361 444 447 456
23 37 82 89 97 146 244 259 274 308 316 400 430 437 474
14 17 22 27 80 109 136 144 254 265 276 320 392 408 483
2 32 75 99 103 113 146 160 184 291 409 439 448 477 488
17 32 33 36 60 69 150 262 278 316 329 359 384 412 477
15 83 96 111 174 187 207 285 310 356 393 397 398 407 493
25 104 115 124 146 164 175 254 435 440 447 456 458 477 490
28 56 75 97 107 188 190 231 295 296 343 391 400 479 495
39 42 141 155 158 187 190 240 259 272 345 356 372 383 456
0 62 70 146 196 218 226 256 261 318 383 414 436 453 465
93 148 209 216 229 249 289 292 315 400 407 417 428 456 487
44 72 131 138 139 145 155 237 261 320 338 377 395 403 490
16 23 31 52 156 173 236 246 356 366 371 377 403 443 492
42 49 94 224 226 263 275 311 347 354 399 413 416 427 491
22 57 60 94 97 106 146 187 315 359 380 454 464 469 476
52 73 183 186 227 236 355 356 384 410 419 433 448 481 487
2 18 190 213 248 252 263 271 300 327 359 377 394 424 448
40 61 95 221 226 235 244 295 296 299 329 398 447 448 480
10 30 42 72 93 96 113 169 202 205 302 404 427 443 454
20 31 45 129 140 153 185 189 193 213 267 356 374 443 460
2 23 28 63 86 103 204 213 245 303 335 411 447 452 478
45 73 184 236 277 291 351 376 377 397 421 422 427 433 458
5 18 60 79 133 134 136 182 234 329 364 369 435 436 452
54 70 89 101 121 138 153 248 259 274 356 360 458 468 470
29 64 89 110 127 148 158 224 252 256 324 359 381 391 467
71 104 137 146 152 162 274 325 367 382 400 401 402 430 496
85 95 102 157 179 202 262 266 282 369 385 405 416 441 477
58 96 111 215 262 295 314 379 407 414 445 447 451 454 466
37 49 65 74 207 249 250 254 273 290 313 379 440 461 486
189 215 238 274 339 340 368 373 386 395 411 428 447 455 464
4 27 36 42 88 115 153 163 172 174 231 281 292 309 448
51 90 97 173 183 191 246 291 312 329 347 424 446 491 497
91 106 132 194 196 266 276 307 328 348 393 408 413 416 489
47 71 73 78 96 99 120 141 170 181 224 243 263 321 391
31 47 73 128 137 150 165 207 261 293 315 318 325 373 396
88 138 165 171 250 285 316 352 388 392 400 405 409 433 461
10 38 92 98 100 133 141 194 236 306 364 378 442 473 489
36 81 85 92 101 110 149 187 206 249 251 271 363 473 495
13 25 36 82 105 111 133 145 190 238 268 283 319 399 447
30 43 58 70 98 233 293 302 310 337 338 378 414 471 486
85 109 141 250 260 282 311 324 356 388 393 417 459 460 486
43 73 96 116 178 216 254 292 295 362 381 414 416 429 454
22 59 92 129 250 260 285 301 302 324 369 431 481 484 499
63 65 150 151 157 320 328 385 389 395 407 437 467 472 492
8 21 50 58 81 215 220 275 278 299 304 326 373 417 458
25 30 37 115 182 200 211 242 318 328 364 408 415 443 486
10 21 50 144 170 229 237 246 285 356 387 388 400 415 479
19 47 60 145 174 179 271 274 275 292 328 339 364 416 498
4 43 51 54 192 249 256 260 261 281 286 392 411 415 430
13 16 25 49 72 125 191 202 217 227 260 307 390 445 462
26 37 110 118 131 188 219 252 294 322 374 376 414 438 466
50 88 93 142 186 214 259 283 323 331 342 360 428 439 471
28 43 53 65 127 167 183 185 242 246 249 260 285 426 485
48 70 79 100 129 136 166 170 178 355 357 408 435 449 474
29 47 73 102 130 169 226 264 291 352 354 406 427 459 498
3 5 49 67 109 118 140 142 151 212 229 317 428 429 442
4 18 21 22 110 112 127 149 205 312 361 384 404 417 436
39 143 144 157 194 233 248 272 276 300 344 384 445 471 482
31 102 119 125 137 186 192 251 263 320 321 327 347 457 463
16 64 133 198 221 228 253 278 307 333 361 426 437 456 470
42 89 105 193 200 220 231 257 261 277 281 302 315 383 472
16 69 71 126 144 173 184 237 270 285 297 318 323 421 428
27 28 37 54 60 79 103 114 166 191 337 387 467 478 487
11 52 53 57 96 182 185 187 189 200 271 398 451 495 498
17 61 120 165 181 222 292 306 349 367 368 374 383 414 445
14 40 74 102 173 176 231 238 250 257 342 349 381 417 442
14 50 54 74 92 179 227 266 296 309 402 463 466 470 477
2 28 41 81 136 190 207 239 249 255 287 315 327 338 423
17 37 48 53 125 131 166 195 230 269 348 387 450 481 490
20 51 100 124 139 147 214 234 308 319 386 397 412 439 485
17 22 29 53 56 134 160 286 298 363 382 386 399 425 434
16 100 129 166 174 232 258 300 323 363 378 432 445 449 482
63 94 110 140 155 208 212 235 244 271 300 382 395 418 466
19 34 188 220 232 237 251 253 338 375 394 407 428 459 491
9 54 100 126 201 210 221 247 283 296 420 468 485 491 492
19 28 41 48 55 56 97 131 150 154 215 268 307 372 473
43 53 92 105 118 151 258 292 303 309 336 377 418 441 481
1 136 152 204 208 219 231 241 281 300 378 388 391 394 475
4 141 150 282 297 310 317 320 335 342 348 349 355 419 443
1 25 34 104 116 141 170 188 203 211 237 293 306 307 384
110 244 268 291 293 302 362 363 377 391 413 430 451 482 484
9 10 57 66 165 186 231 334 336 362 365 403 442 462 467
61 80 81 90 111 128 131 189 191 220 232 260 263 365 490
57 70 89 100 112 176 178 192 202 228 270 319 321 355 414
21 29 45 62 107 133 141 189 199 214 285 354 406 422 457
7 119 145 174 180 207 233 263 303 321 381 421 462 472 483
41 67 84 102 170 186 192 226 288 293 294 342 359 374 400
28 29 85 102 126 146 157 176 199 282 323 420 427 487 490
21 32 50 58 65 66 68 120 149 157 192 239 240 308 377
23 52 122 141 178 197 207 274 287 306 317 398 402 430 435
8 13 76 260 298 327 341 345 348 389 394 406 452 458 491
1 51 90 120 146 224 225 353 393 397 430 462 472 479 489
7 59 73 134 162 203 280 282 319 360 444 451 460 490 496
2 8 130 157 278 322 336 361 395 400 420 421 425 433 489
17 38 49 64 65 134 137 361 388 400 415 429 468 478 491
57 120 145 153 155 159 175 202 275 292 324 384 389 394 402
13 69 131 132 204 207 264 284 318 336 379 404 414 432 467
38 47 121 130 138 163 182 323 325 393 403 411 421 446 456
44 68 137 165 241 261 265 337 348 350 368 396 476 479 491 498
104 105 182 198 223 232 240 246 285 304 313 351 384 397 455 457
119 131 177 196 275 277 300 336 348 353 363 364 376 424 448 466
9 21 49 52 58 81 115 135 169 196 238 293 381 392 400 428
19 35 45 91 123 172 249 332 361 366 385 401 411 428 484 496
28 51 75 98 155 167 254 291 296 369 383 415 425 436 443 469
54 57 58 115 163 177 212 220 242 284 291 397 418 428 457 467
25 28 31 67 78 100 115 250 298 301 339 473 490 493 494 498
0 22 29 47 71 170 185 194 260 305 394 410 443 451 453 474
4 12 14 72 158 173 242 262 264 316 334 346 363 396 400 477
29 57 58 135 199 228 245 294 315 323 340 355 398 413 476 494
6 64 89 91 135 139 142 261 298 313 328 337 358 395 417 439
30 56 60 90 105 119 145 226 255 270 273 351 371 406 412 413
26 34 108 115 156 184 252 271 325 329 370 372 388 451 460 476
35 58 118 141 144 151 176 191 216 235 283 317 333 339 364 426
29 81 126 189 204 212 254 286 307 317 346 364 386 432 433 484
50 65 82 86 115 152 167 254 260 309 321 333 340 370 379 488
5 34 56 84 164 185 229 262 287 354 373 379 390 416 449 452
51 60 71 79 100 134 154 159 222 229 246 247 311 340 369 382
34 38 76 82 126 131 169 183 189 199 239 254 426 437 493 496
23 57 103 105 119 159 213 238 252 257 264 272 335 348 427 456
15 57 77 86 120 167 188 240 265 268 313 385 427 429 440 451
17 136 168 212 250 266 275 277 283 284 371 408 420 454 485 492
25 59 93 113 163 201 232 241 257 266 310 336 447 482 488 493
1 22 29 76 135 187 229 238 242 248 280 286 296 361 404 435
3 4 83 139 210 226 247 271 278 285 327 333 351 356 447 496
34 64 68 81 107 197 204 234 262 273 310 336 357 377 407 479
39 86 152 160 169 204 214 216 290 293 294 377 452 454 464 495
73 128 178 195 197 250 255 256 271 289 300 307 330 335 349 385
53 56 59 87 155 161 181 212 230 314 316 324 334 357 408 417
47 56 73 135 172 190 202 209 212 232 269 350 426 428 435 436
11 45 47 78 138 143 160 170 222 231 335 344 362 403 457 458
2 12 41 51 68 114 122 135 160 175 204 299 366 449 451 469
82 90 130 136 169 190 209 221 257 270 315 318 391 424 426 484
8 14 19 74 125 157 164 170 178 182 259 285 287 319 443 463
103 117 164 216 236 267 268 278 298 314 344 378 410 417 453 483
40 70 75 185 300 342 344 351 356 372 375 394 411 415 454 477
16 47 52 80 86 135 186 243 247 273 289 325 327 340 429 460
13 77 179 205 213 242 266 284 343 354 400 402 412 423 453 472
18 30 51 71 128 133 149 312 374 416 449 472 473 481 488 492
0 86 93 98 170 183 251 259 300 331 356 402 412 418 427 453
26 28 36 56 63 161 199 243 382 391 413 416 420 431 469 485
10 62 120 192 198 200 250 261 335 338 343 365 373 446 486 493
63 71 101 157 256 281 286 322 338 372 377 406 435 449 453 476
33 76 103 108 111 141 145 184 188 228 256 305 407 464 468 496
17 40 103 116 118 119 146 202 209 215 235 286 334 397 425 451
122 132 160 171 177 191 205 240 257 335 385 387 405 435 475 483
43 87 138 151 181 268 277 285 317 377 405 420 427 462 473 474
20 24 53 84 151 168 203 222 266 278 290 327 370 406 430 444
79 109 110 182 205 211 214 218 222 224 269 274 306 321 328 403
17 21 55 98 199 200 238 250 275 277 308 334 353 418 439 454
36 75 125 162 190 234 255 257 328 348 361 375 409 436 476 482
15 16 21 118 126 179 233 239 279 299 339 343 345 368 382 447
0 16 46 62 86 110 134 167 174 280 332 365 417 424 438 460
6 30 53 102 133 173 194 267 286 293 301 316 408 415 425 497
29 71 126 143 155 164 187 207 215 299 301 320 335 362 391 485
11 37 64 106 161 259 284 316 342 382 386 393 442 457 468 475
4 80 88 97 141 161 163 186 191 238 273 278 330 359 414 440
77 88 89 103 120 130 151 215 242 246 338 458 463 476 486 494
14 60 104 116 140 171 190 214 273 287 331 355 388 400 402 418
38 118 142 203 259 266 273 296 300 362 379 389 402 425 448 485
99 101 112 162 172 193 194 264 299 322 366 405 440 458 480 496
24 39 72 74 103 114 116 180 181 183 199 256 278 294 334 389
72 80 160 204 252 266 279 284 309 322 372 401 410 472 487 490
38 40 45 51 138 140 263 266 267 287 332 363 452 482 484 494
22 33 114 146 164 175 219 305 350 387 392 411 440 444 481 495
6 20 51 94 106 142 245 247 254 280 318 335 378 394 407 439
4 73 77 110 122 130 135 147 233 246 275 304 328 364 365 413
75 82 159 160 191 227 300 303 326 331 364 370 383 436 451 480
19 52 55 64 101 149 188 216 278 328 346 437 453 456 483 494
4 31 98 124 127 133 138 197 220 247 306 319 359 393 413 469
95 122 141 200 210 212 271 280 312 346 378 433 465 479 490 494
43 70 96 132 140 180 204 257 313 332 357 362 388 424 483 487
32 62 99 119 144 174 258 275 314 355 367 393 434 466 481 498
72 83 92 108 130 148 198 218 233 236 250 306 345 349 370 496
22 72 189 192 244 271 316 317 327 363 380 445 459 465 487 489
53 68 99 161 179 200 216 263 274 353 384 391 435 464 469 492
25 27 29 59 149 160 170 173 227 254 262 278 337 387 401 436
49 66 69 91 112 122 201 250 259 268 279 293 303 348 389 418
4 117 147 183 213 216 265 343 347 369 400 405 425 446 471 485
53 191 202 225 269 308 320 333 337 342 360 419 420 438 439 480
25 31 74 84 114 139 170 199 205 220 280 284 338 432 452 463
34 58 70 111 117 127 131 148 168 208 209 268 318 379 428 474
10 25 47 86 92 98 105 137 146 154 217 234 266 286 304 395
60 66 85 114 120 124 133 151 236 241 312 335 370 378 382 388
77 117 121 149 157 158 209 236 266 296 373 393 428 432 446 492
42 150 154 163 171 249 285 297 299 307 324 345 356 410 478 492
12 61 115 163 167 172 234 244 253 257 282 289 420 446 470 471
4 13 15 31 101 106 168 185 187 246 249 320 336 338 442 471
73 126 157 161 175 180 291 310 332 339 356 394 411 460 468 482
1 33 71 99 269 273 300 307 354 398 405 412 419 442 484 485
25 31 55 83 86 104 105 117 147 191 221 234 318 376 417 470
50 120 123 125 132 154 161 185 231 241 249 294 300 304 313 415
49 50 62 76 103 125 223 254 259 268 337 353 358 382 427 439
0 30 41 43 123 153 191 195 240 242 288 362 383 394 404 442
56 129 183 194 272 285 302 306 345 353 379 391 402 442 452 498
8 20 137 213 232 234 320 322 355 365 391 431 432 433 468 476
106 121 146 171 270 309 353 366 369 380 382 424 428 474 494 498
18 20 27 63 112 129 155 183 205 234 239 264 306 432 442 460
9 80 109 110 115 143 153 166 190 241 350 390 423 435 466 467
6 43 58 88 231 252 294 319 333 336 349 355 356 387 420 434 471
10 35 41 46 67 75 91 93 178 192 207 209 218 230 255 418 469
6 12 37 73 76 132 162 174 177 263 295 322 360 365 376 429 445
25 39 63 125 132 148 204 219 227 237 271 284 289 299 378 394 448
5 80 88 122 155 171 219 232 233 249 272 377 410 420 458 462 477
42 44 46 54 161 186 233 267 319 326 344 347 375 405 425 472 480
9 22 155 217 247 269 275 276 294 311 336 346 349 403 416 447 478
81 108 153 218 220 286 306 330 332 343 353 370 398 442 446 465 475
7 55 58 60 66 94 157 206 239 250 258 295 296 382 387 446 493
67 79 102 108 147 154 265 280 292 294 345 352 416 423 433 453 475
2 28 34 59 113 148 205 219 221 233 251 301 311 342 347 405 411
31 78 100 170 184 269 276 307 320 343 363 384 387 391 397 456 464
33 67 101 120 167 168 198 203 224 261 323 327 337 342 362 423 485
37 81 99 105 111 151 229 236 280 337 355 372 418 420 430 431 454
36 77 132 153 156 185 187 258 259 274 331 346 348 411 421 438 477
4 11 23 65 159 192 218 234 267 277 289 292 342 367 451 457 461
0 2 25 71 72 91 96 118 125 182 193 198 206 281 330 375 376
3 13 21 47 75 112 130 140 186 224 250 253 286 353 392 416 463
3 21 104 117 134 140 143 193 211 260 280 281 312 326 338 403 465
2 50 75 116 192 194 202 250 353 385 386 420 425 453 472 480 482
27 51 113 135 138 147 169 198 250 318 323 344 352 373 453 454 474
1 23 86 93 102 103 122 125 195 210 264 318 377 384 390 440 475
14 38 61 96 101 111 126 163 165 305 310 348 384 428 443 488 494
39 47 59 87 90 93 123 141 160 165 261 263 287 308 409 426 445
15 65 102 108 116 117 139 175 201 226 244 254 268 288 308 362 477
0 21 53 72 73 81 82 176 177 213 269 277 289 323 343 344 459
51 118 143 218 224 247 295 335 351 364 383 387 402 445 451 470 478
9 10 21 96 152 154 158 161 275 276 326 377 405 408 479 493 498
4 24 54 59 73 112 120 178 244 247 251 272 285 312 370 439 452
33 36 45 83 113 135 139 144 206 207 219 260 309 348 411 456 462
84 137 156 164 179 196 256 266 275 281 298 328 388 396 429 446 474
7 42 61 68 103 106 143 170 177 192 195 281 312 319 395 414 491
52 82 93 105 113 118 132 146 202 219 307 350 356 358 389 422 430
24 81 88 103 147 164 171 242 245 263 288 303 321 327 337 419 436
6 35 56 69 75 231 237 294 309 318 346 366 397 409 410 417 483
5 25 79 122 124 160 198 219 235 299 302 331 358 385 404 425 478
35 46 48 76 115 138 173 221 231 270 301 306 345 419 459 487 489
8 15 20 89 124 171 172 209 270 274 299 320 344 464 469 470 497
38 50 63 71 177 196 219 260 338 351 402 419 421 427 429 430 437
10 101 104 110 138 182 234 239 256 265 310 334 344 347 386 393 457
12 14 43 83 228 317 325 334 375 388 403 414 432 452 458 475 485
19 96 113 179 190 233 264 279 347 364 393 405 409 417 418 454 466
10 27 41 45 75 137 171 184 245 253 262 325 335 343 384 483 486
25 71 82 127 145 177 181 203 214 263 321 347 375 379 431 473 474
23 47 49 170 179 189 223 237 253 358 367 373 396 404 405 419 457
33 95 102 104 117 142 186 224 257 280 316 350 358 377 425 430 487
6 30 148 184 202 217 228 230 240 275 278 362 380 413 443 479 492
35 61 69 104 112 114 116 132 212 231 246 270 297 306 316 374 464
8 12 24 77 103 143 193 218 231 232 250 254 297 346 349 410 469
10 38 94 99 101 207 212 231 241 257 259 274 289 344 458 484 485
11 41 67 115 147 151 164 176 182 220 262 301 344 355 401 409 419
45 160 222 228 233 254 275 279 344 388 397 411 422 437 446 478 495
24 26 36 90 178 189 190 245 285 304 329 346 440 455 471 472 489
50 68 177 216 232 236 243 247 253 272 281 307 444 447 469 479 493
22 27 92 101 111 148 203 232 312 363 376 434 462 463 476 490 498
35 40 63 100 108 166 167 176 241 258 318 324 333 355 394 400 487
71 99 102 180 186 212 267 276 298 314 341 349 352 396 428 471 488
9 38 63 69 101 122 135 139 189 206 237 242 260 338 395 461 494
29 51 75 79 111 125 128 165 208 213 228 277 320 332 390 429 473
16 25 35 48 50 70 94 99 132 136 142 225 237 354 444 473 475
6 16 28 34 128 207 212 224 252 283 298 372 385 402 412 451 486
7 12 89 119 126 152 169 183 264 288 358 374 376 409 412 435 443
88 109 124 131 145 213 215 246 266 268 285 294 306 372 373 388 463
41 55 103 136 138 160 184 228 283 302 316 327 380 413 417 431 458
6 8 15 51 76 80 99 103 118 171 204 213 314 361 379 395 433
26 60 133 171 179 251 253 318 379 384 424 432 455 462 464 482 484
3 25 47 48 56 79 151 290 307 378 397 404 420 457 464 466 491
14 38 122 127 183 192 244 247 285 304 306 307 367 373 388 466 468
10 11 26 71 85 103 165 168 256 265 266 306 308 313 385 393 452
31 32 101 131 155 182 193 228 230 302 323 436 459 460 466 495 499
50 56 64 69 73 124 181 260 301 330 373 409 466 467 479 484 488
27 57 63 92 175 176 187 207 213 214 247 335 391 446 448 492 498
19 55 59 126 205 223 235 240 272 300 345 358 371 381 428 454 489
4 32 143 221 241 252 257 294 300 313 314 332 335 343 350 386 463
20 25 67 70 131 159 214 228 266 308 345 365 435 456 470 483 496
63 97 133 173 206 207 242 245 249 264 307 375 407 412 424 467 488
8 16 104 113 148 221 242 314 345 377 391 410 418 449 451 454 480
2 6 7 18 82 105 182 254 271 285 298 305 325 327 357 461 462
0 118 127 170 193 203 215 222 233 301 321 356 393 438 452 469 487
11 23 107 124 133 146 156 241 248 255 279 303 334 349 350 438 486
13 83 117 127 214 235 262 282 320 399 410 412 414 445 473 477 489
8 24 28 80 96 99 172 199 209 232 269 322 381 451 462 478 497
0 68 171 176 226 227 281 285 307 376 429 434 471 477 485 487 492
70 99 118 124 133 177 182 187 198 217 232 323 412 419 450 453 498
13 16 23 32 97 112 143 214 258 266 271 290 325 391 402 411 475
35 77 89 114 207 277 284 287 299 316 327 342 381 432 457 475 498
13 17 26 56 60 119 135 138 165 181 204 221 300 337 357 361 432
109 118 135 228 230 242 255 257 310 316 342 403 414 439 459 481 495
84 98 112 164 183 257 266 285 326 347 360 373 374 390 414 483 486
20 63 105 131 136 184 207 219 304 350 356 369 380 390 409 455 456
1 3 52 74 97 102 176 218 243 307 316 370 422 432 446 495 499
22 46 63 65 67 138 154 183 217 223 247 275 304 338 385 416 482
10 21 40 59 80 90 114 120 163 167 211 273 333 344 345 367 489
4 49 61 66 72 73 125 219 236 284 291 309 338 413 424 430 469
29 61 73 109 126 179 357 395 418 440 449 456 459 470 481 485 488
31 72 116 151 174 209 218 302 310 311 355 388 396 405 416 421 477
2 44 129 141 143 171 206 249 254 257 262 297 354 386 420 424 472
11 29 105 123 152 159 194 229 246 270 330 347 423 439 453 466 470
2 9 60 61 118 121 169 231 235 241 266 278 309 351 404 431 490
86 175 214 256 294 305 312 316 321 337 347 356 391 420 425 440 484
29 55 62 92 93 102 131 198 225 254 262 269 274 308 315 449 475 484
67 92 135 159 203 234 245 268 287 332 371 375 394 407 410 426 428 431
28 30 56 92 108 111 182 188 231 232 256 276 282 304 323 396 445 451
3 45 84 100 105 121 154 156 206 214 252 299 304 317 373 417 418 430
30 31 36 47 60 69 90 107 114 203 229 244 274 286 331 338 355 396
7 51 66 72 73 74 80 82 149 198 200 205 225 259 301 355 360 403
7 21 83 151 155 206 240 247 329 332 343 379 405 420 436 452 462 483
34 63 119 147 176 196 211 218 245 384 401 405 425 440 456 462 487 495
5 19 51 74 79 84 91 130 192 199 205 222 284 386 423 464 470 480
26 81 93 98 117 130 181 195 234 258 262 295 314 375 404 471 476 480
16 84 86 219 221 233 276 330 334 348 371 390 431 443 470 487 488 492
8 25 46 79 157 174 229 230 260 322 393 417 429 439 460 464 489 492
12 33 49 60 109 159 180 245 288 319 331 361 375 384 399 447 465 472
55 134 160 161 170 173 199 203 205 270 284 292 297 327 331 365 435 488
17 26 27 40 53 72 123 127 163 188 260 279 298 319 368 373 436 486
10 93 95 101 130 192 199 210 309 321 333 404 407 417 449 478 483 493
7 10 53 125 142 189 211 239 247 263 333 337 352 392 405 423 459 463
17 42 48 67 72 78 172 175 191 210 233 246 258 264 294 299 470 486
115 170 192 207 209 253 254 279 324 347 366 372 383 440 444 458 490 496
8 26 28 56 80 110 157 268 289 318 340 351 369 376 392 408 432 473
17 48 67 93 122 152 203 227 239 261 269 272 313 319 352 366 386 392
72 74 75 89 100 102 194 251 289 341 359 384 394 405 412 425 470 479
9 24 105 122 133 135 182 194 288 307 329 342 394 425 430 435 449 472
12 22 47 56 138 159 164 187 209 248 249 250 318 322 402 423 434 499
40 85 89 94 141 175 187 209 221 237 256 279 282 324 329 369 390 418
18 29 30 44 65 68 171 182 194 233 237 253 266 309 317 346 349 377
7 11 31 48 71 90 117 126 127 184 197 321 343 393 408 439 446 450
4 49 57 90 100 144 171 192 204 273 301 344 368 380 387 430 490 499
32 50 65 78 82 147 151 248 251 292 372 382 395 405 438 446 465 496
16 111 122 166 178 193 246 309 332 339 345 353 416 426 455 483 485 486
8 61 72 81 107 144 178 249 270 299 305 369 431 454 470 474 480 490
37 73 78 86 104 105 116 124 160 205 240 327 334 345 434 465 471 486
60 95 110 168 182 213 276 293 296 327 333 367 370 374 434 440 461 498
5 21 42 106 126 155 171 197 243 279 321 332 335 367 368 412 426 482
56 84 89 106 124 162 213 266 278 345 371 377 399 404 416 493 495 499
9 53 57 86 136 137 151 180 204 235 268 371 402 414 422 429 458 479
8 27 88 113 114 118 122 134 149 172 183 206 313 331 369 375 394 409
51 54 142 149 151 156 157 184 214 245 262 298 315 328 360 374 391 471
4 13 56 64 99 104 106 149 162 240 287 302 306 332 363 406 436 438
22 47 52 74 78 115 199 210 214 216 226 227 272 343 348 363 443 492
17 86 164 168 200 206 229 247 287 292 319 320 352 396 414 417 430 454
21 26 102 114 125 172 187 248 300 302 323 338 340 359 363 385 399 425
14 32 33 49 77 101 151 217 252 263 281 310 326 343 383 428 470 493
30 38 67 96 120 122 123 132 185 229 267 307 308 413 419 441 452 478
72 125 148 178 179 202 222 257 259 270 338 384 415 423 441 445 458 480
52 53 58 71 75 86 107 153 188 233 239 352 366 388 409 425 455 481
27 112 116 147 148 166 175 177 218 273 276 287 297 298 387 409 425 478
55 78 95 166 185 192 276 281 290 306 310 331 333 351 361 386 396 495
6 11 44 104 115 163 176 177 221 234 248 260 287 296 323 330 390 398
17 67 95 112 114 122 174 207 213 226 235 269 286 292 309 385 423 437
37 56 164 208 260 274 298 314 315 326 364 405 411 418 429 438 469 494
92 123 147 160 176 213 254 273 312 314 329 330 338 363 403 457 459 471
35 70 96 99 124 169 200 229 234 255 269 321 431 452 455 488 489 494
37 42 58 59 67 99 158 164 167 213 227 255 267 280 425 433 456 477
0 36 51 58 123 135 143 150 192 230 286 324 363 403 415 451 473 475
1 45 61 78 92 159 183 184 221 224 253 260 330 345 405 439 480 495
37 39 58 101 133 139 140 186 201 242 265 283 325 327 346 360 423 450
41 51 65 106 121 137 140 160 169 187 188 218 250 277 299 334 386 435
19 51 60 73 78 144 152 166 184 282 314 321 331 351 357 447 451 483
31 36 54 68 75 94 110 114 120 149 196 245 292 324 327 343 351 378
40 71 109 114 139 142 168 184 201 233 276 295 315 384 441 450 453 461
4 19 33 46 72 104 133 172 207 217 219 272 283 333 432 433 445 480
20 57 95 97 102 130 188 200 244 265 292 293 304 352 378 438 450 489
14 38 70 105 125 145 170 215 220 232 245 260 268 387 457 465 476 494
43 67 79 83 88 99 109 119 128 209 214 237 251 258 266 281 298 349
33 89 102 130 152 200 203 207 218 221 254 270 288 291 298 383 452 482
1 6 54 212 227 247 289 290 293 300 309 377 402 442 443 465 469 490
11 103 105 113 121 175 180 230 290 297 308 313 337 353 361 405 438 450
4 23 98 138 187 190 267 297 305 312 332 334 347 407 422 433 478 494
14 65 83 91 185 257 268 305 323 353 375 387 405 435 454 464 485 499
4 39 76 77 82 89 113 126 154 189 202 274 285 303 349 404 445 481
28 58 60 81 94 110 129 135 151 238 243 297 311 328 342 372 382 469
37 104 117 161 217 299 304 324 329 343 347 361 372 389 390 415 435 498
2 10 14 33 57 65 66 122 147 170 233 250 264 296 357 366 378 405
107 139 180 216 250 258 266 291 305 310 349 360 410 411 446 448 458 483
21 40 45 77 104 124 168 169 195 210 231 257 316 336 387 391 415 417
15 17 52 77 87 114 123 130 148 175 190 207 216 282 394 418 429 454
68 119 139 144 159 170 177 179 183 186 227 237 293 311 335 338 378 389
13 51 102 143 154 218 219 232 236 317 340 362 397 419 420 437 490 494
8 15 142 159 168 176 221 317 344 345 346 371 388 435 445 449 472 492
1 12 13 24 33 56 66 108 111 167 182 271 313 322 350 370 396 398 460
53 64 66 142 180 202 215 223 247 260 322 338 368 378 409 412 440 487 493
3 9 81 112 115 132 149 152 177 240 247 256 266 290 308 372 381 403 417
2 17 36 84 88 96 159 194 198 258 301 348 384 386 409 429 446 463 489
125 149 152 153 180 229 230 248 267 279 283 331 357 423 424 444 454 465 487
23 26 30 66 73 80 93 111 153 316 317 327 355 391 392 410 422 441 455
4 5 138 142 167 210 223 259 263 286 316 350 355 357 372 380 464 468 486
105 126 127 135 156 173 295 297 327 355 358 373 377 392 412 425 428 458 478
45 86 90 112 134 164 224 225 245 311 316 357 389 425 434 456 461 476 483
6 26 83 116 120 135 200 207 213 263 272 329 372 374 380 389 406 433 482
23 95 118 137 164 172 174 196 200 252 290 318 324 330 360 389 396 411 451
9 35 37 50 51 164 172 174 213 218 223 358 400 417 460 476 480 493 497
12 41 62 112 114 129 155 163 190 208 253 280 325 340 346 414 432 449 458
48 53 59 90 137 156 160 219 257 294 320 345 353 401 414 468 472 482 496
64 70 110 129 174 182 196 203 249 273 304 312 333 349 368 382 427 445 470
6 52 65 93 98 137 190 191 208 224 267 268 283 344 345 373 392 433 492
19 35 46 48 97 105 113 219 227 242 247 251 255 275 302 342 379 380 486
50 56 68 75 86 95 96 147 190 224 251 285 300 305 313 347 422 433 437
32 49 81 90 110 111 119 124 160 175 197 212 258 370 371 420 454 458 495
20 75 80 136 199 234 264 313 325 331 337 390 403 449 454 458 477 487 496
30 31 115 129 176 181 216 220 223 228 249 324 355 373 422 435 450 488 494
14 66 143 147 183 186 204 227 252 255 267 325 374 437 448 464 471 473 497
58 153 159 170 178 208 259 277 305 312 383 431 437 458 459 463 476 486 491
2 4 12 35 47 75 81 92 95 116 119 152 216 242 329 353 366 401 407
31 43 72 78 90 121 165 177 183 227 230 231 238 247 260 276 375 410 426
46 47 50 112 142 154 163 168 217 272 327 334 336 358 362 369 372 421 436
6 21 22 48 52 89 142 209 263 276 282 303 308 348 402 418 465 477 483
8 11 50 53 84 89 161 164 167 169 242 243 263 283 329 362 433 451 466
3 20 37 92 137 144 172 191 199 208 209 247 268 346 355 369 468 474 479
65 88 100 132 158 170 179 189 198 204 270 272 306 325 391 404 474 476 493
22 34 40 47 68 107 127 185 191 309 310 334 396 402 445 454 476 480 495
5 17 25 46 73 107 140 146 148 203 236 257 294 338 355 401 434 443 444
14 34 70 171 206 281 286 288 297 333 347 349 375 376 386 407 414 432 469
7 146 152 238 243 291 340 347 358 362 373 398 442 444 448 486 490 492 493
8 9 10 21 23 28 40 42 50 70 72 81 101 151 205 207 245 260 304
4 34 71 118 120 148 231 237 264 268 272 300 301 316 318 331 411 432 452
25 27 56 60 66 110 111 127 167 205 266 277 284 308 316 329 482 490 492
3 42 52 75 101 116 126 156 222 242 266 318 325 327 361 372 380 420 493
30 46 61 65 79 85 119 133 202 215 268 316 329 332 363 384 446 470 493
3 28 44 99 121 123 159 213 217 225 246 278 282 294 299 332 333 423 437
12 52 75 128 168 207 212 223 227 236 252 310 397 447 454 459 460 468 497
1 21 86 121 123 168 173 177 196 266 273 278 338 339 362 414 423 444 453
8 10 105 111 115 150 175 198 207 233 246 310 337 352 373 431 459 460 464
16 24 34 47 68 74 77 94 145 229 232 257 277 365 373 405 465 470 492
23 72 75 81 101 110 121 193 200 233 257 274 292 298 345 356 361 437 444
3 33 102 113 122 138 143 224 231 246 251 269 298 302 347 361 394 397 485
25 36 68 113 121 126 169 170 177 183 217 256 305 318 365 414 434 442 454
14 48 50 57 119 173 181 215 222 246 248 268 275 286 365 471 472 482 483
13 31 66 91 123 125 134 221 247 258 317 324 330 332 395 401 446 459 486
35 61 78 97 98 120 143 158 160 204 270 279 289 320 324 325 354 382 452
31 79 87 106 150 160 178 223 245 267 358 371 396 397 431 443 468 477 499
14 36 88 132 135 156 159 165 167 176 231 267 287 292 307 336 439 467 470
19 44 56 59 113 128 143 209 239 254 263 297 299 322 342 361 362 398 458
15 72 88 129 257 265 269 270 311 321 338 341 359 361 396 434 462 487 496
35 57 66 117 130 160 184 195 227 234 256 275 336 340 369 414 433 481 488
8 21 39 62 82 87 125 145 147 173 180 188 210 236 244 289 306 377 471
40 44 48 59 133 175 181 196 201 245 272 329 340 366 376 378 410 454 458
113 115 131 159 206 218 224 265 277 302 329 395 408 418 438 451 457 471 483
4 36 67 85 108 122 155 162 169 216 256 267 357 360 374 378 396 452 494
6 22 91 102 172 175 196 217 276 310 313 322 323 341 348 370 448 479 484
7 24 30 35 52 55 58 78 207 229 262 268 314 349 354 382 412 419 476
30 56 76 84 101 105 128 161 199 201 246 252 262 289 331 387 412 413 461
5 67 90 101 112 133 156 179 228 231 259 260 299 317 395 436 437 448 477
7 14 26 35 61 87 100 166 210 217 305 318 348 382 383 401 429 451 472
16 41 57 117 159 194 223 295 328 333 350 359 370 381 383 397 400 426 491
24 46 61 76 84 95 104 135 195 209 211 250 260 276 338 344 352 411 480
18 19 38 140 143 222 231 268 295 303 308 348 358 364 408 410 416 491 496
37 61 81 106 140 148 154 257 272 287 290 293 309 312 348 398 424 441 475
12 26 42 44 51 63 145 216 222 242 245 276 300 321 345 356 405 436 454
17 40 80 108 141 162 189 205 239 253 257 296 353 358 359 366 455 456 473
15 64 74 139 141 195 203 240 251 262 276 297 300 303 338 345 391 412 431
11 31 40 54 105 121 144 170 188 224 229 245 256 278 285 339 360 382 467
10 29 61 69 96 108 120 181 186 236 257 292 301 306 326 336 353 366 466
6 23 52 93 100 144 146 240 252 260 281 357 366 383 388 401 404 440 443
27 54 75 99 143 153 155 191 209 227 255 286 306 386 407 439 453 472 481
14 26 57 75 83 115 148 180 253 255 263 321 425 438 446 457 473 475 486
33 72 95 98 115 169 177 243 247 254 272 303 316 337 352 376 380 445 475
4 20 22 59 64 94 102 105 112 160 162 174 228 246 310 329 332 376 432
2 27 29 42 70 73 82 109 177 189 213 238 278 293 327 333 397 427 471
28 63 82 190 202 238 287 288 309 329 401 433 434 436 448 457 461 474 498
67 81 135 165 203 263 298 300 321 343 359 363 364 388 395 403 404 433 441 484
8 13 59 60 88 89 123 166 183 239 287 299 311 364 382 407 413 445 462 467
12 37 43 58 80 88 132 183 247 286 290 306 343 347 356 363 367 376 411 488
14 28 38 68 119 188 193 228 285 293 315 341 385 392 437 450 456 469 490 493
21 28 32 87 127 130 167 191 236 266 286 298 325 329 332 359 362 405 440 468
58 71 175 176 191 227 250 251 268 309 314 334 337 359 372 400 417 432 444 463
32 43 50 93 135 142 143 153 185 231 253 282 319 362 375 382 420 433 481 495
6 29 35 47 52 72 99 172 188 207 208 247 279 326 367 418 423 424 461 479
13 35 58 94 145 146 150 177 257 271 282 297 309 311 325 332 357 382 400 450
41 94 128 160 164 185 188 238 247 305 335 394 415 432 433 435 448 452 481 486
0 22 54 65 88 95 98 112 117 184 187 229 303 344 395 398 419 423 479 493
5 22 34 41 83 88 159 171 203 209 223 260 336 337 367 380 396 431 458 490
30 56 83 97 123 153 186 190 207 272 284 318 355 368 419 439 451 455 478 494
6 7 9 19 26 43 53 82 132 238 242 292 299 335 341 345 362 365 425 493
19 58 72 101 105 107 120 137 150 174 231 267 284 287 294 304 328 466 470 480
19 63 68 85 95 121 148 158 160 166 180 192 222 245 253 369 388 419 482 490
4 13 21 53 71 88 108 117 213 307 319 322 333 342 376 410 426 433 457 488
9 46 53 94 95 97 164 247 253 262 270 318 339 356 366 370 386 388 403 490
17 61 149 154 177 191 195 201 227 233 270 304 324 328 388 405 432 466 477 499
19 27 36 83 116 166 178 181 242 262 280 300 306 359 398 402 451 480 490 495
8 28 38 56 99 105 129 155 240 259 317 324 325 348 388 403 453 459 474 489
10 44 53 77 91 92 135 199 213 260 292 300 302 306 329 396 454 472 495 499
16 50 96 119 126 130 155 186 191 210 247 248 266 267 278 320 337 376 423 481
46 51 61 109 111 133 148 155 175 176 209 219 283 334 342 354 365 381 391 400
14 46 55 82 135 160 178 227 233 243 260 279 310 330 340 400 411 415 445 450
69 117 137 162 174 181 200 206 235 320 323 370 376 417 421 431 455 456 474 498
45 110 130 150 157 170 195 197 242 288 309 311 316 323 353 354 357 360 425 450
2 14 45 48 52 83 98 102 115 140 147 222 326 355 363 368 389 428 431 497
8 23 104 216 228 231 278 334 383 388 397 424 439 456 464 483 485 492 498 499
3 16 65 124 126 141 158 166 234 251 358 365 369 371 392 400 423 439 462 485
6 8 29 41 70 106 141 192 195 196 232 234 236 248 301 317 406 467 487 493
2 34 41 42 59 64 133 186 204 215 249 262 272 299 301 336 386 425 486 494
49 51 85 89 95 107 166 183 216 228 229 306 327 329 388 406 418 444 445 471
6 31 35 39 46 116 151 154 177 190 198 211 244 277 294 316 344 376 415 451
22 46 50 51 97 155 159 168 177 186 220 268 331 398 405 411 453 460 461 483
13 26 144 159 163 168 180 211 237 250 253 270 345 402 409 410 416 465 486 493
21 37 40 45 82 146 204 216 245 246 248 275 279 361 382 387 443 470 473 491
1 9 20 85 87 102 108 131 142 150 163 196 255 257 258 314 326 363 381 427
5 56 61 65 123 143 145 149 150 168 187 225 299 304 336 340 351 414 461 475
106 118 120 154 156 162 180 185 204 224 264 274 284 289 295 305 368 385 412 488
15 51 52 80 124 188 230 234 247 260 273 309 322 367 401 414 431 443 489 498
7 40 77 96 97 105 117 127 157 175 217 228 236 354 368 371 421 437 464 481
29 45 86 133 149 153 156 200 202 238 239 242 275 295 403 418 421 464 466 480
65 70 97 133 172 180 186 194 306 325 358 372 388 416 418 438 453 458 460 485
27 64 110 119 124 155 160 190 279 280 289 349 352 397 430 444 447 464 467 496
31 63 91 97 100 125 161 162 199 200 216 226 239 258 335 408 423 460 468 492
3 23 66 91 93 148 153 157 207 208 209 213 289 304 325 329 379 410 443 496
21 107 110 139 189 202 216 233 316 322 334 348 356 374 385 388 396 405 464 466
29 52 62 115 139 148 159 183 186 199 228 270 360 370 425 450 465 472 476 477
1 19 31 104 121 155 173 222 236 245 257 261 298 299 302 309 401 402 479 497
21 25 71 81 87 129 139 157 191 202 228 247 301 330 344 421 422 452 470 471
4 104 107 133 160 167 183 207 236 239 248 264 291 305 307 395 402 464 475 482
13 80 105 132 142 160 164 170 184 203 228 259 280 328 350 430 434 448 454 496
19 21 41 54 58 88 119 126 179 205 226 279 301 353 406 421 426 430 465 497
45 101 112 119 128 152 181 185 189 196 239 244 245 247 251 294 308 317 446 474
25 54 148 158 206 220 250 290 302 303 308 312 320 323 340 356 366 391 448 487
113 140 149 152 157 207 209 224 235 239 243 244 261 265 267 301 334 359 406 419
33 50 60 84 112 185 206 213 214 222 252 270 314 353 366 393 395 441 472 474
12 101 115 121 178 180 197 224 251 312 355 361 392 400 403 417 433 450 466 492
41 52 99 101 112 164 200 202 225 267 310 366 397 403 419 472 476 482 488 498
17 21 28 58 71 115 171 181 187 206 217 242 256 270 316 318 337 395 403 456
23 60 65 73 151 182 218 236 237 238 240 241 251 266 269 306 316 343 394 419
63 70 78 79 89 90 92 96 118 143 175 230 246 247 249 255 363 442 453 465
56 92 95 111 116 154 157 173 210 242 264 283 305 327 340 424 428 445 478 479
16 30 51 77 85 145 178 183 191 192 195 235 253 284 287 324 329 338 345 498
8 9 62 70 139 154 184 187 192 226 235 236 304 349 364 391 456 466 481 497
39 63 94 123 148 197 212 237 276 311 315 332 355 370 427 429 445 453 475 492
50 54 57 64 104 107 147 198 204 250 293 376 399 404 413 424 428 453 488 492
1 31 43 61 156 167 180 196 216 227 236 254 299 313 352 410 435 452 454 456
24 33 44 73 91 116 126 163 166 172 214 283 352 362 403 415 429 453 472 477
37 70 119 121 161 177 214 264 317 328 363 367 372 374 394 403 416 430 470 493
22 23 98 154 165 176 182 192 224 230 240 258 268 322 431 434 455 466 487 497
12 18 86 115 133 139 166 210 216 263 275 277 305 336 342 360 367 425 431 445
28 58 82 102 184 214 234 250 264 272 285 312 353 398 412 416 427 428 447 457
13 16 25 83 112 135 139 180 194 218 250 257 275 309 353 370 408 416 458 473
20 22 27 29 51 77 109 223 258 261 304 310 343 350 368 370 379 385 440 452
29 66 71 72 139 149 162 224 232 270 287 309 339 346 360 371 394 395 422 465
2 4 30 89 118 213 214 235 237 284 291 294 326 334 360 362 381 430 437 442
47 67 104 113 159 165 166 175 268 290 327 348 372 404 428 443 451 470 488 491
6 9 27 31 32 45 99 136 152 210 228 236 243 264 272 295 312 435 467 479
