482 488
165 193
372 394
158 165
206 241
164 171
65 95
273 280
455 498
422 430
467 472
23 45
408 436
413 421
66 71
266 289
307 311
189 193
229 242
350 399
486 489
0 32
450 495
135 148
369 388
59 93
164 183
71 84
473 495
407 432
1 12
160 162
66 99
195 199
296 298
382 395
453 470
484 486
407 441
84 93
52 53
428 434
389 398
269 283
318 328
440 444
114 147
408 435
205 230
311 344
360 364
9 22
356 395
25 30
209 244
356 368
306 334
309 321
237 246
493 495
156 171
307 314
205 245
26 37
54 65
361 384
330 337
25 30
350 375
103 141
350 375
252 279
184 198
312 342
174 194
185 196
405 410
215 221
460 498
468 476
282 299
323 330
332 335
73 88
257 281
375 383
4 20
423 440
6 48
207 226
132 146
18 28
66 74
261 265
57 98
15 35
109 135
353 374
450 462
429 442
327 330
27 30
115 118
28 48
317 337
109 126
157 187
25 45
256 271
308 339
7 10
359 383
435 445
0 23
368 375
55 63
390 397
216 221
476 480
272 276
370 397
222 223
266 297
102 133
116 125
66 86
373 384
350 393
242 246
208 210
322 341
287 289
377 391
314 333
304 324
170 185
114 145
456 492
204 208
215 237
452 465
185 192
192 195
357 397
15 46
59 70
414 437
63 95
356 392
244 245
19 45
437 444
418 443
106 111
335 344
303 321
79 89
113 137
119 137
12 33
81 92
441 447
190 197
206 210
116 139
151 178
403 408
411 430
75 98
463 484
243 245
8 30
271 281
216 246
472 484
92 95
352 372
302 315
411 414
74 80
205 240
123 124
279 299
219 236
393 397
7 15
255 270
194 197
404 433
404 448
177 189
154 180
9 19
353 388
471 497
1 40
151 164
122 132
179 189
314 338
164 199
52 53
323 346
302 317
156 166
418 421
110 142
259 275
409 445
332 347
56 77
206 212
378 384
458 465
466 477
305 323
207 236
374 383
75 99
400 431
159 166
464 467
415 423
266 280
153 191
405 447
261 288
160 173
52 60
477 480
103 111
463 480
263 299
327 349
450 466
21 37
464 480
107 116
161 170
168 187
170 171
286 295
8 10
307 313
102 114
376 379
375 386
202 204
176 177
403 416
38 42
209 231
330 332
270 272
265 267
226 233
459 462
471 498
409 416
458 464
400 430
61 82
402 405
252 292
52 54
270 273
304 342
404 408
330 342
465 480
223 247
270 297
330 345
73 92
3 24
3 36
368 373
17 32
202 228
230 241
0 33
85 99
317 348
258 288
362 384
86 87
409 432
152 183
253 292
117 118
457 458
251 260
431 437
461 487
11 16
307 311
252 291
463 492
53 87
312 319
29 39 394
323 345 372
165 182 194
416 418 447
161 176 471
404 407 440
332 346 428
120 130 483
203 452 487
13 297 299
276 299 374
137 429 448
213 217 241
172 190 422
17 21 289
353 360 390
209 244 420
117 127 347
258 403 426
112 124 457
83 98 495
120 146 197
422 437 441
284 417 419
327 363 371
348 415 445
61 309 328
108 130 368
6 26 475
133 147 170
18 45 337
107 145 149
1 390 395
323 356 360
168 461 478
261 262 308
157 189 242
354 368 373
52 55 167
59 89 104
20 112 128
339 453 482
19 263 284
61 72 137
302 317 334
163 177 386
131 319 322
90 483 494
1 42 421
28 383 385
228 465 486
55 56 131
279 290 492
71 235 247
106 138 142
242 421 444
79 207 248
166 171 264
62 111 141
17 466 495
32 472 479
15 49 390
171 227 230
166 167 408
336 462 481
6 112 145
81 208 216
69 70 236
115 124 135
81 99 336
114 127 448
115 126 453
216 223 403
246 380 388
67 85 90
5 28 430
344 415 446
132 151 182
48 253 281
17 37 41
77 302 332
352 454 476
56 80 139
125 135 299
318 326 442
154 159 221
38 45 477
78 215 223
209 244 429
1 39 418
317 362 386
383 388 398
211 213 370
275 388 397
105 315 346
160 322 326
303 463 470
21 384 395
24 61 72
62 91 227
201 239 374
381 386 429
24 107 117
270 475 478
122 132 412
35 78 79
55 92 196
162 163 295
100 376 389
360 388 418
234 243 459
14 28 387
6 202 243
0 22 38
326 341 353
55 88 96
122 139 220
232 254 267
179 183 445
104 124 201
191 372 386
60 63 147
139 207 234
15 160 199
68 79 385
118 134 399
131 410 419
155 173 244
110 351 399
281 286 449
69 116 121
250 468 491
47 69 90
92 259 287
25 173 194
405 449 468
172 333 345
241 421 441
313 336 493
272 292 317
261 454 498
353 390 487
206 216 223
150 162 368
84 252 253
58 65 158
3 426 427
8 44 126
76 94 261
3 7 110
163 289 299
404 417 441
187 421 441
167 174 411
206 473 482
50 76 237
224 258 290
11 12 461
378 437 444
139 350 373
18 106 126
178 408 449
56 97 107
250 366 368
404 407 412
160 199 350
135 148 150
157 419 432
145 420 429
253 276 485
159 162 201
52 173 183
215 243 246
136 142 474
161 203 249
26 435 446
190 354 358
230 235 315
69 94 207
196 400 429
254 259 411
48 367 390
74 82 376
360 397 495
363 375 449
105 204 228
19 33 130
65 387 395
302 321 335
193 423 432
45 226 236
50 391 395
51 94 265
6 312 319
377 393 446
83 208 220
84 96 382
118 143 408
5 34 482
53 55 240
3 37 432
5 120 124
261 283 445
261 283 495
14 25 139
116 302 305
92 96 458
254 262 453
411 420 494
59 72 467
271 280 352
158 162 353
156 162 287
6 41 260
106 319 322
2 130 148
213 364 370
63 161 182
21 360 390
59 404 423
324 362 390
450 465 493
146 260 284
414 415 428
225 457 481
66 489 492
67 298 299
152 361 390
174 328 330
213 237 469
11 102 136
249 485 490
466 492 499
13 264 272
67 422 425
110 130 275
225 240 347
358 360 470
52 54 275
40 163 173
159 256 281
3 24 326
116 118 308
268 286 332
69 71 74
292 412 414
153 175 481
1 18 388
249 359 381
87 333 340
181 413 449
300 306 329
300 318 338
14 409 435
41 116 132
305 308 326
224 381 383
174 199 409
251 269 421
200 242 468
464 473 488
331 362 393
137 163 168
140 200 246
5 35 454
105 138 149
254 291 354
33 43 433
43 169 189
396 451 454
244 259 264
304 346 470
117 123 494
295 303 308
24 37 241
241 253 277
9 10 473
15 17 229
29 85 87
22 311 314
104 162 168
155 187 270
83 218 244
32 270 282
49 371 382
148 151 193
75 230 240
205 309 339
142 422 425
187 192 343
278 353 396
221 228 392
370 391 421
328 344 358
12 48 452
307 328 351
287 352 365
153 400 413
308 347 427
252 268 467
221 232 240 453
288 354 366 375
186 228 247 425
5 278 372 380
299 321 346 354
31 317 335 357
24 43 46 417
115 134 229 375
59 204 307 325
91 219 236 241
215 265 479 498
266 300 310 423
100 260 277 465
83 152 405 433
77 78 161 187
7 59 86 430
64 95 190 486
56 247 365 374
164 255 415 422
119 231 237 436
19 155 157 298
122 452 454 498
67 308 338 409
38 407 416 428
12 53 86 160
49 426 471 488
0 12 131 378
10 271 326 341
52 272 293 297
20 310 328 330
59 61 92 149
83 93 111 387
272 401 428 451
287 359 399 417
109 144 145 347
51 160 180 307
193 213 247 448
164 175 287 445
294 323 411 424
56 86 250 403
177 184 376 396
41 44 229 449
157 181 432 444
80 92 334 482
33 332 341 466
27 86 460 492
26 408 426 496
7 151 172 324
28 42 153 480
312 333 385 489
14 17 346 378
154 156 184 315
112 114 127 451
156 206 258 263
203 209 441 460
63 389 464 496
121 406 420 496
204 209 352 455
131 269 324 334
117 145 148 218
212 219 330 338
51 160 189 268
352 435 437 467
103 105 266 363
6 184 231 246
5 83 460 469
6 17 251 266
154 217 371 375
53 331 347 438
21 246 383 385
239 256 300 312
110 174 185 327
13 17 227 354
123 272 293 298
347 379 414 448
17 49 206 358
151 200 239 368
131 140 360 474
140 411 419 499
1 39 41 250
175 192 328 444
82 155 311 344
37 106 129 222
158 458 464 489
55 66 135 182
339 438 444 490
102 110 196 373
79 83 87 407
35 40 251 463
39 110 119 281
77 145 149 200
74 129 465 497
162 304 312 361
19 39 315 322
15 111 478 499
17 37 443 487
111 354 362 463
235 266 437 439
55 343 456 482
268 383 450 458
26 82 255 298
116 136 267 281
364 378 381 397
129 364 382 388
214 234 450 497
60 273 299 475
92 208 241 316
160 176 221 463
282 402 479 489
25 34 228 452
117 216 458 468
127 131 182 237
366 376 389 469
226 328 333 424
168 171 189 372
230 310 343 483
129 256 280 329
235 320 334 398
20 29 95 388
118 306 335 343
129 141 373 400
161 182 296 413
238 410 445 497
133 163 165 416
37 239 327 348
13 34 310 341
408 428 447 487
103 131 294 425
24 116 139 207
95 248 470 493
62 174 198 456
190 268 270 293
153 222 415 440
51 52 85 87
157 161 163 461
36 49 271 345
209 219 331 369
6 23 168 190
220 255 471 488
240 250 275 449
16 231 357 374
75 186 188 303
19 102 490 493
83 157 448 449
126 143 239 443
105 145 157 486
150 158 162 406
29 348 430 441
106 384 399 415
38 176 196 362
70 84 323 445
95 131 256 299
51 267 429 449
33 78 93 301
253 412 427 468
13 34 274 316
70 155 185 453
247 261 272 382
33 45 103 145
188 363 385 448
7 41 366 392
76 159 185 221
86 237 248 491
8 10 121 362
68 84 89 97
308 320 459 489
53 67 265 305
113 179 260 261
84 104 359 395
9 93 97 389
61 96 122 221
351 363 374 435
206 220 375 394
216 255 295 456
118 145 299 488
192 200 231 321
39 46 111 352
154 186 266 454
29 148 402 405
25 310 340 474
50 173 218 225
55 63 79 435
72 312 475 489
2 33 176 473
352 397 454 486
286 294 371 398
210 268 296 428
16 265 286 294
113 214 228 358
310 376 380 494
10 15 42 289
25 136 202 229
60 91 206 339
7 72 96 345
86 157 490 497
33 57 93 354
204 257 268 278
46 156 173 189
114 264 290 469
104 131 173 328
58 69 284 288 436
115 210 242 430 441
57 63 353 430 486
198 217 221 246 261
279 290 334 366 383
15 168 182 451 467
59 271 405 452 467
204 276 303 402 427
119 299 408 410 480
9 75 340 381 395
68 107 148 378 472
62 360 382 394 499
11 135 406 414 436
51 73 176 402 443
251 421 427 451 459
97 372 394 403 474
114 127 276 281 375
61 227 318 461 475
96 216 248 319 411
255 262 272 292 370
78 98 273 358 404
94 160 183 378 465
13 35 409 417 438
176 197 237 322 380
96 342 383 394 455
133 165 402 431 476
132 312 323 387 424
116 131 226 324 384
80 116 146 321 430
7 11 165 202 203
67 75 226 245 468
57 147 226 353 367
63 114 135 144 386
261 288 329 468 473
103 334 423 427 449
15 46 123 171 421
169 182 207 288 401
82 253 264 416 434
150 161 175 365 389
141 247 254 282 475
224 376 442 482 489
158 189 228 244 407
152 164 168 200 204
71 337 403 476 480
237 265 372 414 446
108 109 145 210 276
104 107 140 187 430
33 46 61 72 420
196 400 426 447 449
104 383 389 478 491
151 197 261 263 375
61 189 193 444 466
3 4 256 311 424
27 95 128 141 311
150 213 289 439 443
398 470 485 489 498
1 19 21 229 293
64 113 226 227 415
54 177 359 467 478
142 188 273 299 375
113 312 351 368 416
23 104 128 209 256
31 48 85 353 365
11 22 47 377 461
34 94 222 243 441
34 72 85 122 297
0 5 167 328 384
85 137 205 238 462
4 118 155 300 348
110 233 245 374 406
44 72 156 170 467
113 131 155 418 419
90 297 461 463 473
113 206 351 395 479
38 114 148 441 470
2 80 255 307 343
51 108 127 272 437
108 121 134 228 338
255 384 450 484 490
19 114 199 366 371
216 249 310 311 492
159 198 263 267 410
42 47 200 219 454
182 207 218 234 450
175 179 212 345 480
101 126 146 178 378
194 309 346 468 486
16 58 253 260 438
90 91 99 267 270
69 178 400 477 499
47 361 368 380 421
117 133 210 321 487
81 405 426 478 481
177 254 348 370 376
346 389 421 458 477
44 45 244 291 404
90 156 195 280 398
89 146 280 293 406
8 25 82 173 376
55 121 160 320 344
76 224 264 303 309
7 30 38 378 445
56 86 90 252 323
202 215 225 428 441
55 65 85 130 459
2 8 32 205 214
42 48 96 115 324
86 105 126 268 455
1 13 46 240 333
59 69 136 149 389
105 148 353 359 391
11 41 48 204 308
1 26 199 260 289
207 337 440 458 462
147 298 379 389 424
96 150 192 305 322
58 85 346 429 433
124 156 174 385 409
12 215 274 373 395
53 112 132 166 275
89 91 261 339 380
138 209 233 234 467
19 20 126 142 484
31 47 51 339 388
53 86 122 158 450
183 268 378 419 445
205 227 279 385 492
93 178 354 383 479
100 141 171 257 408
176 195 268 297 325
209 210 264 331 355
78 407 463 475 494
50 56 89 305 348
72 85 172 303 499
13 28 32 149 259
178 219 249 259 284
71 365 381 454 492
53 75 85 271 346
159 229 317 383 390
34 382 396 405 478
54 264 274 292 467
51 115 121 165 259
56 58 78 320 410
64 202 205 209 235
3 26 314 369 398
188 211 237 429 435
104 146 148 311 332
211 228 253 272 370
24 44 186 280 408
101 286 302 305 340
67 90 98 211 430
28 208 224 240 248
151 166 173 424 454
31 74 84 285 424
48 50 68 89 353
195 330 349 375 383
231 242 356 377 399
134 164 215 308 337
33 353 395 413 419
3 208 236 391 439
12 99 255 295 340
111 121 195 462 499
262 320 332 375 468
116 344 349 417 434
21 244 287 324 340
134 250 372 376 398
47 157 271 290 376
61 80 324 373 450
250 293 411 440 444
313 377 404 422 437
12 37 174 267 289
112 164 315 360 392
54 229 300 308 466
193 238 451 470 491
95 166 196 390 449
150 287 289 292 364
47 63 263 286 336
55 82 133 459 479
244 300 307 374 467
5 11 14 275 377
98 152 312 371 382
51 63 93 159 167
8 38 72 91 308
182 366 367 420 431
2 200 203 337 381
14 31 183 274 425
130 213 216 296 340
115 139 218 301 302
15 44 63 193 288
303 310 331 335 347
17 57 264 276 450
1 3 14 117 480
62 261 289 417 482
52 70 124 361 373
83 232 447 461 492
224 265 288 317 360
17 72 89 382 434
63 99 270 426 479
292 319 421 464 476
69 201 286 465 471
4 88 91 456 457 473
6 108 231 308 347 432
143 159 217 268 273 310
112 179 248 358 364 391
51 52 94 284 310 388
50 199 296 392 462 470
31 46 139 329 330 360
69 126 217 249 318 468
90 108 243 331 339 380
211 303 350 392 409 414
51 137 217 351 378 397
16 58 60 214 307 471
67 102 107 389 474 499
304 311 440 475 483 493
47 192 194 354 490 496
74 122 131 251 309 324
118 139 369 380 387 426
41 140 180 233 406 448
60 63 90 146 153 342
11 15 92 125 222 325
214 275 311 340 443 493
102 103 129 162 221 371
26 32 150 400 426 447
12 264 280 341 402 443
16 144 252 253 255 476
27 39 116 384 473 490
19 149 333 362 380 386
144 165 170 216 237 248
187 231 314 397 457 490
175 190 195 216 224 397
20 372 395 408 413 443
206 207 217 223 316 471
133 211 234 360 458 461
79 99 275 295 325 444
221 286 304 319 349 476
121 134 287 364 461 494
85 103 114 159 302 388
144 182 315 316 377 487
47 66 91 377 418 430
12 103 134 149 393 459
22 171 200 228 285 457
196 227 233 402 460 462
16 35 46 114 144 246
165 213 262 337 353 358
213 225 239 250 402 440
10 141 320 365 417 449
21 26 117 141 240 336
35 89 260 265 462 478
59 237 250 284 342 491
29 45 108 303 436 457
32 36 329 334 335 430
106 197 311 313 357 395
215 228 295 296 319 342
114 173 211 232 350 494
241 300 308 407 439 448
3 81 90 97 321 424
223 323 452 465 488 489
60 92 324 331 470 498
10 159 292 427 448 482
22 93 141 172 180 491
43 150 161 168 412 442
14 24 28 35 129 143
97 322 377 466 491 499
44 202 222 243 251 436
88 99 304 322 377 465
180 235 276 287 475 496
25 128 176 262 295 470
28 87 133 425 434 449
163 232 248 308 386 431
9 101 109 113 204 216
22 80 180 194 198 363
42 112 140 261 375 492
117 201 296 349 352 392
55 77 295 354 473 478
18 33 51 273 383 393
74 170 286 290 367 394
116 192 239 251 263 332
77 134 319 346 457 477
17 208 305 309 335 352
152 178 184 186 321 329
62 169 190 296 350 370
184 213 223 329 361 381
25 64 123 158 198 240
52 66 141 177 224 456
114 115 127 177 336 386
101 186 191 194 253 388
208 222 234 369 387 472
4 22 227 335 414 447
103 199 312 316 340 400
227 235 271 302 347 371
49 234 281 296 313 430
26 241 306 326 337 438
32 147 156 162 293 308
164 201 205 242 279 364
205 355 389 393 435 498
97 366 386 402 470 487
304 314 359 437 468 490
185 317 328 453 479 494
50 66 87 163 222 471
2 12 49 138 149 389
101 103 180 344 411 471
0 137 385 417 436 473
115 252 280 458 475 479
97 169 184 253 414 417
1 4 27 28 287 359
17 107 260 269 306 495
0 22 254 283 326 363
168 188 199 402 471 491
87 91 213 406 467 481
5 11 70 104 294 309
25 43 254 284 306 313
42 75 127 129 191 447
71 91 99 145 430 472
99 273 339 365 368 393
16 134 251 254 286 297
154 193 250 284 343 449
38 152 181 417 474 476
118 200 205 374 433 458
5 23 62 97 306 487
175 186 195 221 377 438
10 119 133 143 287 394
35 110 300 304 305 393
59 68 96 135 322 413
109 131 220 237 343 412
60 159 173 265 320 337
5 170 256 272 292 343
205 243 287 356 391 421
27 44 101 277 449 456
145 175 203 209 338 404
24 35 98 121 330 348
312 328 338 423 470 487
83 117 264 267 312 340
102 118 130 266 302 361
55 59 99 118 228 435
8 145 149 172 182 305
42 218 223 231 244 308
279 287 297 364 414 444
23 228 411 430 440 456
37 116 129 459 488 499
55 57 79 146 399 497
205 253 294 355 393 454
78 106 270 352 376 379
28 70 235 400 418 448
24 46 52 275 286 287
34 205 211 262 290 484
31 48 167 253 351 357 368
56 119 225 233 242 267 460
13 39 64 250 429 439 484
302 322 332 340 376 418 490
79 189 215 258 262 384 497
3 76 117 328 420 430 453
13 14 26 121 155 248 359
74 79 186 211 262 301 327
104 112 166 168 175 225 498
57 68 77 86 90 127 429
56 57 198 325 376 378 449
236 250 324 422 456 459 485
78 160 299 306 331 397 401
2 53 206 222 291 408 409
80 172 208 231 385 414 462
38 43 45 86 248 393 401
188 399 409 410 465 483 489
19 25 119 227 250 327 425
69 96 142 343 406 417 488
158 246 262 274 416 443 468
195 275 293 411 425 457 459
89 229 231 280 332 381 399
30 103 117 130 324 403 471
2 197 270 367 384 443 473
15 59 78 171 179 229 267
179 211 229 230 237 239 250
94 187 321 323 335 337 409
52 126 197 255 259 370 388
16 35 37 80 254 278 294
135 185 299 331 431 443 447
37 142 268 291 299 432 456
41 52 55 61 96 360 385
83 239 248 268 324 459 485
42 136 277 388 391 401 454
21 108 123 126 374 446 488
89 188 205 267 293 351 460
34 36 250 258 282 393 424
112 123 141 155 294 359 468
37 88 96 315 317 367 391
40 112 247 249 318 448 470
30 55 211 232 352 461 464
73 102 206 213 236 334 476
41 67 113 124 127 176 235
19 170 348 406 453 482 491
8 33 148 373 383 427 468
177 178 190 276 395 396 492
108 144 198 254 358 432 489
23 64 166 387 389 395 474
77 210 229 287 347 457 476
1 66 111 169 243 256 277
20 21 167 200 202 220 477
9 54 120 149 329 335 440
66 175 278 283 306 313 391
75 103 134 210 235 476 479
8 133 178 310 419 457 496
10 29 31 86 255 288 293
205 207 279 291 343 440 456
10 18 211 246 248 268 426
6 73 131 133 213 285 489
88 105 178 327 357 374 488
17 57 304 332 471 486 495
13 105 114 283 294 423 452
19 39 40 47 83 315 358
72 84 124 197 220 273 425
21 126 176 240 316 332 389
121 225 237 250 252 412 430
24 219 223 268 415 443 491
181 187 250 285 378 433 497
24 53 91 226 241 324 461
27 157 319 453 455 492 497
86 104 201 216 255 288 404
13 53 54 73 246 279 323
5 56 72 87 180 261 407
54 55 70 83 206 339 426
106 145 149 150 185 188 415
1 131 140 312 396 401 419
143 267 270 287 314 321 408
7 9 106 127 145 211 397
37 86 214 355 361 444 446
5 57 83 119 273 363 498
16 26 50 188 216 309 329
37 80 185 333 357 399 471
1 123 234 241 246 476 495
69 127 133 218 234 245 479
23 139 163 222 306 308 315
275 363 435 436 437 465 485
69 157 292 385 388 452 475
32 61 102 291 385 388 464
16 32 215 276 295 304 370
135 189 234 237 316 318 489
83 200 223 313 361 386 466
111 233 261 291 292 347 447
32 42 163 254 278 445 465
13 103 123 377 379 422 446
173 177 358 360 431 458 490
20 118 124 243 260 303 389
20 56 76 161 297 495 496
7 66 111 117 147 148 444
21 41 186 276 294 330 382
8 56 78 87 97 148 408
55 136 154 181 194 261 281
125 128 147 285 313 318 372
43 83 255 297 373 486 492
88 104 223 242 352 363 376
5 139 211 221 322 467 468
44 179 207 405 462 464 492
52 70 163 250 322 402 432
160 174 175 186 193 271 421
21 107 112 190 262 285 397
10 33 110 132 240 340 492
251 269 293 296 297 401 486
30 37 110 237 314 325 369
121 309 317 329 330 432 450
8 52 223 268 352 355 377
0 229 239 242 289 340 477
13 92 362 375 391 395 483
325 328 335 356 360 381 391
33 41 152 217 244 297 396
14 49 119 121 343 382 485
48 188 238 252 341 457 467
41 43 116 174 245 386 413
152 168 356 369 373 374 390
10 283 363 372 403 426 435
3 43 272 290 299 305 489
20 69 178 301 328 329 483
57 60 260 305 383 399 435
143 155 198 219 403 408 431
71 203 367 368 379 388 419
44 233 293 327 366 367 368
59 123 181 213 437 453 477
37 54 113 133 137 149 229
18 103 160 178 197 375 411
42 50 219 314 317 402 414
12 82 202 395 418 427 461
180 193 258 355 369 379 387
58 95 180 293 309 358 411
69 113 122 180 199 377 384
114 136 278 351 392 422 496
8 29 141 155 226 278 351
81 103 107 112 382 436 488
44 158 165 199 270 282 392
92 163 206 281 382 414 422
97 346 370 405 423 434 476
55 91 152 268 378 399 421
33 281 288 306 336 419 487
14 27 132 200 318 343 439 448
43 102 105 187 201 243 280 449
11 158 255 296 400 405 406 449
249 298 391 392 405 432 461 493
54 354 387 393 398 413 429 438
106 175 288 325 332 348 392 411
316 332 352 366 405 408 436 459
11 198 208 210 229 231 247 389
36 114 154 161 176 287 334 410
26 43 53 170 231 274 278 391
30 78 94 149 233 234 335 437
91 163 233 240 264 292 349 410
19 136 162 203 413 417 445 472
107 201 202 213 219 286 390 395
104 145 302 330 347 348 381 390
125 149 203 249 335 336 362 409
217 226 233 360 376 399 461 474
123 161 216 248 292 321 358 376
7 15 24 45 119 182 201 361
49 108 142 146 169 258 358 478
13 106 136 200 249 272 283 295
38 78 84 169 182 244 381 486
11 33 38 49 72 88 347 454
92 167 173 217 363 387 392 425
63 78 122 289 313 345 414 457
120 193 256 324 336 338 364 485
35 38 84 111 288 316 341 353
116 122 126 182 388 457 470 477
143 149 206 208 214 271 308 313
15 188 220 292 306 317 325 432
247 267 305 337 386 459 483 496
21 149 152 204 259 452 461 480
117 120 136 231 283 317 323 435
142 169 257 259 345 369 400 424
61 163 169 184 355 414 464 482
16 169 235 248 287 389 408 420
42 159 326 460 463 465 469 477
48 57 80 98 142 225 244 429
76 92 98 129 171 173 194 401
24 26 40 81 94 128 385 415
110 316 370 418 420 421 441 489
45 52 72 250 259 364 479 494
57 84 87 137 216 295 353 498
22 39 95 120 254 356 363 412
86 147 197 278 292 294 459 461
155 270 309 327 377 388 455 474
43 178 213 224 225 292 365 400
91 121 188 192 280 374 459 493
4 128 138 143 264 402 415 493
10 52 62 189 206 352 365 420
44 72 253 263 272 281 369 470
59 109 180 228 265 367 378 387
6 57 119 230 231 240 352 461
112 158 228 234 318 405 426 459
2 28 123 152 165 184 395 464
35 107 314 321 324 423 436 461
1 5 112 247 332 424 435 442
47 57 108 280 295 439 440 489
101 151 183 216 231 331 372 417
60 101 133 134 176 334 377 493
16 73 95 163 264 341 344 455
33 40 122 183 233 264 285 422
53 79 84 267 287 389 392 433
113 161 210 305 343 422 429 487
83 87 194 413 419 425 442 483
205 217 245 266 295 312 335 337
3 14 18 75 131 161 453 462
58 67 77 95 105 212 223 225
127 204 347 392 428 438 452 475
50 104 116 212 241 276 487 491
74 89 192 199 246 348 363 406
109 272 331 337 360 397 428 461
73 76 240 312 333 457 459 490
2 22 56 189 301 311 366 413
87 158 197 216 270 298 319 425
46 152 202 245 264 312 327 465
18 90 92 170 260 269 367 463
9 11 44 152 213 235 370 477
42 83 200 237 362 363 379 480
169 177 197 282 303 330 405 446
32 149 160 165 184 269 428 487
28 246 270 307 326 327 431 454
66 70 92 113 241 298 305 380
74 88 150 203 206 230 331 470
67 107 123 158 198 232 300 321
126 191 337 359 363 409 460 477
62 71 272 286 309 326 396 431
45 110 155 168 379 416 419 445
193 264 314 340 359 361 377 423
138 147 158 230 237 328 350 364
55 151 181 224 395 412 418 452
19 51 223 237 350 389 404 467
223 289 364 406 409 461 487 493
90 133 136 184 213 267 393 441
57 179 183 184 191 197 296 348
37 82 164 187 213 242 428 482
59 104 280 335 350 366 369 394
197 198 221 281 366 384 460 469
15 98 182 257 307 323 348 400
34 59 178 270 287 350 457 468
47 51 167 171 178 252 407 496
163 194 230 316 331 357 358 436
95 101 109 136 164 364 389 447
78 84 199 216 229 266 319 498
107 111 148 211 310 356 357 393
8 33 182 217 354 368 467 474
7 113 260 426 433 438 440 465
32 147 224 227 233 358 387 492
26 187 219 355 399 467 471 479
147 258 409 410 425 443 465 491
27 90 97 267 269 326 427 440
19 45 88 148 196 198 324 416
99 139 147 265 284 295 346 383
51 67 141 351 355 398 418 433
48 93 134 137 225 278 316 448
51 189 190 235 355 408 414 434
48 61 150 154 159 195 372 472
177 309 329 376 386 392 459 488
18 132 214 269 277 308 456 464
21 105 115 171 176 190 447 458
4 88 123 128 163 232 351 495
191 210 267 329 337 410 426 444
11 62 65 71 188 293 356 391
37 53 208 221 241 400 456 476
223 301 313 333 381 382 427 481
159 204 228 349 394 413 466 473
29 129 215 258 263 272 393 486
75 173 197 235 356 364 430 452
154 162 177 182 275 279 327 351
9 157 191 237 366 395 426 489
21 53 76 172 185 310 395 400
59 83 147 188 326 361 393 425
13 56 66 214 280 302 444 458
47 64 97 174 177 217 406 456
85 149 176 199 292 455 467 476
124 191 276 309 312 368 444 478
22 59 89 163 355 418 421 438
60 68 215 284 359 360 451 457
21 37 60 71 82 256 343 486
101 130 140 213 316 338 383 439
35 40 102 104 209 403 449 460
2 32 149 345 356 383 460 474
57 114 262 281 317 350 358 484
29 37 95 352 394 404 439 455
7 44 78 124 188 192 380 399
61 76 149 171 175 225 450 452
154 176 205 224 239 274 322 498
39 54 69 90 302 407 410 448 486
29 80 92 151 164 272 275 337 362
62 83 135 178 227 303 354 373 379
43 99 105 148 183 256 317 437 499
25 106 128 153 171 209 407 412 491
49 122 160 198 242 243 314 354 454
111 123 160 210 367 381 417 421 455
33 54 195 221 305 347 348 422 426
23 35 39 91 99 220 228 489 496
28 37 69 110 184 229 238 353 475
24 25 28 69 155 361 413 419 499
5 106 122 191 195 335 349 426 433
42 58 66 75 88 96 134 143 438
140 185 206 231 243 245 448 450 471
51 176 188 316 317 359 408 449 460
26 59 118 216 217 272 336 396 431
66 82 152 153 200 204 298 316 461
3 7 32 158 266 398 428 473 497
74 130 159 210 280 340 375 483 488
1 11 78 141 146 190 191 303 440
42 154 156 163 182 187 362 483 499
94 172 229 230 300 331 361 389 390
32 74 90 157 164 170 374 399 496
26 99 194 254 277 311 336 400 410
31 42 109 118 124 137 242 450 495
20 41 72 75 99 103 155 452 494
14 35 71 210 212 262 294 370 414
128 138 144 161 176 182 222 296 362
60 86 137 285 304 319 329 440 452
1 6 67 160 242 243 252 338 487
100 148 150 255 291 341 382 432 469
62 97 146 171 227 236 239 301 433
4 18 25 144 182 200 276 437 443
0 43 187 326 379 459 470 483 498
32 102 186 314 401 450 465 482 483
41 58 162 260 261 296 301 418 462
94 115 128 145 264 293 352 353 492
5 206 217 342 368 387 403 410 477
90 104 111 131 153 165 180 282 342
132 248 259 331 408 431 470 495 498
78 100 131 133 155 256 371 452 459
4 54 60 70 86 99 128 177 225
189 204 261 296 298 335 404 415 443
82 132 134 176 187 256 407 448 484
20 49 88 134 137 175 260 494 499
72 115 129 339 345 393 455 462 474
5 73 98 113 265 300 313 388 476
14 49 133 146 182 244 374 397 412
8 80 90 177 237 261 270 436 465
58 66 166 214 259 316 406 475 487
24 147 241 244 260 274 275 320 414
83 95 118 181 202 291 319 429 474
258 307 325 331 339 406 412 446 485
8 44 59 164 176 270 354 461 498
147 176 196 303 348 367 399 447 485
80 185 192 267 316 318 417 420 462
47 109 217 310 318 335 383 468 487
10 21 31 47 342 380 476 480 499
17 47 167 189 196 371 373 452 460
8 97 102 124 189 246 318 370 392
60 258 259 260 273 347 413 435 482
55 83 126 132 226 317 478 496 499
55 240 283 295 370 429 435 443 474
33 92 102 127 140 218 301 337 367
57 84 133 144 302 303 330 337 422
116 119 199 204 216 308 336 361 449
12 40 66 87 95 192 217 314 360
34 41 44 81 84 265 309 345 410
17 88 156 248 327 362 401 427 430
185 197 204 225 264 266 287 324 492
92 114 215 225 237 238 282 314 319
120 135 159 168 196 379 398 424 439
14 22 32 42 52 75 289 349 447
101 126 134 186 258 272 316 333 456
1 5 181 302 323 381 416 436 457
38 50 75 81 145 148 270 329 357
33 127 151 201 253 272 424 469 496
47 103 105 111 334 364 367 393 473
244 253 337 355 360 362 375 379 488
24 89 173 238 377 395 471 480 490
50 61 72 95 207 273 295 357 388
116 139 161 175 181 309 328 472 478
12 29 53 102 125 142 162 350 414
4 8 27 81 177 258 435 471 477
1 13 36 118 153 194 271 318 463
3 76 176 222 254 297 357 372 446
74 109 199 243 280 344 401 457 467
53 71 80 96 152 308 328 430 499
19 121 274 275 301 311 322 339 367
103 127 169 211 214 227 355 361 420
12 23 29 34 49 96 99 405 461
172 177 182 192 245 253 327 362 444
45 47 102 209 257 349 360 394 456
12 22 74 108 110 268 465 479 492
71 85 108 155 221 246 318 337 352
59 106 145 188 198 285 298 373 408
11 14 30 34 94 98 199 256 382
1 43 81 105 238 254 336 338 434
63 125 169 185 193 286 355 437 479
18 67 99 103 194 280 291 325 429
23 103 109 117 145 161 246 385 402
70 93 314 360 361 384 458 482 489
51 174 207 236 333 356 460 480 491
167 211 255 280 333 379 393 436 442
31 40 219 232 249 259 332 393 462
99 220 245 301 307 329 413 453 474
100 127 153 154 164 293 420 482 486
31 266 296 377 386 393 443 472 498
27 30 54 91 95 155 302 326 333
4 10 65 83 109 221 283 340 476
22 26 62 73 223 287 291 480 484
0 108 115 135 276 287 327 437 473
16 79 128 269 281 320 365 387 483
24 61 71 150 154 266 274 369 469
14 125 130 298 318 334 391 443 490
16 59 119 179 315 330 337 371 392
29 90 246 336 382 420 430 481 497
116 133 198 214 309 360 437 469 490
55 76 131 203 292 378 446 455 461
65 107 112 131 183 279 301 332 335
4 85 115 122 124 129 185 303 399
37 61 65 84 111 281 284 477 485
15 39 52 61 70 76 144 159 408
30 63 64 227 278 290 401 416 421
61 163 192 201 257 264 278 457 470
175 180 229 238 266 275 342 392 399
60 203 240 259 314 324 329 393 417
55 66 71 119 163 334 430 445 449
2 4 145 256 327 328 329 378 472
27 90 93 211 225 245 309 362 456
47 62 117 202 217 343 435 473 488
43 186 322 325 327 400 434 444 473
29 207 248 256 307 313 366 442 446
13 14 24 28 60 147 172 279 490
4 79 142 177 188 197 208 335 389
4 21 80 82 104 266 273 350 496
29 79 155 157 159 263 311 332 338
41 87 88 110 215 304 340 383 407
50 109 163 198 271 282 294 339 389
1 6 35 96 199 204 290 461 491
115 194 209 292 395 435 436 442 445
25 75 79 93 307 318 327 340 407
7 15 18 84 148 275 321 403 445
76 174 179 188 213 261 300 471 495
203 264 270 281 342 379 405 433 434
115 149 236 248 347 388 398 411 416
32 48 135 233 312 386 389 451 471
73 76 82 165 243 255 314 421 497
60 126 209 242 248 255 298 312 346
150 178 219 278 285 301 312 316 352
44 68 82 135 229 260 352 430 466 483
89 177 190 240 264 266 278 337 385 493
40 118 120 203 301 313 330 339 352 383
21 44 45 107 108 312 315 326 454 498
8 35 55 91 146 214 253 304 364 484
78 110 201 305 342 351 455 456 463 476
3 37 202 242 322 324 344 360 455 499
10 21 148 169 184 205 237 265 426 456
51 143 169 221 243 369 374 393 428 471
31 73 166 197 199 305 355 398 419 445
44 79 136 143 253 273 331 356 378 379
18 21 97 184 196 203 256 312 391 413
67 238 323 332 350 367 396 464 494 497
56 201 276 277 301 311 338 342 373 441
10 128 189 361 364 414 439 459 480 488
147 163 192 362 367 392 398 420 432 458
52 132 159 189 192 256 300 317 338 406
103 120 121 249 305 324 399 411 413 480
67 77 174 217 285 288 304 337 354 420
33 79 149 232 236 328 424 454 486 496
7 81 92 170 178 199 312 402 417 491
20 144 150 270 280 306 309 403 430 443
133 175 219 257 281 282 303 390 410 474
30 60 65 83 102 324 444 474 481 494
12 33 35 70 139 222 228 338 378 430
20 120 236 278 292 297 299 314 328 496
43 134 142 157 193 225 241 242 268 304
49 165 174 184 186 207 233 378 398 450
40 136 141 208 215 283 347 360 385 489
10 42 69 90 158 159 262 266 369 467
3 22 47 197 263 278 291 331 333 453
58 185 210 211 235 291 311 363 387 465
189 310 330 358 371 392 399 406 436 477
8 32 35 142 186 216 296 308 323 333
37 135 203 205 354 369 426 428 461 482
2 5 24 26 29 64 142 258 268 489
7 40 98 223 302 342 415 446 457 463
15 47 108 118 165 205 376 455 479 498
13 15 32 166 280 325 327 374 444 450
28 98 120 143 164 183 187 261 383 451
49 71 78 122 124 186 218 454 475 493
15 17 29 183 295 308 366 390 462 463
18 98 109 179 208 286 324 345 411 424
29 214 237 273 299 319 349 370 391 413
3 20 96 173 213 215 247 281 481 490
145 176 196 206 221 330 342 363 421 427
8 17 52 59 79 80 168 208 363 479
12 83 97 136 193 194 337 341 345 413
50 67 202 265 271 281 312 367 441 450
116 187 277 296 305 361 455 475 485 498
44 126 224 237 340 359 367 376 389 499
16 95 240 329 332 342 388 409 473 496
66 113 117 247 255 322 333 344 347 425
19 93 103 247 373 384 388 392 394 452
51 93 129 212 277 310 372 380 476 497
32 41 66 71 88 139 155 246 322 357
8 28 112 138 142 224 243 304 371 395
26 32 86 145 153 251 267 280 453 498
116 122 131 145 256 280 375 480 493 499
106 165 173 205 274 351 359 366 465 467
24 52 81 99 136 137 152 180 343 458
102 106 111 140 225 254 313 350 361 446
20 46 108 111 162 206 230 236 425 428
100 105 197 228 253 313 339 393 433 453
0 87 173 185 341 375 401 442 481 499
32 92 141 200 205 223 232 320 341 481
82 100 108 146 199 226 277 319 337 419
74 125 128 131 310 327 400 446 456 468
97 118 209 248 302 307 310 332 375 455
144 194 206 244 307 341 343 451 459 489
42 183 193 207 228 283 318 321 351 383
7 8 41 69 125 255 258 284 315 445
13 27 82 145 191 209 258 344 421 425
0 64 65 113 225 237 282 295 378 478
40 138 216 268 269 283 293 369 418 422
118 163 164 219 230 267 337 392 423 449
34 72 73 120 165 265 392 451 498 499
11 18 62 118 222 229 254 256 290 323
121 136 143 153 184 214 234 321 413 495
2 14 82 106 125 146 274 360 372 424
75 190 199 205 223 246 285 328 477 487
56 124 264 298 323 390 413 438 459 465
97 100 118 151 182 205 211 229 293 382
28 219 230 241 274 302 311 372 443 473
22 33 76 87 136 140 351 440 458 481
65 164 198 323 328 347 412 431 445 493
44 81 142 210 220 233 332 383 470 497
60 81 155 157 242 258 268 343 464 467
104 148 159 168 193 259 261 263 347 472
93 95 196 200 210 231 284 294 351 434
3 84 115 200 242 281 338 347 356 433
45 89 90 100 132 224 403 471 482 496
106 136 173 237 251 289 315 337 386 387
8 43 49 229 261 285 364 381 440 454
178 250 276 290 330 368 376 384 444 465
0 133 138 186 288 381 382 407 435 490
61 64 205 247 270 289 328 330 429 491
75 243 267 312 318 319 339 368 383 474
74 140 159 211 229 240 274 352 396 477
117 128 283 329 358 367 382 413 442 447
105 124 128 148 175 265 277 380 472 477
37 209 218 305 342 393 416 423 430 471
46 179 232 236 323 332 416 437 453 464
4 7 162 188 234 257 295 414 444 498
21 74 98 158 204 206 226 389 416 432
56 66 261 263 269 362 367 413 433 453
48 78 171 223 239 313 356 393 443 491
6 49 68 76 211 220 227 334 399 451
176 188 198 231 265 399 424 426 439 475
162 193 213 277 282 322 327 357 445 467
19 112 196 252 254 266 272 379 448 498
23 206 316 319 348 390 395 418 438 497
14 57 59 118 132 166 320 353 412 449
15 38 86 92 172 189 190 379 390 410
85 165 169 325 340 412 426 434 455 494
1 87 128 153 160 208 238 342 459 468
17 47 51 75 86 138 155 159 285 347
11 31 35 37 156 161 295 318 358 386
64 96 111 148 180 262 301 347 363 373
2 129 172 246 262 280 290 298 353 446
66 95 98 167 201 241 282 323 365 366 438
197 222 236 240 276 319 320 329 452 461 471
19 35 43 95 154 305 325 339 354 361 438
68 73 118 137 155 192 271 412 417 420 472
13 19 61 160 202 249 290 336 383 480 487
81 276 319 325 344 406 411 435 454 465 467
56 57 61 123 176 196 228 391 427 449 464
7 66 144 175 206 316 317 320 386 400 466
42 76 82 134 169 192 218 276 337 355 472
50 51 75 195 209 221 261 267 340 422 471
84 109 183 233 247 289 321 327 386 419 493
2 40 125 176 196 224 318 355 361 459 493
8 96 101 219 232 237 243 282 334 484 486
12 42 177 216 223 231 234 238 309 387 409
31 76 78 92 259 285 384 395 408 438 491
13 45 104 130 159 205 240 259 331 426 486
23 26 68 102 146 155 175 256 406 431 474
60 106 108 119 193 260 265 292 311 414 489
15 23 161 214 226 230 292 407 421 454 459
106 158 283 321 349 382 419 424 427 449 461
67 91 115 201 265 274 355 376 384 445 499
13 69 75 94 108 281 311 355 363 436 477
16 48 69 260 293 296 302 316 334 336 343
88 129 147 189 196 258 333 376 381 401 467
10 25 32 57 73 89 111 146 161 181 468
30 31 100 130 140 201 255 282 297 310 364
72 74 75 148 157 186 234 333 345 403 447
80 102 165 175 307 327 342 377 384 391 413
44 64 85 170 175 239 306 314 342 409 447
34 62 87 167 190 191 266 345 371 443 488
76 101 111 120 155 196 234 244 259 298 486
62 115 197 276 297 338 371 373 405 427 459
10 123 192 196 206 216 304 439 484 487 496
0 12 64 77 91 196 287 297 362 376 445
178 215 219 229 289 325 326 330 349 362 427
10 128 156 161 222 278 296 297 314 411 470
9 18 119 171 200 244 247 332 361 392 409
47 120 148 220 227 262 400 432 435 487 489
26 150 155 211 217 241 303 333 341 352 395
28 39 52 61 124 405 415 464 481 488 491
1 52 53 68 70 101 128 141 185 201 494
81 83 102 278 303 326 337 375 395 417 457
35 75 83 144 245 252 318 392 462 464 467
165 204 237 249 305 412 428 445 465 472 497
13 22 56 92 174 188 210 357 360 408 480
28 262 284 294 339 360 410 424 426 469 491
100 136 179 261 288 312 333 337 413 414 461
52 163 194 219 249 272 292 351 428 476 484
54 73 78 99 100 164 165 226 229 233 418
59 87 106 110 217 240 246 349 408 414 492
19 135 169 198 258 327 376 401 412 423 433
3 50 85 94 148 159 218 257 380 451 460
21 92 108 134 170 209 267 308 329 371 393
0 62 93 172 200 243 288 320 414 490 499
44 81 169 207 225 230 317 326 328 424 450
127 133 145 213 288 312 353 383 399 427 497
67 70 80 81 175 267 316 333 340 356 397
42 68 98 117 165 192 255 258 271 300 342
24 98 148 213 256 297 299 320 388 437 498
26 46 69 109 143 150 179 203 249 413 496
10 50 125 165 197 211 260 303 351 388 431
22 51 71 187 189 210 253 310 335 432 471
30 68 286 298 341 345 351 370 472 473 479
118 122 143 162 163 184 190 225 325 327 356
36 124 128 195 233 390 462 472 474 488 495
67 71 100 107 133 209 262 317 325 396 487
13 30 46 47 50 112 160 187 307 455 499
101 188 253 268 282 294 339 430 432 460 485
0 45 100 105 122 126 143 252 285 316 470
3 38 99 229 266 363 386 400 403 453 465
34 71 166 301 316 337 360 389 449 467 477
5 9 53 64 124 149 155 163 315 342 423
28 38 56 87 91 107 157 164 309 325 402
58 115 127 194 212 237 271 330 355 394 399
53 56 77 82 89 148 149 192 206 254 495
102 110 143 162 174 188 267 299 302 348 449
49 77 167 191 252 282 292 296 394 442 473
4 9 37 57 237 258 338 409 425 486 493
77 88 91 104 160 217 304 365 375 392 438
155 199 231 265 293 300 307 363 429 484 490
7 65 82 251 262 265 350 381 415 462 473
2 61 93 113 186 226 243 378 379 404 498
4 8 39 110 216 260 358 364 400 489 495
60 61 112 114 209 229 245 273 405 414 442
73 118 119 122 162 295 322 359 381 408 465
43 63 87 104 320 339 342 389 399 476 484
7 31 83 105 177 180 349 360 433 468 470
51 104 125 173 210 238 294 339 351 404 472
104 109 129 216 260 268 306 334 394 441 493
2 57 105 332 366 368 410 419 436 479 482
73 90 134 256 305 307 367 409 471 476 499
20 155 200 246 302 320 342 344 354 370 454
35 37 132 254 296 314 323 438 453 455 499
55 164 198 225 262 308 337 389 401 443 469
65 99 124 126 165 185 304 387 418 424 496
7 16 69 84 223 226 302 390 403 474 496
33 83 100 139 157 286 386 447 463 494 495
167 200 207 233 240 390 459 468 474 481 489
30 39 200 201 298 337 394 414 417 425 434
9 38 52 61 67 181 274 391 406 480 489
35 43 190 192 226 292 312 380 417 422 467
135 157 240 256 284 299 335 401 439 462 485
56 68 143 163 236 299 315 324 365 401 486
7 38 165 202 216 231 235 248 249 353 395
14 15 49 65 133 139 167 193 204 379 477
0 45 49 91 281 290 352 466 483 489 493
37 72 90 98 211 360 381 399 431 457 478
55 58 76 179 189 328 335 344 351 385 484
36 63 98 204 226 240 245 255 257 281 405
50 77 83 84 100 130 230 280 317 417 495
18 37 65 180 193 195 248 269 270 274 445
140 149 312 331 369 373 378 392 394 402 436
145 175 203 248 253 303 330 346 424 441 471
80 84 91 100 115 233 249 264 368 457 465
47 59 78 110 141 214 242 402 408 423 438
4 21 85 195 303 314 353 411 426 444 480
23 45 100 104 149 166 224 246 287 336 438
50 133 162 208 217 267 364 429 447 467 489
65 106 113 152 227 228 336 378 393 452 491
11 115 161 185 252 372 381 403 412 435 437
14 76 90 100 108 130 181 241 317 416 430 467
4 29 30 31 39 101 102 137 186 220 337 475
20 188 255 261 306 309 324 332 357 384 388 398
6 168 211 231 294 297 345 378 428 482 495 496
52 75 124 175 186 209 251 282 283 292 334 485
17 95 114 149 161 185 197 308 330 408 475 485
46 128 152 165 224 259 398 400 411 430 431 438
35 116 267 312 365 366 404 445 448 449 474 499
62 65 140 181 183 192 202 225 293 304 424 496
25 38 95 100 110 128 143 232 302 306 320 481
60 62 114 173 193 250 303 336 440 467 489 496
15 37 83 163 177 233 247 310 401 410 421 498
38 69 85 116 131 148 191 197 299 304 380 394
112 129 139 142 247 311 316 351 375 379 398 477
47 111 164 245 314 354 355 390 416 441 445 481
75 176 180 188 259 286 300 333 341 345 409 462
42 54 67 125 190 242 282 291 352 395 407 436
20 44 247 248 310 332 336 451 462 471 472 493
13 68 144 160 254 263 265 271 293 314 367 463
26 29 64 79 177 194 227 281 286 344 367 427
5 58 94 99 156 171 281 385 393 401 418 498
75 80 93 99 109 114 118 131 132 377 394 450
8 35 58 59 61 118 137 158 226 231 376 415
3 21 59 99 299 302 355 381 383 384 386 470
80 157 173 192 210 235 253 350 371 383 460 494
32 60 84 95 140 229 339 345 372 388 394 447
98 102 126 224 277 288 297 323 372 408 419 471
14 93 234 235 262 272 282 293 318 323 390 391
7 32 77 93 120 141 182 198 254 255 464 489
90 95 171 316 331 341 379 385 405 429 435 451
42 62 201 216 301 304 334 398 414 441 480 484
65 74 111 118 120 159 196 222 279 402 427 436
28 45 46 85 104 243 261 306 329 356 393 394
3 8 61 66 72 165 175 188 272 290 359 405
1 170 228 232 247 326 369 401 408 417 470 487
23 102 135 138 159 167 228 248 427 463 486 496
23 77 160 218 259 267 312 352 375 449 454 474
161 172 174 214 256 293 304 319 344 374 459 477
37 40 150 174 278 357 377 404 419 425 479 484
28 78 135 169 224 264 270 322 358 381 395 495
5 124 172 202 297 301 310 312 313 381 385 422
54 77 86 111 127 140 158 191 196 227 234 476
15 80 100 108 115 191 209 350 398 457 458 468
40 69 94 105 111 113 133 167 204 245 246 415
33 47 60 86 160 173 234 258 276 327 405 431
31 58 83 93 131 141 190 245 277 373 448 465
24 37 60 123 168 179 193 262 304 327 368 458
9 34 45 173 176 212 270 315 327 328 329 360
69 121 125 141 150 279 325 342 405 485 488 494
48 189 204 209 266 289 323 329 369 402 408 478
197 238 251 269 275 289 296 336 363 442 464 494
9 28 107 123 124 197 225 227 242 297 406 481
36 63 66 71 82 133 138 188 207 292 388 456
62 75 87 118 166 201 210 266 272 482 483 487
83 145 157 198 207 223 231 382 398 412 424 442
161 172 214 220 236 241 340 391 434 449 452 462
89 108 134 175 227 314 330 337 341 371 417 437
11 66 95 142 144 190 202 225 300 341 451 498
26 42 75 138 147 156 171 179 187 201 423 430
17 29 35 46 161 194 238 280 295 324 343 397
43 57 64 71 95 109 112 185 383 395 401 417
8 18 105 120 287 310 337 351 389 404 460 481
10 11 115 126 180 326 359 363 374 435 442 457
15 119 156 159 213 282 315 384 414 441 464 486
14 16 24 73 95 119 129 180 320 356 360 462
64 73 133 159 160 161 188 243 264 270 284 452
37 81 153 199 283 311 330 353 361 388 409 424
32 77 155 178 181 308 333 370 381 393 452 479
12 15 48 137 169 187 236 256 287 333 459 479
190 191 200 212 243 248 291 316 357 360 407 477
26 31 56 63 68 87 188 198 307 354 367 412
93 108 112 142 191 261 264 388 398 401 488 491
3 39 136 149 233 242 243 252 314 355 418 498
7 12 29 39 44 124 176 220 287 304 326 439
25 122 140 283 301 304 313 314 390 414 455 476
13 38 43 134 168 195 203 208 220 328 394 476
41 48 60 84 113 160 172 191 192 391 464 483
4 60 75 135 241 287 292 296 307 352 363 454
1 53 69 72 117 120 202 369 421 453 456 474
42 62 100 165 167 254 281 322 325 374 392 466
27 92 95 129 153 217 352 364 423 446 488 496
75 141 150 213 217 272 317 321 399 452 459 465
52 106 112 124 166 246 282 297 399 400 405 482
52 76 137 193 281 296 307 318 382 437 468 497
59 104 136 235 237 243 255 293 310 312 323 494
10 47 85 138 183 197 252 347 418 461 479 499
93 95 100 119 230 312 360 394 419 441 460 467
12 91 139 152 163 186 309 315 334 419 433 475
72 188 191 197 216 242 292 308 410 435 439 441
63 77 109 170 173 189 283 346 360 485 496 499
0 76 256 315 320 328 385 386 460 489 493 499
3 18 23 135 226 241 313 355 362 412 474 493
24 191 222 234 249 337 364 394 417 473 496 498
60 155 173 205 240 256 261 399 459 464 480 486
22 51 100 178 222 233 344 348 379 420 432 492
6 86 123 133 154 346 367 411 432 445 460 468
44 141 148 164 193 212 228 253 277 375 407 408
8 12 19 62 77 111 198 213 406 420 439 495
46 91 144 170 185 273 277 319 331 337 393 499
26 64 164 193 213 278 316 339 363 429 469 475
51 60 188 253 303 306 341 429 437 457 460 485
14 65 186 192 228 241 246 308 314 327 416 491
16 54 91 98 106 143 159 174 213 273 459 489
12 19 24 41 43 139 163 355 360 376 397 411
25 30 32 35 99 117 166 290 298 308 353 381
5 48 55 65 100 141 163 185 213 264 360 379
12 35 48 68 116 123 159 270 287 305 317 434
14 46 65 88 100 226 232 249 318 404 472 497
19 28 101 134 187 212 222 240 271 302 345 403
3 21 23 25 31 32 74 271 286 337 453 490
26 30 86 111 149 179 246 253 319 427 434 454
17 80 104 150 167 192 199 235 265 375 397 438
32 254 271 272 276 281 294 295 301 311 487 496
56 199 255 284 288 290 361 366 403 417 425 491
11 22 82 106 231 254 278 360 362 378 428 447
48 65 68 83 119 218 294 350 359 363 374 489
20 109 166 175 185 201 252 262 345 352 375 459
0 27 164 173 185 187 248 264 280 301 337 401
28 112 117 146 191 255 275 306 358 414 440 445
12 78 86 188 255 352 373 405 410 414 429 450
65 71 114 132 258 307 335 355 412 416 417 442 496
43 55 57 62 74 94 107 152 236 240 285 369 437
134 175 187 201 259 314 332 343 392 410 433 450 454
70 175 209 231 249 306 332 347 395 407 432 464 483
7 52 74 81 210 227 242 279 280 292 325 349 401
58 118 129 137 138 185 220 288 441 465 467 481 482
67 99 163 198 206 213 242 260 272 318 336 338 462
15 62 86 87 120 225 241 249 307 326 351 453 454
66 92 95 157 210 242 244 259 306 325 326 441 481
8 26 47 93 117 151 167 195 243 262 377 406 447
63 68 82 98 163 212 233 236 241 322 394 443 486
44 55 73 74 108 171 245 261 264 282 341 382 394
2 77 125 129 205 232 283 293 298 314 432 440 487
12 55 62 161 201 265 267 339 359 376 386 388 420
42 91 108 118 147 208 220 253 268 296 307 318 425
77 87 176 254 266 292 301 338 366 377 416 449 471
31 32 48 78 90 100 150 247 327 332 384 402 439
6 9 18 70 82 104 226 259 304 306 321 359 375
9 15 46 79 106 138 178 179 183 215 279 321 362
10 23 26 70 133 137 144 220 255 348 408 463 485
12 33 79 94 124 137 214 230 264 297 358 410 467
30 58 61 63 90 180 247 256 310 315 375 388 487
53 65 89 95 128 174 177 266 280 354 396 451 462
30 34 106 122 129 156 241 258 321 388 444 473 477
30 81 85 98 156 174 184 236 266 347 455 463 467
28 38 44 181 252 272 318 328 390 436 448 460 483
19 20 165 170 189 221 235 287 320 352 390 395 414
160 164 175 206 212 290 317 401 411 429 435 443 495
16 109 117 132 153 158 203 216 294 336 389 481 487
14 29 101 109 116 178 187 374 388 390 410 451 479
70 114 122 145 149 150 240 244 293 318 339 346 462
48 61 76 108 119 207 230 274 279 284 300 326 334
29 66 130 182 187 223 302 321 325 334 382 398 409
108 180 199 277 285 328 394 397 403 425 430 458 465
0 32 73 118 162 175 222 246 297 306 391 456 466
43 80 91 202 219 267 296 308 327 331 375 474 489
25 163 301 307 308 314 320 339 367 393 428 430 444
17 37 69 90 101 108 141 191 267 278 312 317 335
21 27 37 164 186 187 271 275 327 381 428 433 475
22 106 133 162 166 176 197 245 268 313 347 361 394
141 171 198 239 283 286 349 367 369 413 422 439 483
9 10 29 55 92 115 158 228 248 280 389 468 484
8 49 80 102 109 313 338 339 404 413 447 474 485
6 14 21 46 124 146 204 273 300 332 342 383 487
11 26 36 116 145 223 269 327 424 428 453 458 462
11 30 36 53 75 77 159 191 198 225 310 369 477
23 69 137 183 295 299 304 308 351 385 401 428 489
23 83 175 196 301 313 318 387 401 403 410 473 479
32 40 80 89 162 202 257 267 344 362 412 433 461
46 101 204 211 216 230 241 248 249 278 350 355 466
10 53 76 87 90 204 286 308 353 406 409 429 499
37 106 117 163 241 252 313 410 427 429 446 472 490
26 31 36 47 68 111 116 176 186 228 302 428 463
19 38 67 128 160 181 233 276 345 424 431 465 475
94 165 172 186 198 217 227 249 307 437 443 446 448
2 7 15 17 46 145 182 196 213 237 259 288 375
64 97 118 134 196 250 326 385 393 394 417 427 476
1 16 21 79 107 182 198 204 259 298 299 481 494
36 72 93 94 101 113 172 293 309 344 345 482 493
6 44 236 258 271 282 328 360 373 378 382 473 477
63 66 100 135 139 153 155 177 178 232 245 444 466
3 86 89 132 177 194 264 283 295 331 351 381 488
36 82 83 91 147 182 245 289 332 337 396 452 458
24 51 64 104 106 126 180 329 361 394 413 414 418
27 126 135 214 265 322 360 394 401 420 426 444 475
65 70 140 200 217 249 260 271 272 333 340 398 443
2 14 64 67 70 84 109 137 272 426 428 456 473
6 43 157 174 191 195 196 201 203 357 409 432 495
4 19 103 118 141 173 183 270 304 317 361 378 479
73 133 134 180 193 242 257 284 372 418 438 479 495
17 168 193 197 234 249 282 321 426 438 458 479 491
33 40 54 59 60 74 82 98 161 276 314 360 486
11 41 111 191 195 216 315 320 321 324 348 414 493
29 74 146 242 243 372 396 415 417 419 447 466 468
53 59 107 139 142 146 147 180 192 309 315 336 461
107 114 159 194 226 250 273 326 344 392 406 484 493
31 77 97 226 229 237 249 265 298 320 330 385 414
7 19 24 102 142 156 164 205 218 272 397 407 411
7 116 132 148 162 224 249 355 393 430 446 449 474
25 34 75 90 109 128 165 192 389 413 428 439 492
5 86 101 125 171 189 242 253 276 290 366 411 430
106 127 167 206 218 233 241 259 287 290 366 405 478
104 110 197 216 223 259 274 298 369 431 452 453 469
16 84 189 246 283 332 339 348 386 400 407 409 449
6 40 82 84 86 99 330 366 373 401 454 479 497
0 75 77 150 170 192 199 265 284 363 382 459 476
17 18 50 86 176 178 233 260 266 284 317 332 361
8 86 95 159 168 186 196 267 382 398 475 478 485
3 12 31 32 44 196 198 218 285 307 377 416 418
117 119 174 219 249 285 290 355 361 369 431 444 479
28 29 83 187 196 223 230 253 262 286 287 352 377
106 115 163 255 261 339 376 402 426 440 473 489 498
84 93 147 152 197 209 215 252 276 295 372 393 413
52 111 113 122 158 235 256 426 436 442 455 489 494
2 22 105 112 141 196 219 241 344 364 388 456 494
38 68 127 218 232 239 297 354 401 428 435 443 484
54 82 150 155 216 230 245 269 284 326 351 371 487
72 89 101 126 127 144 169 176 205 279 408 426 476
115 118 133 273 302 320 329 360 380 387 448 453 467
12 30 46 152 173 204 207 236 258 293 360 397 489
0 41 56 57 117 123 129 132 183 220 439 485 490
8 22 31 56 68 183 227 234 292 379 389 442 495
65 73 102 121 126 251 271 276 302 372 421 457 479
23 35 94 137 193 206 236 297 366 373 393 440 477
27 79 91 146 205 209 239 256 267 361 417 431 437
44 61 100 117 131 182 193 199 268 360 387 407 421
69 121 152 180 202 255 327 340 342 372 394 427 440
6 14 39 66 169 229 332 363 367 375 391 445 483
6 64 157 180 194 294 301 319 326 335 360 383 402
92 103 106 135 159 202 224 231 293 388 396 482 499
8 49 125 130 156 158 235 239 309 317 383 403 435
54 119 189 192 246 266 284 308 350 391 431 443 495
75 104 117 170 205 292 308 355 358 368 399 413 456
15 103 124 190 275 315 330 381 383 403 464 475 494
20 62 138 151 157 183 248 262 274 300 307 389 395
29 59 61 155 156 201 237 273 326 412 452 486 495
6 36 133 140 143 284 326 377 389 402 414 462 463
86 170 243 313 316 348 366 368 412 464 476 477 486
21 22 31 70 96 102 155 246 261 273 276 441 455
1 23 181 185 191 212 252 296 305 310 344 393 453
8 40 87 151 171 211 235 337 341 343 366 371 412 414
8 9 52 154 187 193 217 281 283 296 328 342 414 437
47 58 127 152 164 213 222 224 273 316 360 365 438 447
60 70 115 127 149 186 196 200 212 222 232 369 404 425
6 17 130 131 234 279 284 296 376 379 397 403 477 483
84 160 209 232 235 259 267 274 307 313 360 397 406 407
55 72 73 102 138 183 191 235 240 297 326 413 418 470
11 104 125 213 214 221 232 311 314 327 337 469 471 494
41 52 111 133 158 188 193 215 239 250 277 389 452 459
8 120 185 197 216 284 301 336 356 358 392 466 478 489
31 58 238 245 286 336 375 388 390 393 450 467 468 482
9 26 109 116 169 190 191 284 311 323 341 401 432 434
81 118 147 214 253 260 263 282 315 369 370 463 480 491
143 145 218 262 276 302 313 368 393 420 427 431 432 445
1 19 85 113 171 186 263 269 275 278 331 431 444 449
42 46 70 83 239 322 324 333 345 361 363 385 415 458
52 73 106 137 152 177 198 239 317 348 357 361 432 475
2 5 19 80 85 133 169 231 242 264 274 313 358 426
25 27 57 59 125 129 151 176 179 189 255 270 348 471
2 29 65 186 188 192 199 281 397 400 434 440 465 468
10 56 77 197 209 228 265 267 307 366 406 409 420 452
10 37 39 75 133 140 154 218 239 248 309 387 407 408
25 53 109 172 234 242 318 321 325 331 385 405 465 480
34 57 60 101 108 114 142 144 156 224 269 416 482 489
4 47 76 78 83 113 197 201 326 413 416 420 459 495
45 70 120 122 145 172 226 245 258 269 392 408 411 482
12 22 49 52 57 183 211 214 282 326 337 382 400 494
6 69 105 121 147 246 277 330 379 407 457 472 483 487
139 142 143 151 161 207 263 278 349 395 397 430 444 496
69 80 162 167 194 196 202 211 212 218 248 312 318 324
131 146 166 242 278 297 319 403 409 438 444 450 457 461
16 35 44 54 118 162 174 185 251 289 298 347 400 450
46 78 88 142 165 186 187 263 294 347 368 428 447 485
41 93 116 145 203 241 250 304 364 389 407 445 446 486
14 59 65 116 188 193 214 215 256 258 310 312 346 486
7 39 88 116 151 211 252 267 286 354 359 361 396 445
3 15 73 113 115 150 152 179 185 293 364 409 414 485
4 16 81 138 160 172 176 216 251 272 305 361 396 468
3 7 17 19 30 79 94 140 143 195 255 409 416 438
19 54 75 100 115 154 209 245 314 449 474 491 493 497
40 45 139 169 172 238 249 261 302 317 379 412 417 479
13 20 44 56 131 142 145 260 269 299 335 413 432 462
13 14 35 51 102 143 192 194 301 332 345 367 496 498
35 36 50 56 114 176 183 218 366 410 412 428 442 462
7 34 58 194 203 206 240 244 338 393 435 439 473 485
134 168 194 234 267 277 322 334 350 362 375 389 442 449
20 46 85 105 120 146 153 184 192 201 219 235 318 476
81 100 102 157 184 193 229 293 361 375 409 422 458 487
46 58 59 110 137 157 172 182 232 295 348 401 445 472
37 113 147 193 242 260 264 308 312 335 347 380 424 442
48 84 116 157 351 356 364 367 387 430 436 445 464 479
41 109 168 170 182 216 229 257 261 360 370 420 424 448
45 143 153 192 207 278 345 358 382 402 418 431 479 481
35 39 113 135 143 145 146 209 308 361 434 453 454 488
127 156 171 195 199 253 283 324 326 381 386 407 469 471
66 96 105 165 179 201 205 227 240 251 362 378 390 456
33 58 92 102 107 109 116 157 166 200 202 251 259 434
0 7 96 102 125 135 203 225 233 238 301 435 439 448
12 54 87 88 100 107 109 132 154 253 282 329 331 440
37 95 164 192 201 222 240 246 248 300 371 407 412 435
2 22 41 78 180 193 198 228 333 342 358 405 440 472
24 65 130 136 272 282 295 330 332 361 369 422 448 494
25 54 68 109 112 131 143 191 204 289 333 336 376 399
62 90 99 145 160 166 170 171 208 253 347 366 388 417
23 24 27 69 138 219 256 262 287 313 317 373 441 460
0 16 18 59 68 135 151 185 214 305 340 396 432 450
99 105 131 165 201 224 250 253 290 308 332 374 457 485
106 136 149 181 184 268 354 372 407 409 429 453 461 468
26 61 64 85 200 203 210 212 233 270 318 388 409 497
12 23 37 105 108 145 161 296 350 353 397 408 426 474
1 3 80 115 130 169 180 192 234 263 276 423 446 478
63 115 195 197 202 261 289 295 344 401 424 447 460 498
7 163 170 192 210 216 330 341 346 384 399 413 456 463
37 39 46 72 127 177 234 295 305 322 405 411 468 477
5 38 84 116 177 256 312 341 373 374 410 459 460 495
13 62 72 73 86 100 134 154 196 267 298 348 412 439
5 9 97 140 147 156 240 289 299 304 331 343 406 438
42 43 61 173 194 204 242 293 404 455 463 468 469 493
30 54 81 120 127 208 223 291 414 459 461 467 474 499
116 141 151 155 176 183 203 212 233 241 250 313 356 387
20 30 104 108 141 145 217 256 283 397 407 438 460 480
59 87 121 147 178 179 188 216 246 337 341 455 471 476
9 55 63 72 123 152 233 311 335 360 427 431 451 466
1 8 13 107 141 144 151 165 173 245 290 338 373 424
27 53 61 66 84 102 114 126 157 244 323 340 346 380
22 31 121 123 135 141 162 193 208 267 375 411 413 418
22 109 136 181 234 245 246 285 368 405 424 455 456 485
3 30 175 202 218 235 266 285 320 349 405 472 483 487
47 76 84 186 198 201 351 363 387 407 418 468 476 484
23 51 64 157 220 242 243 346 349 381 386 423 440 451
8 63 91 100 180 250 269 306 334 346 378 389 396 490
5 58 130 155 217 219 260 278 312 325 398 420 443 485
22 135 140 143 146 184 264 267 304 401 416 420 459 474
45 52 55 79 89 110 135 278 281 323 343 373 450 459
68 144 152 154 157 244 267 280 296 302 314 327 336 463
22 36 51 70 87 102 174 238 240 244 321 358 368 384
32 55 57 94 158 173 209 261 310 331 334 364 375 499
59 94 215 250 275 296 307 340 381 406 426 465 479 488
59 104 124 146 151 179 224 286 302 388 409 448 476 478
11 24 41 47 67 106 176 214 257 264 350 458 481 499
14 15 27 62 72 109 135 144 172 181 235 248 284 289 368
103 110 149 156 183 200 211 245 280 417 430 445 460 471 487
10 57 140 162 220 231 246 350 373 415 450 455 460 465 476
67 78 80 155 173 209 279 342 352 389 393 422 465 473 496
26 35 50 62 119 134 164 176 178 253 364 368 417 448 470
25 29 46 150 231 269 295 327 328 429 447 463 475 492 499
27 98 108 152 174 223 271 318 320 397 399 416 430 469 478
33 63 131 173 187 259 276 309 342 355 367 395 398 464 493
201 270 294 319 350 354 365 379 383 414 439 452 460 477 480
35 36 71 85 87 226 228 266 359 363 378 380 382 401 487
1 21 121 132 215 236 298 340 346 372 399 420 423 440 493
42 117 126 151 165 197 198 280 290 373 413 467 471 475 493
12 26 100 133 175 237 281 320 358 367 396 420 422 464 499
15 24 35 36 68 93 140 180 272 289 338 384 439 472 496
40 81 156 179 184 198 207 212 260 276 370 423 451 454 472
163 184 229 231 246 307 323 338 347 354 382 386 398 431 464
9 56 80 114 118 172 252 267 313 319 348 389 441 449 490
33 67 90 92 114 135 165 209 318 391 398 410 429 481 496
28 37 40 65 100 142 164 192 260 287 291 300 354 375 467
11 135 141 142 163 167 206 220 273 352 400 421 448 479 483
55 74 122 128 133 159 169 186 202 217 315 321 338 361 455
22 101 115 244 275 277 297 316 328 358 394 395 432 462 472
161 172 174 194 196 258 270 307 311 357 379 396 403 416 451
14 46 110 158 182 204 236 244 262 278 307 382 440 477 491
32 79 100 118 133 265 287 315 335 347 370 383 417 418 474
25 55 138 182 186 221 246 267 283 297 307 328 362 376 385
78 99 145 149 165 170 193 227 238 279 285 366 402 492 494
16 54 71 100 162 172 183 187 201 217 292 308 351 376 412
17 25 33 82 90 137 141 178 283 344 358 360 385 417 445
16 54 77 170 178 282 285 310 400 403 429 440 456 466 476
34 38 133 186 212 233 269 270 327 335 339 371 381 386 453
19 106 108 175 180 205 225 357 402 426 427 436 460 478 495
70 114 162 187 239 294 319 328 410 413 416 432 466 490 492
35 123 155 178 214 238 245 298 309 332 340 354 355 365 452
5 17 19 39 84 130 141 152 159 176 236 241 288 326 432
19 38 42 89 153 154 171 226 249 279 315 345 392 419 454
8 12 15 17 100 105 113 137 178 197 362 422 438 479 494
32 57 78 91 140 205 246 288 324 346 349 355 368 405 491
12 25 34 39 158 184 207 245 281 295 341 364 373 383 390
25 29 51 55 98 115 217 231 236 349 367 374 385 437 478
49 122 131 228 255 264 277 296 312 382 414 416 472 473 490
0 21 23 33 43 156 203 209 294 368 375 416 433 465 482
92 127 163 166 170 231 236 242 251 263 412 418 426 435 475
55 63 85 124 133 205 227 250 258 259 284 332 390 474 491
10 13 22 35 65 99 273 283 301 306 308 317 389 392 493
2 43 150 163 164 193 204 227 252 312 349 407 413 449 467
96 100 148 169 222 247 297 300 326 336 360 435 469 471 474
32 38 49 72 118 133 161 167 244 368 402 418 428 451 459
12 79 83 188 212 256 320 366 400 433 440 441 442 461 497
17 29 62 87 221 260 263 269 322 330 343 354 367 476 489
26 59 75 81 87 178 187 231 253 313 342 417 421 451 463
12 16 23 51 58 76 85 107 110 155 179 297 326 406 476
21 103 122 135 140 168 209 226 282 305 339 353 423 468 498
43 51 78 85 90 137 141 250 296 340 379 384 439 441 469
76 87 124 137 161 166 171 172 192 210 234 299 333 346 351
56 116 184 185 225 246 280 340 349 400 410 414 431 435 443
45 49 51 62 65 71 79 80 83 162 360 367 439 442 499
58 61 70 122 140 157 164 196 271 283 293 331 349 352 396
6 8 28 109 137 155 233 238 240 242 358 364 385 398 410
35 76 79 119 171 359 363 369 411 421 432 446 471 474 490
72 115 130 188 201 203 217 271 284 306 334 349 421 466 468
38 67 78 108 126 191 243 248 257 274 281 330 387 413 470
57 98 191 216 284 295 298 350 361 362 384 393 423 431 495
13 21 83 96 129 160 186 193 221 232 318 345 368 390 487
7 21 75 83 133 143 153 189 196 268 275 405 421 450 473
91 96 102 123 125 248 258 268 272 285 300 312 377 398 492
20 26 61 71 255 336 338 364 373 374 390 419 442 463 473
28 41 45 58 64 98 132 160 243 344 407 415 419 429 492
92 154 174 228 235 243 269 301 353 386 387 429 468 469 474
52 79 112 121 153 155 170 173 202 268 314 321 374 445 470
70 84 115 119 137 189 212 213 241 242 256 336 339 418 438
65 74 83 140 154 224 244 250 255 313 314 345 351 359 465
12 40 58 70 149 263 274 278 282 305 314 327 404 428 431
0 23 61 145 151 188 212 230 243 288 305 307 308 323 399
3 25 46 145 164 181 198 248 256 272 277 358 362 477 489
18 36 42 44 86 145 161 170 200 305 401 418 427 485 493
61 63 94 130 141 166 170 184 203 260 313 388 396 457 474
111 165 171 173 228 274 281 351 355 419 424 432 448 464 466
4 37 48 69 128 195 253 322 401 409 449 452 455 477 488
26 41 44 162 190 193 217 226 259 300 344 421 471 481 482
7 49 62 66 155 166 276 302 307 321 369 384 394 436 443
6 23 24 99 222 228 245 302 322 361 370 377 393 461 497
7 11 92 108 118 127 166 167 182 203 320 347 386 401 429
48 104 117 122 158 256 261 279 402 428 430 438 448 450 476
60 71 155 157 168 195 221 224 266 275 365 373 411 456 484
122 137 160 167 192 196 213 224 275 305 308 336 367 460 488
41 52 57 106 142 171 199 214 216 227 277 348 362 451 490
9 45 53 54 81 86 115 123 125 141 185 321 360 364 499
53 62 66 68 87 115 175 296 311 330 399 411 423 429 499
41 94 141 167 190 206 264 281 350 380 407 409 416 462 482
32 34 107 113 126 144 145 202 242 281 313 357 418 447 475
71 99 101 180 213 239 247 261 301 312 315 328 345 355 397
27 33 60 112 210 221 229 232 239 370 384 397 460 491 499
0 9 49 112 130 173 249 253 276 301 311 346 404 478 487
8 108 129 156 184 218 300 329 335 354 423 452 469 477 491
8 149 169 174 229 238 250 271 275 313 352 358 360 392 472
42 52 77 93 112 155 172 197 284 358 372 469 476 494 496
57 180 245 255 292 300 302 305 308 321 382 394 415 464 483
40 51 91 105 114 129 167 265 284 296 379 421 442 448 475
20 68 101 121 131 139 166 219 308 336 349 368 440 468 497
30 60 123 150 163 250 277 315 363 375 376 410 414 447 475 478
52 56 58 62 69 73 90 91 154 179 185 217 274 281 379 413
13 34 57 58 114 162 234 273 301 305 338 347 349 380 430 440
63 129 153 159 160 177 191 207 262 308 321 340 442 450 459 477
11 12 42 53 56 89 121 215 304 307 317 423 444 448 461 470
6 41 51 87 90 140 142 171 243 324 328 329 426 429 436 488
35 37 76 129 156 161 170 196 282 293 349 366 422 432 436 442
46 69 91 93 119 156 185 287 324 342 349 371 408 457 463 491
35 46 83 96 123 131 170 174 197 211 290 350 365 372 436 442
1 38 107 143 147 171 205 278 285 326 433 443 458 465 479 493
115 131 137 176 184 238 250 253 268 359 400 412 465 479 486 497
21 110 114 150 196 212 244 260 281 305 344 358 364 365 440 466
21 94 119 131 166 219 250 259 293 300 341 381 411 422 450 469
4 7 17 44 122 144 147 198 286 295 308 321 323 349 366 474
38 51 98 116 119 135 145 151 192 195 205 284 316 349 372 464
100 104 123 138 141 199 205 216 244 264 280 282 305 353 398 400
3 24 90 110 165 195 246 258 267 273 280 305 312 326 357 461
17 23 26 56 57 73 103 134 136 175 270 303 314 319 421 450
7 119 127 140 150 261 282 286 288 321 342 344 391 407 414 476
35 39 47 68 86 105 106 143 181 235 244 270 328 369 425 429
60 75 85 259 271 291 367 392 404 405 423 431 433 454 473 489
64 70 100 108 118 172 188 240 291 328 340 364 382 437 446 453
40 87 113 137 153 154 211 231 282 326 367 396 441 451 494 496
53 115 169 173 205 224 251 319 364 371 390 397 406 441 453 473
6 7 15 32 67 84 85 88 116 118 147 296 366 379 383 394
20 95 108 158 169 170 174 188 240 256 258 314 393 411 413 473
12 47 48 49 123 131 170 213 261 265 295 354 376 377 431 487
51 108 146 148 174 178 224 319 337 416 429 438 450 456 470 477
19 36 37 71 135 151 169 215 233 242 254 357 366 383 430 438
55 59 78 115 142 155 234 367 379 396 402 449 451 473 474 495
1 21 44 84 118 126 132 160 214 225 254 372 387 394 444 449
12 32 54 61 86 92 99 106 201 214 278 294 314 351 447 460
12 23 29 65 93 148 171 192 206 220 250 293 306 346 353 367
35 89 227 237 255 273 284 301 316 380 398 406 416 442 465 467
99 113 120 151 167 181 193 265 276 316 320 378 472 474 487 494
2 59 70 104 120 138 159 188 204 206 213 215 242 285 325 370
5 29 42 198 229 231 252 268 273 301 313 318 350 442 487 492
20 87 100 117 139 142 220 236 237 269 295 303 326 404 414 454
2 134 145 156 186 205 217 224 315 351 361 386 391 447 467 490
0 11 71 125 127 134 197 238 250 267 269 329 345 422 425 469
58 72 97 135 164 183 185 189 215 233 237 303 316 324 407 483
1 45 67 80 84 185 193 209 215 221 351 355 382 405 422 460
11 15 115 122 129 208 218 235 246 295 315 398 422 432 438 444
65 96 141 228 244 286 320 333 337 341 350 359 389 395 413 481
15 30 55 63 91 138 195 203 219 238 280 369 409 427 472 474
90 116 125 135 163 167 177 180 282 302 308 321 362 411 454 486
13 16 55 113 120 275 308 362 372 387 409 423 427 435 453 455
61 90 93 114 126 152 182 187 216 226 242 260 323 332 349 371
33 136 181 244 262 270 276 303 330 332 344 384 450 454 473 489
25 26 120 185 197 214 264 298 312 316 338 344 402 442 461 483
1 2 3 12 50 54 65 115 258 285 324 346 352 357 412 465
15 23 24 35 41 65 89 98 196 227 237 292 407 413 422 423
14 43 127 181 208 236 253 258 302 305 362 400 423 434 458 494
46 56 59 61 68 73 120 133 159 194 196 242 375 400 402 418
13 57 139 141 156 159 167 169 188 201 202 226 237 244 452 499
86 98 123 163 165 176 177 213 220 223 232 236 238 242 256 410
5 27 95 156 189 196 198 220 321 371 395 397 425 426 476 496
4 51 60 162 172 235 277 296 314 331 347 381 404 413 445 483
71 84 133 187 211 246 282 284 324 328 345 373 388 389 454 471
2 42 99 109 125 171 261 278 287 339 353 385 398 402 425 449
24 79 81 101 111 117 133 176 185 245 293 294 313 314 383 401
27 70 131 143 151 155 191 314 319 325 331 340 341 365 396 458
1 20 29 78 179 206 216 257 297 328 336 349 360 390 419 497
14 25 46 126 158 179 186 196 229 317 363 371 375 383 464 477
18 42 143 172 198 208 217 231 251 299 302 366 401 432 439 492
22 69 179 262 327 347 369 381 385 428 444 450 473 474 475 486
1 11 48 50 67 122 129 133 148 249 264 287 379 412 423 443
14 22 47 56 95 98 122 175 177 178 203 280 290 315 419 423
47 136 207 213 256 306 308 328 329 364 437 445 452 471 480 485
14 90 110 130 132 157 190 254 258 273 283 302 321 330 333 478
37 44 53 94 104 177 183 231 253 271 275 357 367 417 453 492
43 47 77 91 111 120 130 178 275 299 326 344 451 472 473 477
5 41 55 108 125 184 214 220 245 246 270 286 341 365 395 487
106 113 208 214 226 280 282 289 302 326 327 380 392 408 420 439
12 47 82 113 151 162 175 199 279 292 297 361 409 414 417 430
8 27 62 134 135 144 155 181 191 229 286 303 330 406 441 474
11 44 94 116 121 137 196 213 235 252 273 301 306 396 438 450
2 12 23 61 120 136 148 151 212 253 284 329 339 447 475 487
87 107 108 116 214 245 266 268 315 327 346 363 380 448 484 493
83 87 128 206 240 251 295 315 373 391 402 403 429 432 450 480
0 29 51 54 102 124 146 164 178 192 281 284 312 341 355 385
44 69 88 159 184 192 196 204 258 267 277 308 328 348 391 436
16 66 72 86 132 200 217 225 241 254 285 287 333 440 457 461
2 59 62 105 109 119 196 211 301 320 324 348 378 383 384 396
6 52 171 187 206 266 269 300 342 354 356 357 410 446 468 471
42 64 151 174 186 232 254 257 315 318 336 347 411 421 435 448
112 130 133 136 158 200 227 240 250 287 291 315 330 385 425 474
19 38 39 45 61 94 143 186 219 311 316 408 410 411 419 433
4 106 116 142 154 169 196 257 316 386 390 407 420 425 483 491
66 90 122 123 180 196 216 224 310 318 329 342 363 414 421 447
58 64 65 109 179 225 251 263 297 298 309 316 348 350 403 431
4 84 120 131 186 295 310 311 318 333 337 383 403 431 481 491
24 120 132 152 154 282 305 342 348 359 378 389 455 463 475 485
0 12 17 33 40 86 160 253 272 285 304 356 413 418 448 466
35 46 71 162 164 167 168 198 257 271 313 363 401 402 407 408
110 124 214 235 238 263 272 297 310 322 336 436 445 446 467 492
57 72 95 103 104 105 122 137 147 204 205 243 250 251 316 442
1 16 17 53 72 127 137 223 226 245 322 333 432 469 477 489
2 4 52 62 88 93 140 235 265 332 341 360 367 407 410 469
39 49 117 142 164 177 189 194 232 272 295 326 447 466 467 498
28 75 77 84 86 99 127 208 224 235 281 354 362 407 415 448 494
4 5 28 66 142 157 174 179 209 216 285 337 352 383 405 464 494
10 39 43 56 78 158 163 167 177 234 236 315 424 446 458 484 496
88 101 125 133 189 207 226 231 235 269 309 335 362 376 391 418 490
17 98 115 154 180 218 252 268 290 305 382 411 418 440 442 470 488
73 90 128 129 132 140 154 189 190 214 222 254 275 322 397 398 429
35 70 112 134 157 175 267 293 299 323 332 354 365 385 390 441 491
0 44 50 60 116 174 181 299 300 324 326 343 360 363 404 436 476
1 33 35 37 60 67 81 90 116 119 147 159 257 264 361 438 459
10 28 30 42 89 91 120 128 182 193 258 259 266 298 331 344 490
4 33 35 60 110 146 194 210 241 275 281 363 365 372 421 433 460
111 126 179 192 216 221 222 230 243 265 282 336 365 392 404 408 446
14 21 42 44 62 123 156 183 262 293 305 359 422 447 466 470 499
27 31 53 56 111 168 220 223 232 250 286 307 348 353 399 431 484
19 67 115 228 232 272 301 304 317 330 361 386 393 454 458 482 497
0 8 9 32 59 111 119 147 169 201 267 293 306 337 377 469 476
21 38 76 81 147 156 162 198 212 232 259 262 300 312 409 472 499
1 10 53 110 124 186 250 256 268 271 306 310 347 349 414 437 468
54 148 212 231 234 235 242 276 282 304 343 352 406 459 470 495 497
35 51 101 200 239 255 257 283 293 315 330 371 387 485 492 496 499
13 71 99 109 225 229 266 286 325 336 414 429 462 477 484 495 499
9 45 78 105 111 125 190 196 203 269 304 326 340 399 459 492 493
28 105 209 237 238 246 254 259 272 354 377 379 392 415 433 437 464
63 136 141 176 198 230 233 244 254 315 316 377 379 387 463 487 495
28 49 69 77 85 93 113 126 203 214 281 296 447 449 455 481 487
3 27 61 77 106 176 189 199 256 302 310 378 406 437 451 482 487
28 65 74 77 87 112 133 188 198 213 263 272 324 327 438 454 497
1 62 88 103 126 134 140 145 165 206 213 220 236 313 328 346 397
2 52 73 91 99 146 173 183 216 242 246 248 256 272 332 354 382
25 35 38 146 180 214 257 280 336 341 379 398 408 416 453 472 476
5 25 46 47 99 118 155 156 188 208 225 231 236 250 301 331 402
48 61 82 93 110 154 177 179 190 196 222 229 241 264 267 318 393
28 60 88 125 135 142 238 271 296 312 326 353 364 383 428 454 466
13 15 82 90 147 154 176 185 191 195 206 231 267 290 333 377 484
19 62 119 128 129 143 157 163 186 285 342 377 399 404 412 465 469
20 31 59 67 81 128 135 148 188 205 244 254 266 315 337 344 372
27 49 75 76 80 97 312 318 363 365 377 381 398 413 426 462 485
55 61 68 103 130 168 170 191 208 253 303 309 371 410 413 462 472
21 31 84 133 143 215 217 230 239 266 377 395 435 441 465 472 485
63 177 214 290 325 338 388 418 425 451 458 467 469 480 488 492 493
6 30 49 75 111 140 164 211 223 231 296 409 427 431 440 461 469
28 78 108 130 152 207 211 280 317 319 320 344 384 394 405 445 472
9 27 102 122 127 223 266 291 293 295 304 328 346 396 440 474 496
9 17 80 99 132 138 162 170 242 304 305 374 383 385 424 448 485
75 105 138 198 212 226 234 280 283 364 369 375 401 429 431 443 494
6 30 31 38 139 194 200 229 262 346 351 359 364 371 385 417 475
30 66 91 92 159 165 243 249 286 303 327 381 397 400 418 474 477
21 29 55 57 109 116 181 203 263 281 302 316 352 391 419 464 466
9 28 57 67 160 213 255 264 272 287 378 386 406 424 435 472 499
54 70 71 160 179 183 222 226 228 263 318 352 373 386 401 468 487
24 34 35 133 146 148 230 271 272 309 339 367 403 405 407 461 498
15 57 118 133 197 199 238 280 286 295 338 402 412 423 437 441 497
20 32 40 74 77 80 122 168 170 173 230 253 268 325 427 436 474
20 30 91 128 143 215 222 237 251 270 288 300 303 323 335 337 369
71 119 151 164 167 169 209 221 248 253 284 325 340 368 461 474 495
77 87 121 145 204 212 222 227 265 280 282 307 333 367 394 463 468
1 97 137 174 177 204 254 261 291 292 311 338 423 427 429 453 480
21 56 73 114 120 239 242 278 312 331 373 401 414 433 443 446 469
5 28 121 125 145 164 171 173 207 213 218 221 237 371 424 441 465
15 106 108 111 241 242 245 256 273 284 286 351 368 395 440 474 490
1 30 232 269 279 288 308 314 317 322 323 345 350 358 383 411 414
32 50 71 79 103 112 120 166 167 192 235 247 318 420 428 467 474
41 56 69 101 105 173 188 200 204 288 309 316 419 437 441 447 478
60 124 128 136 148 170 172 226 267 285 309 372 433 460 466 469 476
27 42 53 64 74 106 111 112 244 277 292 294 323 343 365 401 477
34 35 63 81 85 102 174 207 226 255 269 275 326 335 463 477 485
78 105 111 175 220 245 270 321 343 359 385 390 410 426 439 461 491
12 60 87 93 109 135 149 156 261 304 314 327 345 351 455 479 496
26 83 96 112 115 116 145 164 173 180 278 298 303 324 349 400 406
6 23 57 91 152 153 154 201 221 245 291 380 393 396 412 484 486
7 18 40 61 68 160 219 234 239 299 360 376 378 389 431 456 465
20 36 42 94 95 123 167 178 180 256 285 295 335 373 416 424 444
6 67 139 150 175 249 265 266 272 286 288 289 322 337 392 425 450
79 123 133 157 248 281 286 298 304 371 372 399 415 416 425 445 498
26 54 71 73 130 138 152 172 175 176 182 187 240 352 385 468 494
11 40 53 87 153 199 212 235 275 277 285 342 375 390 402 460 469
19 25 26 37 43 52 84 113 202 216 234 238 334 346 371 411 443
61 82 91 126 137 169 238 263 267 274 283 294 322 459 462 473 479
63 64 126 166 177 178 183 195 210 228 331 336 386 456 467 482 493
13 60 72 91 142 149 170 176 234 238 257 260 298 300 373 409 427
43 52 117 131 136 165 217 241 327 331 348 352 371 402 413 435 446
29 77 141 145 168 184 196 256 272 276 295 345 359 395 402 462 481
41 54 73 117 156 166 198 236 253 260 320 331 351 427 434 438 440
13 21 34 46 58 69 120 132 135 169 200 245 408 414 419 468 487
4 21 86 158 192 233 240 266 273 300 302 303 313 348 354 439 488
119 129 148 196 237 248 252 259 315 318 339 353 373 399 408 460 473
40 55 68 81 123 183 199 211 233 238 252 311 327 368 383 453 484
51 70 73 82 88 130 148 153 156 197 239 258 312 390 426 430 458
32 36 113 199 216 232 242 250 252 254 284 296 320 325 356 392 494
2 43 139 150 182 191 214 254 266 320 357 370 395 420 422 474 481
17 26 41 42 62 116 126 127 219 278 300 318 412 414 437 470 495
51 120 122 126 145 162 202 219 223 235 239 244 282 299 323 429 450
48 57 100 144 257 277 278 292 294 307 326 331 390 408 435 451 498
3 72 134 153 177 195 203 205 208 245 274 330 331 342 356 394 395
52 75 79 93 123 145 149 162 197 220 250 265 383 393 398 454 471
54 66 199 261 271 279 297 355 387 396 400 434 438 444 471 488 498
2 8 19 36 48 62 94 118 119 166 197 275 334 412 442 464 465
33 54 55 73 81 83 124 133 215 337 363 413 430 446 451 469 492
10 15 29 35 38 53 61 97 102 270 300 365 370 396 431 432 441
5 39 51 66 131 162 182 210 225 232 261 267 274 327 350 376 481
41 77 100 107 150 160 187 195 201 203 209 236 267 350 367 377 383 431
24 46 101 121 144 151 154 183 192 253 254 389 412 440 443 475 486 494
48 62 66 72 83 110 150 158 165 181 193 256 259 295 321 409 454 499
34 64 74 82 115 177 194 214 277 298 315 328 334 381 434 451 473 492
14 15 19 65 83 168 172 196 251 281 287 339 378 390 398 470 478 481
7 67 101 110 115 116 128 141 225 265 287 300 358 359 388 453 465 477
59 76 144 155 204 267 313 347 352 357 366 373 378 385 402 426 455 465
12 60 76 78 119 144 190 191 196 221 294 296 300 346 360 422 435 480
9 32 59 71 92 109 172 174 185 208 285 300 313 370 372 458 462 478
87 138 170 174 179 181 186 187 222 257 320 372 408 425 457 460 479 495
31 32 57 87 111 132 150 151 191 255 389 412 418 435 440 474 497 498
16 57 71 96 140 141 156 159 170 228 264 276 333 428 440 465 466 480
28 171 179 222 228 241 248 263 265 290 364 386 398 410 421 432 474 490
84 107 123 126 140 151 182 186 206 225 228 260 317 362 403 436 469 490
63 76 91 113 126 177 205 209 212 244 254 276 388 448 454 460 461 485
38 68 90 135 143 165 178 239 336 349 358 430 432 434 437 448 467 497
27 90 101 105 119 124 155 168 238 240 244 267 309 358 408 455 462 485
21 61 93 116 227 257 264 265 268 296 347 355 360 380 404 405 443 453
29 60 156 162 171 219 227 263 266 276 280 318 370 382 386 402 438 489
10 85 101 147 174 187 217 218 252 253 277 290 297 342 371 390 479 499
4 20 49 82 103 148 182 187 317 333 339 367 375 376 399 433 439 462
35 61 64 118 212 221 261 289 354 357 381 404 414 431 434 435 458 495
53 114 121 142 227 235 240 259 292 309 344 361 363 409 455 459 484 487
16 26 68 175 193 206 244 256 259 264 275 279 282 323 332 370 393 431
15 59 97 117 147 180 209 250 272 290 360 379 392 395 417 423 448 493
13 76 86 91 120 131 146 164 184 234 284 286 301 348 363 413 421 471
59 135 148 150 185 186 198 220 230 242 265 287 292 345 348 381 457 464
20 30 31 36 63 108 113 133 156 259 312 327 341 350 383 413 471 491
36 75 137 139 140 162 203 223 253 257 289 315 329 338 373 389 418 471
26 36 83 103 106 137 156 180 181 289 298 310 368 370 390 442 483 485
28 34 39 45 117 149 160 199 201 219 241 251 297 357 412 452 462 465
2 3 5 42 49 78 126 209 221 230 232 280 304 314 427 456 485 496
2 18 48 80 84 112 151 169 192 347 377 380 385 447 463 466 470 493
19 47 73 106 112 198 210 221 228 247 290 297 310 322 400 426 475 495
10 103 111 124 125 128 150 174 198 212 220 242 246 260 308 392 439 477
73 80 103 120 149 174 198 248 262 265 283 350 354 367 423 435 449 475
23 29 60 62 69 75 81 174 179 182 185 223 250 288 362 438 447 476
28 31 34 67 104 106 130 195 197 213 228 297 304 330 389 392 445 473
4 38 45 131 160 210 216 274 281 287 297 326 392 404 407 433 440 496
16 24 30 55 88 113 123 237 269 273 300 309 342 408 431 433 448 494
3 26 29 50 75 78 122 130 143 153 163 193 246 281 421 444 476 483
20 30 31 63 98 146 163 181 236 238 270 274 282 328 349 355 385 466
70 156 194 247 255 272 335 339 370 371 372 396 411 426 428 440 496 499
5 52 126 133 166 176 188 209 236 281 310 329 342 350 356 398 419 463
58 98 105 113 119 129 138 272 291 302 314 324 332 359 384 486 495 498
15 29 36 76 83 90 105 116 163 164 177 191 239 319 355 454 463 465
2 22 78 85 95 117 142 149 169 181 189 274 301 304 345 402 424 490
29 67 83 87 109 126 141 143 157 182 290 310 329 357 390 412 444 447
4 63 140 153 160 161 220 225 243 245 261 292 331 350 452 462 480 487
48 61 91 95 97 106 145 149 198 222 269 308 309 371 407 461 474 492
18 56 62 80 81 82 204 220 253 349 361 377 380 432 450 457 471 481
3 79 134 170 186 201 241 249 261 337 386 397 413 427 441 455 460 483
57 58 79 131 137 153 190 228 250 282 373 403 424 446 467 479 484 487
21 90 98 103 104 244 245 255 281 303 304 349 371 400 421 427 432 480
36 51 85 86 100 105 118 135 209 221 240 265 292 312 337 341 355 432
6 17 23 104 112 145 147 165 189 203 254 305 310 319 320 329 443 463
37 95 135 161 185 198 216 235 245 252 255 275 287 338 366 377 433 486
56 106 143 201 204 230 269 281 315 318 320 328 336 369 377 378 404 476
9 16 25 39 77 107 109 143 154 183 191 239 313 316 353 356 432 494
11 69 73 92 114 125 140 211 250 288 378 393 402 406 413 451 460 485
18 22 36 80 81 138 158 162 165 187 219 312 318 336 414 451 455 469
51 57 108 130 167 178 185 209 227 256 258 267 276 317 332 333 431 467
90 187 210 219 242 291 299 338 385 404 407 417 421 430 435 487 496 497
140 159 181 236 258 272 291 308 309 315 337 344 413 414 424 443 450 454
19 70 83 88 153 170 212 269 294 334 363 367 374 377 380 395 462 488
7 29 62 70 88 103 148 168 179 197 249 272 300 312 373 415 471 472
16 26 46 47 52 73 178 195 225 229 258 292 343 373 415 424 425 499
26 30 49 51 142 159 161 178 188 249 253 256 281 332 335 366 381 384
10 13 85 139 164 224 248 259 299 329 404 407 413 450 457 461 479 493
82 97 136 198 201 217 221 227 280 320 324 352 362 378 386 387 416 420
0 15 19 24 79 103 124 139 149 193 242 286 310 379 419 427 431 437
12 58 135 163 179 181 184 200 205 227 289 306 330 339 357 358 361 422
23 43 51 107 167 179 183 194 273 275 388 393 423 444 465 467 476 496
14 16 27 52 85 221 260 265 267 270 272 277 279 354 374 399 438 470
123 161 200 203 303 315 330 340 342 359 385 404 414 426 433 439 460 489
2 27 29 43 49 60 89 125 146 149 166 173 229 326 335 337 353 460
31 49 55 119 135 167 175 192 226 245 308 318 393 433 443 444 486 492
6 23 42 69 79 80 108 151 157 237 258 263 278 280 328 341 349 408
4 5 14 59 105 109 156 169 172 266 275 286 294 357 367 398 425 487
74 96 151 182 192 195 197 206 213 258 286 312 340 356 357 406 407 457
8 19 50 111 118 135 152 157 179 197 220 251 260 296 334 364 388 435 442
4 25 29 30 79 90 140 189 205 211 228 230 264 288 305 332 418 445 452
29 93 95 96 109 144 197 204 208 248 272 332 337 344 380 416 422 452 466
24 43 82 99 171 201 250 259 264 277 294 299 334 380 382 410 448 466 488
4 21 42 98 111 114 129 235 244 274 286 309 312 331 340 441 445 459 463
64 126 141 163 290 314 315 350 354 356 371 408 415 418 421 440 447 458 484
61 105 137 193 204 253 260 267 286 294 305 352 369 402 407 409 411 421 483
0 20 73 85 116 139 163 179 183 193 218 262 268 295 312 328 333 368 444
48 50 60 74 109 120 133 144 150 167 191 226 289 294 358 368 404 436 466
7 13 58 69 77 78 82 103 145 150 157 189 233 235 294 324 349 423 466
9 30 33 90 98 108 121 133 146 155 188 234 270 289 314 358 364 414 433
74 87 88 143 155 204 206 229 238 280 283 284 295 318 352 404 436 440 497
2 4 11 30 87 88 94 108 122 143 145 221 232 275 278 306 312 349 417
14 40 90 96 104 107 129 192 197 232 289 296 374 385 405 406 409 434 467
1 74 84 96 106 158 160 199 228 270 276 282 289 291 358 407 434 446 479
23 41 65 106 110 212 303 305 306 364 379 402 424 439 441 458 469 479 486
15 65 105 141 183 231 246 261 291 320 346 392 399 425 428 438 473 486 491
15 18 22 23 26 75 105 110 124 169 205 270 275 293 307 376 406 429 483
14 36 145 154 157 160 187 207 210 211 219 226 237 256 286 381 397 419 485
15 77 134 187 195 199 238 264 300 334 349 368 392 401 405 413 448 457 484
4 53 75 87 115 120 122 125 130 133 151 184 191 210 239 306 428 479 490
1 29 33 40 46 57 66 158 186 244 288 301 311 338 369 409 456 493 495
69 97 102 111 116 120 158 214 241 253 279 306 327 360 361 384 404 479 481
76 89 160 170 183 188 206 221 266 268 324 334 361 375 377 425 435 448 463
76 82 126 133 151 155 167 172 204 245 269 289 365 396 430 435 436 465 467
14 47 53 108 112 152 190 264 274 279 321 361 363 416 462 478 485 486 488
6 15 22 66 101 102 116 133 154 213 249 312 336 346 348 381 383 389 427
10 28 31 39 60 110 122 150 169 201 228 285 309 333 344 386 388 417 455
13 34 108 111 113 126 166 167 171 254 279 283 297 353 388 400 451 467 474
39 51 56 101 173 182 192 238 282 287 319 356 357 363 406 407 476 484 494
70 96 101 105 162 187 228 250 274 287 350 379 392 394 427 444 461 472 494
4 17 71 81 115 142 145 161 249 255 275 319 389 415 440 453 457 487 488
19 128 152 181 189 206 247 300 302 321 367 378 385 406 415 449 451 453 465
2 10 24 42 132 143 159 163 188 197 200 208 211 244 335 343 399 447 471
7 54 57 80 109 118 146 194 208 221 286 294 295 306 315 363 393 423 489
14 45 53 63 130 136 148 243 252 281 342 347 430 431 461 464 478 484 495
30 68 93 153 180 186 253 257 266 278 282 302 311 363 420 453 468 490 498
29 99 144 167 181 200 214 216 219 228 268 270 291 340 369 382 386 435 488
3 15 62 70 88 111 186 203 267 271 310 313 330 343 461 469 480 493 496
98 126 158 186 218 259 261 267 315 339 346 398 410 421 429 440 447 475 476
2 27 139 147 150 165 185 191 221 256 274 279 281 296 358 374 476 479 494
41 54 76 138 143 193 200 205 220 221 273 288 313 334 343 357 418 436 447
15 16 20 22 55 72 101 140 171 184 237 260 274 340 348 370 414 431 482
58 106 112 119 123 126 135 140 201 221 236 270 279 323 361 406 423 450 458
14 22 32 49 69 93 110 117 136 141 148 171 229 334 402 410 436 469 477
21 58 67 110 132 141 143 207 226 262 287 370 379 403 406 431 446 453 477
33 36 39 50 82 112 144 146 155 235 238 308 385 390 443 446 449 488 491
24 28 44 105 119 126 127 151 163 193 215 238 244 246 332 383 402 435 485
34 59 69 127 174 203 288 307 327 356 360 364 372 386 389 403 416 452 490
24 52 65 146 180 214 223 241 251 255 269 297 337 371 379 390 415 454 456
33 48 51 53 126 164 184 202 219 234 292 335 346 375 380 384 444 473 490
18 39 46 69 71 107 112 174 177 258 262 299 309 353 362 364 423 429 489
22 43 45 119 183 249 253 257 274 306 311 344 365 388 422 454 456 484 498
18 41 48 88 95 161 266 277 297 307 318 319 328 373 399 413 428 439 487
75 103 114 160 202 269 282 294 296 316 329 345 355 393 396 399 408 451 459
41 51 99 112 114 183 192 238 258 285 305 330 345 359 389 429 448 467 472
26 32 49 99 124 197 198 228 233 271 279 286 318 326 362 367 373 416 460
10 16 42 45 70 73 143 174 231 252 291 301 302 349 371 405 479 485 488
4 58 67 76 99 146 185 192 204 215 228 241 254 292 311 418 426 467 477
22 35 52 61 63 137 156 177 183 201 218 222 248 321 350 427 430 474 475
43 54 69 79 114 118 131 137 161 174 176 200 202 212 227 252 368 401 464
5 62 122 147 153 161 201 216 228 244 271 275 277 318 327 361 442 466 472
69 78 227 252 263 281 289 375 383 386 407 418 419 425 427 430 457 485 493
15 89 108 117 127 151 180 205 221 244 270 309 427 466 478 479 486 487 499
25 50 58 70 71 100 129 167 184 197 260 272 312 324 389 392 415 423 450
30 74 88 127 168 184 200 206 220 232 260 265 273 328 343 438 439 453 488
28 58 61 71 90 119 208 229 236 239 304 323 351 352 371 407 420 467 483
17 21 36 47 65 107 114 222 261 270 275 282 302 321 366 403 437 476 491
3 16 27 33 37 52 65 98 103 167 186 244 294 338 339 417 437 478 479
5 25 46 70 89 121 241 264 266 287 296 306 334 344 366 431 479 493 494
22 27 33 55 64 94 117 139 172 177 196 228 266 285 294 358 428 463 496
27 45 48 66 76 83 97 140 203 222 238 284 292 369 401 440 465 489 492
5 25 58 98 127 128 129 161 171 259 265 273 325 384 387 403 418 454 491
21 36 43 72 103 110 120 123 222 244 259 300 311 318 363 366 380 383 487
4 15 136 169 234 245 253 257 258 271 285 352 367 405 432 443 467 482 497
46 59 96 189 194 196 219 237 242 272 275 304 369 413 414 455 471 478 496
13 23 57 107 114 118 123 225 309 369 380 390 444 449 470 472 474 483 492
43 46 51 58 59 91 172 227 270 329 330 338 356 411 438 439 455 481 493
22 41 55 66 105 121 129 190 204 215 267 300 302 409 425 431 460 484 485
47 66 74 85 104 137 149 157 185 205 210 215 228 242 271 337 403 450 456
37 47 55 125 172 221 231 256 278 288 304 353 367 383 434 451 461 462 488 489
0 3 18 53 75 83 121 165 184 230 344 363 369 382 410 419 451 453 479 491
10 76 94 105 124 139 140 177 225 228 273 277 278 328 360 396 415 439 470 473
5 33 56 71 82 83 84 119 130 140 144 161 298 313 332 355 360 371 422 462
34 40 43 54 132 136 139 145 247 248 262 263 309 317 344 362 374 406 415 422
48 96 182 193 198 208 275 316 324 342 345 359 361 373 385 401 412 423 429 444
30 37 67 69 98 191 222 242 272 281 293 320 421 429 434 459 463 464 468 488
45 78 144 157 160 168 180 206 207 209 210 257 276 315 323 337 366 395 413 468
39 65 76 87 128 147 178 188 197 218 229 234 257 261 267 278 357 399 400 455
55 66 74 83 143 144 176 190 205 245 259 349 359 367 423 440 442 455 461 479
47 71 97 105 205 211 265 301 360 382 384 390 407 415 430 448 452 454 469 473
26 90 148 154 155 168 211 280 319 322 329 340 347 351 358 363 424 468 482 483
19 28 60 68 69 142 174 183 197 198 225 237 266 285 306 364 422 457 464 488
21 43 64 125 144 147 163 198 258 277 279 288 330 396 403 422 425 458 489 498
33 45 83 90 127 146 156 159 178 182 226 306 322 351 372 395 431 467 475 492
9 11 24 29 54 65 70 74 90 113 179 191 208 242 322 328 348 373 425 426
40 82 107 118 145 161 183 191 197 213 231 267 286 319 334 357 366 371 433 456
0 31 133 137 156 157 164 193 279 282 295 299 314 344 349 425 466 479 485 498
38 76 85 95 108 123 133 238 248 251 273 303 313 314 315 332 424 466 470 491
48 63 67 87 96 129 132 165 177 195 288 306 340 373 377 383 428 448 478 493
14 54 60 70 74 131 150 154 169 184 188 222 233 249 279 382 429 430 456 486
6 41 105 110 122 133 139 142 284 285 317 322 324 347 387 395 445 454 485 489
52 125 127 198 213 236 252 262 291 312 314 322 342 346 393 441 458 459 460 493
4 21 28 30 55 73 98 115 154 180 184 188 204 206 247 323 339 352 390 485
19 25 45 47 68 69 74 88 113 147 149 179 258 267 269 272 297 368 474 476
6 28 66 74 164 191 234 241 265 317 318 327 339 379 418 434 447 453 457 462
13 14 37 40 56 73 131 139 144 168 169 170 248 313 361 402 416 425 448 491
85 89 113 145 187 198 231 236 243 317 318 360 363 381 394 405 411 416 422 430
16 42 51 131 156 177 178 179 184 209 214 229 238 241 259 298 324 381 440 466
100 138 142 187 188 201 202 214 242 250 257 294 312 343 381 385 395 397 440 457
28 60 64 91 116 139 150 177 181 189 301 327 340 346 373 385 413 458 467 484
12 39 40 45 54 56 58 63 74 167 253 272 294 364 389 403 429 435 437 444
59 93 130 153 197 216 218 273 284 368 398 402 404 407 419 426 428 457 482 487
6 44 84 97 109 130 149 185 227 244 399 411 423 427 433 450 462 470 488 496
7 15 90 98 128 132 157 159 168 177 196 236 272 375 408 424 438 441 450 486
33 52 104 110 123 151 197 205 232 243 305 309 311 340 354 370 385 397 467 481
2 10 105 128 155 199 224 231 236 259 262 272 275 277 294 314 334 404 408 479
18 29 40 42 144 168 169 187 202 212 230 234 263 286 289 367 378 412 416 488
33 84 92 124 132 136 139 201 206 216 243 258 263 279 368 378 401 411 439 463
13 67 72 122 130 146 157 185 193 225 267 271 282 314 384 385 395 398 415 458
13 116 138 161 178 185 190 209 232 268 323 361 385 405 407 413 431 432 453 485
6 55 96 140 158 186 213 214 226 241 272 340 377 384 424 427 428 438 440 467
4 36 43 106 108 116 120 256 258 261 263 301 312 316 352 360 382 399 433 435
11 14 19 105 106 113 149 165 207 219 265 277 299 309 327 328 336 425 427 468
15 38 49 57 64 71 80 94 97 137 204 214 270 291 326 334 371 384 464 492
56 86 90 107 120 139 180 205 209 227 231 247 269 270 302 363 423 438 473 494
3 6 25 28 44 84 88 98 122 144 213 221 281 299 312 321 332 442 470 493
1 6 15 42 103 184 223 247 333 347 365 367 388 399 421 439 447 457 459 485
6 37 60 108 113 122 124 138 157 211 247 250 282 285 313 341 352 444 462 473
17 67 73 79 86 94 96 106 107 137 168 198 203 254 278 291 359 407 433 459
21 40 50 94 139 167 181 207 213 218 223 271 276 296 321 323 380 424 449 457
14 27 72 114 179 190 204 211 264 301 322 352 361 387 410 418 464 484 494 496
20 44 45 58 71 128 140 145 148 149 154 177 199 202 206 241 261 315 338 392
49 57 59 94 100 112 125 151 155 159 194 205 250 310 319 326 358 370 396 422
4 15 39 40 50 52 121 186 211 222 237 241 265 285 302 307 309 313 359 455
42 45 162 167 177 224 228 229 261 276 286 295 296 318 342 358 397 440 448 457
36 91 107 150 155 197 204 221 227 255 262 263 287 340 353 367 450 456 458 471
3 4 5 23 61 63 76 79 105 115 119 143 175 210 227 258 385 423 432 458
41 72 133 144 201 211 215 280 316 325 337 364 379 381 384 401 410 413 435 478
60 88 104 116 128 137 172 181 215 226 283 302 311 342 354 386 390 448 458 497
3 11 43 47 66 113 117 148 154 161 168 178 219 236 296 329 364 378 393 409
20 51 70 85 110 123 143 162 211 260 269 270 289 353 359 370 378 387 390 481
6 11 41 42 55 144 166 183 198 209 230 253 261 274 296 307 310 312 368 454
6 20 37 47 61 86 88 91 98 147 182 263 299 307 313 344 378 385 418 458
26 49 54 114 166 181 211 223 224 233 292 317 374 385 414 438 454 457 484 486
22 48 64 75 83 93 129 168 173 261 289 347 351 357 396 426 427 439 471 476
54 85 127 172 185 186 190 199 229 337 356 396 404 417 420 426 428 429 473 482
4 43 71 89 92 106 118 123 190 211 222 277 280 304 313 314 379 397 423 453
0 15 32 38 61 90 101 104 174 178 217 302 317 344 364 366 370 373 384 396
11 25 89 90 116 148 171 180 211 241 250 252 280 298 349 411 424 445 452 471
15 43 60 63 98 142 183 215 236 244 249 283 324 335 384 389 398 411 437 442
3 5 46 98 169 187 276 303 313 333 355 391 404 412 420 435 436 460 467 474
0 31 46 51 59 65 76 94 128 133 152 202 276 342 363 376 408 409 424 442
0 6 24 42 73 115 135 150 167 171 175 213 254 269 291 347 353 424 425 437
13 28 57 59 75 91 132 145 153 184 221 239 242 317 319 400 446 454 459 467
0 50 73 92 122 194 204 216 265 277 281 296 299 346 350 357 399 424 445 456
3 8 14 61 67 95 165 222 243 248 274 279 283 296 302 310 343 381 388 458
5 32 33 42 95 104 116 129 132 140 150 242 313 360 385 389 407 427 469 488
5 10 22 116 155 173 180 207 209 213 223 241 259 275 299 317 334 338 354 399
32 80 82 90 91 96 115 117 142 169 239 250 285 322 347 372 407 472 487 489
