482 488
165 193
407 412
350 399
217 241
164 171
388 389
273 280
310 317
312 347
467 472
412 417
408 436
17 42
71 79
286 289
307 311
51 53
229 242
353 388
305 310
0 32
495 498
135 148
361 388
59 93
73 88
426 427
83 93
222 246
1 23
160 162
107 116
195 199
296 298
391 395
453 470
286 295
468 488
84 93
301 311
428 434
395 398
269 283
318 328
440 444
117 141
408 447
205 224
311 344
360 364
9 22
356 395
55 64
209 244
356 368
306 334
309 321
173 175
7 24
152 156
307 314
205 245
26 37
35 36
361 384
3 24
333 340
371 384
103 141
103 111
414 433
184 198
312 313
173 174
53 86
405 410
5 49
24 37
63 90
364 368
323 330
332 344
154 164
250 256
375 383
62 92
423 440
6 48
208 226
132 146
18 28
66 74
172 182
57 63
15 35
109 135
35 42
450 462
429 442
366 376
2 34
115 118
54 65
317 337
109 126
458 489
25 30
256 271
308 339
7 20
359 383
52 68
0 23
368 375
55 63
302 334
67 73
32 42
269 272
243 245
222 223
266 297
2 26
156 162
66 86
373 384
350 393
242 246
476 489
339 341
200 227
377 391
314 333
261 286
170 185
408 437
168 187
205 235
215 237
465 480
161 179
411 416
357 397
373 374
59 70
414 437
11 16
356 392
363 386
352 388
437 444
316 328
407 441
408 419
303 321
79 89
113 114
4 39
12 33
305 307
441 447
190 197
206 210
475 485
477 485
403 408
411 430
75 98
463 484
370 397
8 30
271 281
237 246
421 430
92 95
352 372
315 323
411 414
74 80
205 240
123 124
354 364
231 235
374 383
7 15
255 293
194 197
156 199
413 425
156 177
154 180
9 19
158 165
471 497
259 264
151 164
155 168
179 189
335 344
389 391
52 53
261 288
317 342
156 166
418 421
117 142
216 242
244 246
304 332
56 77
206 212
159 195
458 465
208 220
302 334
372 373
393 397
75 99
400 431
267 270
467 493
70 72
266 274
153 191
405 447
355 369
160 173
406 412
477 480
455 498
463 480
484 486
327 349
454 466
21 37
464 480
435 446
161 170
456 492
170 171
286 293
8 10
307 313
17 37
360 379
407 421
391 395
176 177
403 416
464 466
68 84
330 332
270 272
265 267
204 233
459 462
471 498
416 445
321 324
400 430
61 82
402 405
162 189
28 48
459 460
304 342
26 27
330 342
177 178
403 426
270 297
330 345
403 437
320 337
3 14
368 373
17 32
8 29
230 241
0 33
85 99
316 322
258 288
362 384
93 97
55 76
171 183
159 191
118 122
457 458
251 288
404 431
461 487
468 491
455 498
252 291
460 492
53 87
312 319
29 39 394
310 312 323
165 194 419
416 418 447
176 185 471
271 469 471
332 346 428
120 130 483
141 380 381
13 297 299
165 185 258
216 453 458
213 217 230
175 185 281
17 21 289
353 360 390
209 244 420
187 282 284
157 184 315
112 124 457
83 98 495
307 476 479
13 46 441
370 420 448
327 390 397
348 415 445
296 462 470
108 130 368
65 70 208
113 170 199
102 412 436
107 145 149
1 390 395
296 354 360
168 461 478
6 25 182
45 162 191
354 368 373
52 75 196
59 73 92
112 256 297
339 453 488
214 226 327
198 350 375
135 213 215
29 37 263
377 383 443
129 143 464
288 316 348
260 294 295
228 465 486
8 53 55
226 228 290
83 364 379
106 138 142
242 421 439
349 375 383
1 40 166
10 133 144
17 464 466
472 474 479
15 49 390
13 15 487
51 286 294
336 353 394
201 351 391
223 228 311
191 372 386
115 124 135
251 298 450
114 127 448
216 257 297
261 291 423
265 367 380
61 79 331
5 17 430
344 415 446
152 184 372
48 253 281
17 37 41
302 332 384
345 454 476
56 80 139
125 236 238
318 326 442
295 452 472
45 459 499
78 215 223
209 244 429
15 24 45
317 362 386
383 388 398
439 460 462
1 275 278
105 315 346
183 187 465
6 450 463
136 373 383
93 457 491
62 76 249
185 201 239
221 417 429
24 107 117
116 139 378
3 21 25
35 78 79
323 347 383
225 228 247
72 91 371
388 418 430
234 243 459
62 63 163
63 202 243
0 22 38
326 341 353
96 418 443
122 139 220
254 291 418
179 183 445
236 378 390
69 70 236
60 63 145
207 234 360
15 160 199
68 73 90
195 199 269
166 298 299
237 409 445
39 104 110
15 47 252
51 58 69
250 323 346
61 69 139
261 287 382
20 103 117
405 449 468
172 333 345
152 356 390
259 332 336
272 292 317
268 276 441
364 381 487
206 216 223
150 162 368
84 414 448
58 65 158
3 200 210
8 44 126
15 46 458
3 7 110
163 289 299
417 434 441
187 421 441
5 11 87
206 473 482
76 454 489
224 258 290
20 26 142
365 452 472
139 350 373
18 106 126
377 435 449
56 97 107
7 113 144
59 66 307
160 199 350
204 236 248
59 423 432
145 420 429
253 276 485
61 69 408
52 173 183
244 246 485
136 142 474
364 391 392
26 66 99
312 329 374
230 235 258
14 30 94
211 228 294
259 277 374
163 411 435
74 82 376
9 10 392
363 375 395
105 204 230
130 438 449
65 387 395
76 87 166
193 423 432
45 226 236
366 390 401
51 94 265
154 194 393
111 389 393
90 473 495
262 279 325
100 102 121
7 34 482
55 98 161
3 37 432
5 177 182
15 17 445
25 57 73
205 246 330
267 268 461
92 96 458
254 262 453
363 411 420
446 467 472
37 38 280
353 394 486
116 125 287
6 315 348
106 319 322
65 453 455
51 59 495
197 363 385
170 195 212
157 404 419
47 104 145
435 450 477
146 260 284
59 434 444
62 205 230
418 489 492
214 366 379
242 361 399
174 411 448
213 216 469
11 102 136
249 369 373
467 492 499
13 264 272
21 28 424
1 28 265
234 450 497
215 258 272
52 215 240
19 33 243
62 413 419
24 46 220
114 118 173
59 330 332
69 71 74
69 252 292
262 293 359
1 18 388
10 110 143
156 193 495
146 351 389
300 306 329
300 318 338
14 409 435
41 116 132
305 308 326
100 355 381
404 409 433
302 334 366
9 26 109
3 20 481
246 362 385
137 163 168
286 293 317
8 35 177
84 94 348
186 189 234
33 43 433
157 190 271
396 451 454
1 28 114
113 131 438
29 64 95
295 303 308
241 463 498
102 105 130
258 268 272
151 261 283
29 85 87
22 305 314
360 387 420
155 187 270
218 360 394
10 253 267
49 371 382
95 455 488
89 432 448
213 337 339
250 259 425
334 423 427
363 365 485
221 228 392
357 370 391
225 310 328
12 48 452
307 328 351
287 352 363
222 224 425
50 89 499
53 67 103
221 232 240 453
63 82 354 375
110 400 414 425
27 30 181 411
30 355 358 406
31 319 335 391
43 410 417 431
36 368 375 493
1 115 130 325
91 219 236 241
123 124 287 431
29 117 123 163
272 277 296 447
187 314 460 471
78 144 161 187
7 59 86 430
52 54 115 245
252 365 390 400
164 255 415 422
35 46 71 402
155 193 369 379
122 337 347 483
188 268 409 432
382 407 420 497
12 53 86 160
169 312 484 488
302 319 378 467
341 362 375 379
52 85 95 422
127 129 235 399
61 287 364 382
190 274 455 473
50 202 229 295
287 359 399 417
124 303 333 347
132 141 348 453
66 258 262 448
24 164 175 268
89 177 186 303
250 282 362 411
22 174 177 426
54 446 448 492
122 130 204 230
80 92 334 482
96 318 368 394
27 86 460 492
143 341 346 426
57 92 122 282
140 260 271 450
19 263 280 289
66 210 221 426
43 154 156 184
112 114 127 451
52 60 258 385
15 203 209 310
109 212 215 237
236 239 285 487
212 345 478 487
68 87 256 269
117 145 148 218
190 219 304 338
24 235 437 439
352 361 437 467
105 229 265 266
4 6 104 350
98 152 176 312
6 17 251 266
50 73 154 378
130 140 407 484
255 306 332 388
147 372 460 484
110 163 232 248
13 88 320 328
123 272 293 298
54 252 253 347
123 145 259 454
6 86 91 299
337 354 359 451
69 72 210 433
23 183 250 278
175 192 340 420
82 155 311 344
103 115 178 467
80 92 174 196
55 66 135 182
57 79 95 179
110 196 373 399
79 83 87 407
139 141 283 304
164 355 420 445
108 117 418 487
380 398 470 499
312 315 416 459
85 89 183 473
26 41 174 346
17 37 443 487
111 463 475 494
42 266 269 437
60 82 261 482
268 296 306 408
14 210 242 402
116 136 267 281
353 363 371 378
192 336 343 439
161 175 225 365
248 273 459 475
36 208 240 341
129 130 253 341
213 247 314 483
27 44 45 288
400 414 449 462
237 261 262 476
366 376 389 469
55 88 366 384
23 117 208 246
47 48 343 483
108 256 283 397
126 202 209 250
30 92 364 389
16 209 242 321
129 141 373 400
125 182 189 193
424 445 485 497
14 163 193 497
155 213 232 327
244 330 341 363
305 347 407 412
20 129 188 199
32 293 300 304
248 413 470 493
62 174 198 456
101 118 327 448
153 222 415 440
51 52 87 105
157 161 163 461
28 40 61 445
207 248 313 366
43 169 189 376
128 168 180 326
243 303 327 474
16 231 357 374
251 353 367 460
19 232 490 493
157 178 259 284
88 205 401 443
157 175 225 427
264 266 273 476
166 171 279 353
294 415 426 486
38 176 196 362
49 345 418 434
254 296 299 461
51 267 429 449
116 304 326 451
253 279 326 412
60 316 321 465
1 32 95 214
247 352 357 461
33 45 103 145
114 148 411 419
429 447 470 475
76 159 185 221
313 433 458 494
33 35 39 320
50 59 181 238
208 210 308 320
52 305 317 348
113 172 184 199
120 359 435 449
9 87 90 389
67 85 90 253
190 351 354 363
206 220 375 394
171 254 299 332
118 145 299 488
167 169 264 318
39 46 47 377
37 186 195 197
29 37 148 322
25 310 340 474
50 173 218 225
63 79 134 455
95 312 489 496
2 33 176 473
352 397 454 489
14 28 285 387
328 382 394 428
16 229 265 286
113 358 396 412
4 91 456 457
10 15 42 289
261 279 286 381
55 61 96 260
7 72 96 345
20 25 157 490
201 272 278 444
12 31 46 413
46 156 173 189
48 394 479 489
1 44 84 442
83 153 222 461 492
115 175 424 430 441
24 57 98 129 462
156 198 217 286 390
4 311 347 400 433
15 311 431 451 467
75 97 271 452 467
237 276 402 427 435
155 424 425 470 474
11 34 56 285 352
68 103 114 302 472
62 360 382 394 499
135 250 406 414 436
65 73 176 269 342
184 287 355 451 459
83 144 153 171 442
158 165 252 419 448
53 164 209 228 405
16 57 93 330 337
265 272 276 314 408
19 286 287 290 295
94 160 183 378 465
143 219 408 417 438
126 374 380 384 490
292 342 355 358 399
4 165 186 222 431
103 155 198 411 424
127 176 192 206 213
112 163 187 197 351
5 11 165 202 203
19 36 138 388 493
50 95 135 223 363
63 114 135 144 386
205 207 351 440 468
103 187 192 343 449
84 86 123 196 421
143 148 270 408 460
54 82 156 260 272
117 162 182 362 387
62 100 149 261 432
86 87 337 442 482
105 165 181 228 244
14 243 283 296 310
117 169 225 241 480
40 49 248 273 445
21 210 257 276 349
187 317 354 386 430
10 33 61 72 427
112 149 241 321 389
47 87 298 475 491
172 238 261 302 317
61 189 193 444 466
4 117 143 406 490
27 95 128 141 311
118 146 254 459 461
53 84 175 257 387
73 94 124 152 238
61 64 163 227 415
177 217 354 368 467
67 309 346 389 468
104 148 311 312 368
23 128 131 209 334
30 209 236 314 467
11 22 111 352 461
3 279 385 466 499
72 99 122 297 426
0 5 12 131 167
75 105 365 433 435
0 4 118 160 203
112 123 294 441 468
30 37 75 90 347
56 117 155 169 467
140 224 250 255 310
78 180 221 235 342
114 132 251 369 443
2 80 255 307 343
157 173 207 231 468
244 283 406 437 443
68 137 271 379 384
192 347 380 389 454
111 256 321 323 330
159 198 263 267 410
77 83 213 360 365
52 117 132 264 333
114 126 288 345 398
112 168 315 324 413
81 192 194 486 487
106 158 159 428 477
27 91 99 314 381
313 361 400 442 487
47 361 368 380 421
71 126 143 161 239
368 389 405 426 481
91 226 235 324 461
180 183 188 441 457
81 168 274 294 398
90 156 195 280 398
83 247 385 485 492
391 395 405 461 493
283 301 317 334 493
12 137 141 215 256
105 157 196 271 383
69 94 207 374 465
91 204 225 263 353
65 361 450 480 488
50 164 183 247 409
3 5 24 48 154
86 105 126 268 455
89 172 185 252 420
85 104 117 185 271
181 241 296 353 380
11 23 26 136 314
1 13 26 260 446
65 96 183 224 443
104 147 213 424 485
58 114 116 305 339
90 112 185 191 456
72 124 161 174 385
218 274 402 407 428
112 128 132 382 447
89 91 261 339 380
71 169 328 331 370
9 32 398 423 474
30 47 167 448 499
53 86 122 158 450
52 80 184 231 246
40 49 64 276 411
19 40 364 442 446
50 66 408 426 444
80 81 176 195 290
42 355 370 388 460
100 131 375 407 463
154 276 311 400 409
101 121 136 372 472
13 28 129 259 287
83 219 249 254 468
102 142 185 381 488
12 53 264 280 346
317 319 334 363 390
34 406 453 482 486
264 274 292 379 467
138 143 165 220 288
56 58 78 320 410
64 202 204 208 209
3 78 101 114 376
188 204 211 303 429
35 216 243 349 496
211 228 253 272 370
200 233 280 390 474
8 58 247 363 376
211 226 362 373 430
91 220 221 240 446
149 151 166 195 424
150 162 219 421 442
72 89 234 333 491
204 215 226 292 420
182 196 231 375 377
84 181 308 477 496
29 315 353 413 419
128 200 220 233 320
100 101 141 186 299
15 19 196 360 367
119 131 308 337 446
73 357 379 381 404
11 21 46 223 324
134 250 372 376 398
6 23 47 168 290
42 304 405 421 450
272 293 333 387 440
122 337 352 377 417
47 167 178 267 289
121 315 396 450 479
81 182 414 457 487
18 297 308 459 464
208 315 390 490 494
150 280 287 364 497
63 159 169 173 355
13 17 35 214 351
244 300 307 374 467
207 237 269 273 431
60 371 382 462 469
44 347 358 382 431
61 83 133 327 383
106 126 326 395 479
114 301 316 319 326
36 42 69 201 471
108 186 213 241 330
160 218 316 320 340
24 44 63 133 165
310 347 388 454 472
57 264 276 303 470
1 12 253 331 333
33 39 157 266 400
210 318 355 479 490
41 229 300 326 406
446 449 456 458 471
17 45 168 341 362
85 116 270 403 420
37 59 410 433 486
94 163 310 319 465
88 313 344 380 473 493
102 148 192 265 267 272
133 159 197 286 407 409
112 179 248 358 364 391
51 79 284 354 427 434
6 43 146 150 248 328
2 31 205 230 389 421
4 134 141 318 353 394
15 25 90 275 293 298
26 52 258 334 346 409
20 167 171 210 216 483
146 173 214 242 256 354
19 59 67 102 118 479
1 41 52 425 466 485
205 301 386 399 486 496
76 86 127 211 294 482
118 137 139 149 228 393
5 29 30 71 105 401
183 261 291 338 462 467
27 35 45 92 481 496
13 27 187 299 464 494
59 166 353 377 394 427
78 245 342 352 369 470
233 237 302 364 406 418
156 219 253 280 370 459
27 39 116 384 473 490
15 29 126 177 248 386
118 120 143 248 369 408
75 98 148 362 397 490
19 121 175 190 195 216
20 316 395 413 443 449
0 29 63 191 406 479
52 62 203 242 359 367
58 72 164 215 242 483
221 286 304 319 349 476
100 126 327 340 364 499
37 85 94 280 437 441
222 263 292 398 460 493
14 17 324 346 362 390
48 118 291 292 330 376
0 13 46 109 114 285
34 123 201 226 355 492
16 35 46 114 144 246
38 127 223 229 239 353
72 213 235 257 328 347
169 211 241 244 287 340
21 26 109 113 240 336
35 89 260 265 462 478
5 242 263 299 426 475
16 35 91 126 261 431
32 36 163 177 329 430
0 8 274 276 298 343
69 293 319 328 366 477
160 163 165 173 220 405
246 294 413 440 458 484
3 228 295 296 368 424
68 223 323 452 465 489
60 92 324 331 470 498
214 251 369 431 445 464
57 366 398 419 426 487
43 150 214 240 347 389
14 24 28 35 129 143
97 322 377 466 491 499
9 174 188 205 243 373
42 50 61 88 219 465
206 279 291 343 395 463
46 50 160 187 265 455
28 87 133 425 434 449
174 185 308 327 386 431
2 18 62 202 455 462
167 180 194 331 445 498
26 50 315 317 405 409
23 60 267 430 454 474
106 203 333 383 459 473
363 374 393 409 411 488
71 107 116 148 169 378
103 187 330 378 452 484
108 163 228 244 413 423
15 24 46 152 369 390
53 205 206 210 290 390
17 114 149 172 296 468
81 167 213 256 280 455
28 146 158 198 255 440
103 124 140 223 246 313
114 115 127 177 336 386
271 290 295 385 447 449
8 39 201 228 299 496
1 4 21 132 254 387
162 286 304 312 361 482
235 247 452 454 496 498
30 120 223 246 459 499
26 241 306 326 337 438
32 147 156 162 293 308
85 162 164 256 295 466
182 302 321 323 334 382
47 342 389 412 420 450
146 421 446 450 455 461
25 212 462 486 494 497
171 194 222 257 388 471
1 20 39 41 170 428
22 74 200 310 471 492
72 111 120 161 165 398
226 241 280 355 412 493
13 43 126 140 159 384
4 27 102 287 359 406
121 204 250 282 309 333
283 294 358 363 380 408
21 30 31 82 127 358
68 85 213 242 426 431
45 171 250 432 445 497
17 189 354 360 479 490
127 129 136 285 309 433
71 91 99 145 430 472
6 54 337 398 476 480
37 65 205 418 424 446
25 188 293 397 437 443
38 152 417 474 482 483
192 201 205 208 282 470
32 229 309 411 414 432
71 94 175 430 438 475
10 119 133 309 327 408
35 166 300 372 393 408
59 68 96 135 322 413
26 109 118 177 288 396
60 159 173 265 320 337
28 61 67 403 428 442
16 216 335 340 451 460
60 65 153 324 468 494
59 61 178 186 328 483
24 50 81 182 270 329
122 150 309 338 465 470
47 137 175 225 258 277
43 211 241 253 256 277
55 106 108 122 137 254
8 145 149 261 265 311
42 218 223 231 244 308
217 237 250 261 427 444
23 87 228 411 440 456
74 110 116 191 477 488
7 28 67 79 316 399
109 139 295 402 454 461
3 78 214 265 293 426
28 70 235 400 418 448
64 65 91 177 281 286
93 205 227 240 304 465
136 167 177 253 357 368 393
18 19 67 233 259 291 367
277 309 340 388 391 401 429
273 287 405 436 467 472 490
85 113 193 215 410 481 493
187 208 243 252 284 412 441
29 100 155 190 335 346 475
43 69 79 161 211 212 227
69 136 214 225 273 317 389
26 59 260 265 269 292 456
57 100 408 418 430 435 449
236 250 324 422 456 459 485
9 299 355 383 385 448 485
53 116 132 138 276 336 408
35 41 238 261 417 424 433
2 38 43 169 248 282 404
184 229 355 358 391 392 432
136 149 224 243 367 418 494
22 96 142 326 343 406 417
83 158 309 366 382 398 442
194 202 293 404 411 425 459
89 229 231 280 332 381 399
53 86 108 117 141 360 403
95 176 270 339 373 388 392
15 59 78 171 179 229 267
5 56 87 239 400 407 429
94 187 216 249 335 337 492
80 279 332 350 398 411 413
0 119 167 196 272 361 371
49 74 95 129 364 469 477
37 142 268 291 299 432 456
41 60 91 156 206 339 360
60 83 239 268 299 324 485
27 44 86 205 237 393 478
98 140 229 316 318 320 352
89 188 205 267 293 351 460
14 171 264 320 341 384 499
141 155 233 359 374 394 493
96 214 228 244 383 386 478
219 253 311 318 393 470 494
72 194 211 311 421 423 474
25 38 65 153 392 408 477
5 41 61 67 176 235 368
127 131 147 206 221 421 430
18 204 211 246 248 300 386
75 84 157 282 462 480 489
92 251 276 331 414 438 492
66 234 389 413 445 448 453
23 24 114 123 302 361 477
233 243 256 389 451 454 459
21 200 202 206 220 476 496
19 201 210 227 233 272 428
10 127 140 218 245 412 428
35 44 64 85 234 350 483
13 18 70 187 195 312 377
35 62 172 178 298 318 322
90 134 205 234 355 393 454
10 38 268 366 377 416 483
32 226 287 356 367 401 479
138 207 274 402 412 415 443
7 76 81 106 144 347 429
62 253 303 361 380 431 457
19 39 40 47 83 315 358
29 84 133 142 145 273 425
105 216 357 474 478 489 495
77 89 109 225 403 415 435
32 149 191 415 441 445 491
35 155 210 239 255 257 443
24 56 128 240 241 459 471
1 9 19 82 124 244 289
86 104 201 216 255 288 404
130 213 233 279 296 323 383
72 180 196 279 287 297 414
55 83 103 122 136 151 206
106 124 157 188 295 415 442
120 137 183 274 309 344 357
84 211 246 302 328 388 471
3 4 120 145 239 279 428
56 63 217 270 279 361 423
87 98 105 165 201 301 439
11 15 27 209 258 325 329
99 185 262 323 356 364 377
102 108 134 346 410 433 454
69 71 96 109 276 452 479
23 139 308 315 340 427 441
275 331 363 437 465 482 493
69 264 265 367 387 388 480
40 150 160 193 213 291 347
12 51 120 145 250 272 429
1 140 159 237 302 315 328
58 100 128 140 151 311 444
8 26 93 151 291 347 447
104 162 194 203 244 314 440
54 115 224 232 334 338 448
83 90 93 173 188 289 341
62 77 117 218 312 332 384
20 56 76 161 297 495 496
7 66 111 117 147 148 444
6 21 251 294 324 345 419
8 56 78 87 97 284 383
6 112 155 170 312 319 413
133 148 156 313 330 443 483
28 54 83 141 185 229 271
37 83 88 90 118 242 255
69 211 270 302 316 334 468
200 215 248 264 280 337 401
52 184 237 260 277 355 482
1 169 279 288 323 350 494
26 29 194 227 281 285 367
10 33 110 132 240 340 492
27 271 332 349 351 359 468
69 70 176 238 325 362 427
266 275 317 329 392 399 450
172 206 374 378 389 453 462
0 79 229 242 255 340 435
13 92 362 375 382 395 483
325 328 335 356 360 381 391
64 65 178 210 244 361 370
1 48 81 121 137 186 313
22 48 64 347 357 426 427
23 29 75 185 245 356 413
168 277 294 314 356 390 455
57 142 206 263 366 381 399
3 43 214 220 332 340 386
83 141 215 221 327 329 342
237 250 252 256 364 412 430
132 312 323 387 403 409 431
8 12 100 113 362 419 422
44 90 97 233 300 308 367
61 142 144 225 289 300 328
37 54 113 133 137 149 229
5 18 43 102 170 178 375
44 72 80 85 156 170 467
26 43 53 170 274 391 395
88 91 160 180 185 197 217
10 21 238 265 377 456 457
69 180 233 240 264 292 349
37 39 113 281 288 335 442
88 209 279 281 348 354 448
24 43 72 90 142 217 379
44 158 165 199 270 282 392
87 133 206 331 422 443 447
54 346 367 385 405 475 476
6 155 160 164 297 417 425
1 32 51 77 196 447 497
11 40 126 200 235 343 439 447
82 93 104 196 435 449 482 489
10 158 189 255 405 449 480 488
95 249 298 392 423 432 434 449
62 354 413 420 429 438 466 468
82 126 171 175 190 225 249 296
106 136 142 154 235 257 407 440
44 116 187 261 272 287 360 470
103 112 134 176 334 339 354 469
12 33 40 60 253 276 314 417
87 88 204 233 289 292 295 318
20 91 163 166 185 352 377 410
0 64 70 192 381 387 395 474
24 191 201 213 246 261 355 456
132 152 154 248 305 359 463 478
41 57 98 125 187 335 383 485
55 153 313 317 343 376 461 471
52 146 161 180 248 321 358 467
7 104 119 145 182 201 337 361
179 272 364 366 411 418 421 436
106 136 175 209 253 267 295 327
111 113 126 226 244 379 396 465
6 23 32 75 158 228 233 416
46 104 138 178 183 298 323 363
63 78 122 289 313 345 414 457
96 98 150 192 324 338 424 485
35 38 84 111 288 316 341 353
182 195 210 388 457 467 470 477
143 149 206 208 214 271 308 313
15 188 220 292 306 317 325 432
28 152 193 227 248 305 346 474
21 149 152 204 259 452 461 480
108 222 228 249 314 332 338 460
80 142 165 173 228 281 384 443
66 163 187 216 233 234 246 414
76 135 259 275 314 366 421 497
52 82 100 126 171 197 255 398
17 48 57 98 142 217 225 429
15 153 204 275 280 298 423 441
4 60 61 72 75 255 303 340
8 102 280 292 338 377 441 447
45 64 72 190 259 364 479 486
79 203 216 235 250 285 329 483
95 105 204 244 328 340 419 447
94 197 228 232 249 369 459 461
36 123 187 207 211 227 352 397
2 41 164 187 191 192 203 207
71 91 128 182 266 382 393 459
4 74 128 143 183 212 216 264
56 116 296 305 361 454 475 485
14 265 272 364 403 410 427 468
50 77 193 229 236 335 347 397
49 119 231 237 240 361 371 429
176 187 251 256 315 405 407 484
1 39 45 96 204 272 409 410
137 206 213 383 399 412 448 459
5 18 28 170 224 256 272 295
36 128 172 434 443 462 469 476
101 151 183 216 231 331 372 417
100 117 179 326 352 402 411 484
18 23 34 66 211 292 338 373
240 318 402 428 438 454 457 464
15 19 24 234 379 389 409 429
75 104 142 233 237 293 491 494
83 87 194 413 419 425 442 483
32 33 39 92 312 379 383 444
3 60 70 161 284 359 371 462
16 112 185 261 329 332 342 396
51 60 81 106 118 284 314 479
166 198 308 392 436 477 485 491
94 121 162 192 202 305 383 461
179 189 196 197 273 286 371 481
8 49 91 202 232 236 402 453
9 22 161 245 264 458 480 484
12 29 39 124 319 425 436 439
48 73 163 165 214 292 326 384
49 92 127 131 170 265 295 310
33 83 100 124 206 230 246 312
35 83 95 200 201 205 256 276
197 239 303 341 347 446 454 499
27 84 165 173 269 292 428 487
10 141 246 320 404 407 412 449
66 70 92 113 241 298 305 380
74 78 88 206 230 304 331 470
80 86 107 156 255 406 408 409
126 191 260 363 409 460 476 477
78 106 133 205 218 249 402 491
24 105 149 204 246 266 445 454
41 111 216 321 322 329 414 465
26 158 164 187 230 309 364 467
148 185 193 194 210 232 253 329
51 102 121 126 223 318 337 462
33 55 115 146 364 406 484 487
106 257 279 288 294 396 422 451
83 105 209 248 363 386 433 435
37 74 116 271 450 452 485 491
93 164 173 335 382 405 428 443
0 20 216 264 267 407 445 450
98 199 229 337 348 396 426 428
18 51 133 221 243 369 428 496
13 61 154 157 187 366 464 496
46 230 236 310 323 331 332 416
47 95 101 109 136 164 388 435
10 39 124 271 328 423 447 476
107 161 263 275 287 327 338 393
8 33 54 182 359 464 467 474
61 75 88 219 241 300 319 389
8 97 227 250 265 352 358 427
147 219 328 350 355 399 471 479
28 33 55 81 133 323 363 451
5 125 143 210 226 254 395 414
19 45 88 148 196 198 324 416
105 234 265 273 295 350 477 487
51 67 141 351 355 398 418 433
76 249 260 339 410 424 445 471
39 185 190 254 292 334 355 414
48 61 372 378 387 393 453 472
15 40 47 81 187 233 327 484
4 132 269 277 278 419 422 437
21 105 115 171 176 190 447 458
101 114 142 188 225 303 318 397
12 352 364 384 390 405 429 495
11 62 65 71 154 263 299 356
25 64 117 208 306 358 434 435
223 301 313 333 381 382 427 481
102 165 228 277 394 466 471 490
7 121 211 326 379 404 463 479
69 179 225 235 246 288 447 464
154 162 177 182 275 279 327 351
9 81 157 353 366 388 389 424
5 67 74 211 259 299 310 334
41 162 190 300 326 344 421 425
51 111 317 344 348 357 413 444
47 68 151 162 174 175 322 406
21 32 163 167 197 244 271 331
157 207 226 262 283 344 403 426
68 223 307 406 421 429 438 448
10 14 18 75 131 252 360 453
42 129 207 226 315 419 459 477
53 101 213 316 338 347 438 444
16 79 271 281 282 323 337 468
202 222 249 324 413 458 463 480
20 222 240 335 350 368 457 474
35 37 141 202 224 257 450 469
14 101 216 246 373 386 407 440
29 41 54 76 115 202 295 436
9 101 186 212 213 270 273 325
49 52 82 130 217 410 418 420 441
2 32 141 272 317 337 362 459 487
30 78 105 136 138 149 239 444 465
118 183 200 205 305 373 398 400 427
106 152 209 378 393 452 462 481 491
132 154 183 243 297 382 436 440 473
91 111 123 152 160 268 378 421 455
39 45 118 134 201 297 305 399 426
91 92 133 243 269 371 401 425 429
13 72 86 160 167 410 440 461 482
35 46 68 69 194 280 282 295 419
71 188 191 192 310 312 344 382 459
42 90 96 180 228 258 365 394 438
185 206 231 243 245 358 448 471 480
70 72 126 179 288 350 378 414 457
80 173 336 349 354 357 412 458 479
30 35 150 183 250 285 363 389 447
7 9 55 78 91 95 326 382 486
2 59 120 135 159 206 213 242 375
82 93 118 158 190 244 259 274 391
50 214 260 265 363 425 452 465 469
14 108 181 229 230 241 361 416 430
32 54 83 90 157 164 170 399 436
2 94 248 272 275 307 402 449 464
42 87 133 151 267 308 342 439 469
0 64 65 72 75 99 225 452 478
49 225 241 248 294 298 402 425 460
54 85 87 307 308 339 380 428 493
60 86 137 285 304 319 329 440 452
160 175 221 239 252 297 315 362 377
73 84 99 119 177 225 341 345 496
10 62 158 171 202 236 301 424 446
4 52 99 111 134 253 356 360 418
133 149 191 203 210 459 461 492 498
32 102 135 140 186 314 401 450 465
7 20 50 58 71 405 418 440 495
28 70 77 104 115 128 258 316 433
42 113 124 127 217 248 383 459 480
90 104 111 131 153 165 180 282 342
7 28 31 163 170 262 314 462 474
87 139 178 250 266 389 433 479 497
4 54 60 70 86 99 128 177 225
52 61 92 154 228 231 283 365 370
82 108 112 132 134 273 303 424 448
2 41 76 137 162 230 296 358 496
83 129 339 421 424 439 443 468 499
5 98 113 201 228 237 240 287 313
14 49 133 146 182 244 374 397 412
90 177 201 205 251 261 362 378 456
13 14 188 250 308 374 388 410 466
241 244 260 266 276 280 320 347 367
8 83 86 105 202 297 319 461 474
3 12 24 35 121 192 256 286 339
8 164 176 249 268 270 286 450 461
80 91 155 253 266 289 465 473 496
69 80 185 192 216 318 334 420 463
47 109 220 243 246 310 348 373 468
10 21 31 47 342 380 476 480 499
34 91 151 221 233 281 325 418 460
195 218 219 251 260 274 321 351 427
256 293 294 350 351 403 416 431 490
81 83 97 132 151 205 226 229 478
13 118 178 309 326 355 417 452 476
70 104 127 159 162 168 255 285 401
70 166 316 337 397 406 410 443 487
88 123 176 179 199 212 225 240 308
167 282 310 317 328 361 423 427 454
34 41 44 81 84 265 309 345 410
47 164 219 222 235 318 327 360 447
166 225 264 266 287 305 387 411 492
32 65 225 228 238 282 375 389 447
74 76 130 159 182 351 398 424 483
14 22 52 71 75 84 289 349 447
2 14 39 46 110 130 148 158 178
27 136 157 204 296 353 423 462 474
38 112 155 187 246 253 314 357 370
19 78 83 223 251 302 404 456 496
30 54 167 181 201 290 337 386 420
239 244 253 337 342 355 360 397 488
89 148 166 169 173 184 196 426 471
54 118 163 164 212 230 337 423 449
116 139 175 304 316 391 405 419 464
29 82 162 163 316 328 355 414 498
4 5 27 81 258 454 465 471 493
1 29 86 89 183 219 292 477 499
3 29 76 176 297 359 372 462 473
55 57 66 97 142 202 323 350 437
71 80 86 96 138 152 328 463 492
133 157 164 178 227 311 367 431 443
103 127 169 211 214 227 355 361 420
12 23 71 150 219 337 403 405 476
23 32 148 150 172 220 353 453 480
6 26 257 328 349 360 425 426 475
12 108 110 268 293 465 479 492 494
102 253 314 337 344 348 414 467 496
1 83 87 107 208 340 373 474 499
51 56 98 159 167 199 256 299 395
32 126 189 236 296 338 348 467 499
45 220 243 267 270 349 397 404 451
6 26 30 294 325 331 351 352 476
35 135 146 153 165 173 184 267 490
3 30 186 192 228 363 378 384 407
36 48 50 51 68 223 236 248 353
167 191 192 200 211 231 255 394 442
46 77 89 144 152 206 254 462 495
100 104 163 221 250 282 337 339 414
76 92 114 133 293 405 429 492 494
110 194 196 238 296 305 344 371 400
27 30 91 95 155 227 280 321 326
18 42 141 172 215 401 435 461 497
22 26 73 97 179 186 228 485 494
40 61 114 132 137 145 247 423 452
42 114 115 269 320 365 387 436 483
13 62 117 135 356 444 460 468 469
14 28 54 112 145 334 411 412 443
119 133 144 179 236 302 303 330 437
29 90 246 336 386 402 428 430 481
55 90 99 133 259 318 347 440 496
102 131 174 203 292 358 378 409 432
184 188 190 217 272 401 464 476 490
103 123 143 193 324 410 422 446 487
16 37 65 84 253 260 281 284 485
109 128 156 228 284 296 297 413 470
63 191 206 287 289 330 448 459 486
113 181 224 226 257 264 278 280 457
10 175 180 229 238 245 279 301 335
18 45 46 53 57 281 324 337 417
58 69 163 217 344 367 436 439 489
24 27 66 120 284 306 353 380 435
48 225 342 345 361 412 423 429 444
9 16 42 151 163 174 192 435 482
23 65 111 141 163 328 330 444 465
98 120 140 150 185 188 197 231 423
13 14 24 28 60 147 172 279 490
32 54 61 107 111 169 306 322 444
0 11 21 217 288 382 398 490 496
29 96 157 182 198 263 316 359 395
75 110 215 242 383 394 408 445 450
52 99 171 175 186 209 282 306 346
83 137 155 172 224 234 255 417 487
115 197 203 278 333 339 352 383 453
60 213 324 350 433 437 438 453 487
18 159 165 198 272 290 300 403 405
76 160 202 213 222 277 309 352 441
42 62 134 154 155 272 281 298 470
65 95 115 236 248 347 360 398 467
2 17 29 91 217 383 449 463 471
2 36 37 169 196 231 358 386 439
68 105 179 213 264 280 311 361 440
29 96 99 178 278 301 312 316 461
44 82 202 213 262 317 358 385 466 483
33 40 112 123 240 337 378 409 423 493
31 40 47 120 301 313 347 351 370 395
38 107 147 243 306 326 358 393 435 498
146 253 260 269 286 304 319 460 488 498
17 58 110 132 141 287 305 375 379 455
37 123 213 223 232 327 343 410 489 499
53 89 126 173 176 291 415 454 480 495
8 152 161 279 283 289 320 374 387 419
11 86 133 185 207 296 324 405 420 439
103 131 158 182 197 314 364 382 388 426
162 167 259 264 286 319 367 369 416 450
24 67 79 101 117 133 245 313 332 401
73 97 151 201 320 342 371 394 417 445
13 22 35 273 302 361 374 406 414 463
3 192 201 249 367 386 398 413 460 483
22 118 132 159 192 229 262 284 300 301
2 32 120 121 149 305 324 345 383 413
182 198 217 249 272 285 292 408 462 475
5 49 51 170 258 329 347 398 457 476
4 7 69 145 149 171 180 184 409 426
114 178 209 215 236 243 350 442 463 498
43 69 164 177 248 253 279 379 390 437
30 99 188 198 342 389 444 459 474 481
117 124 131 220 221 245 295 368 432 467
1 15 99 259 299 322 328 373 437 464
11 12 43 225 255 336 338 419 442 461
15 122 184 186 207 230 265 269 292 396
27 40 66 71 76 155 348 360 385 489
3 16 106 251 339 346 360 375 476 484
10 55 61 169 194 209 217 353 361 482
130 145 151 261 355 360 362 363 405 453
99 178 189 201 224 332 374 392 441 485
8 142 186 251 269 297 308 323 333 486
37 75 135 139 180 203 206 308 329 390
0 7 47 72 89 317 375 434 443 499
26 49 114 125 233 385 388 438 454 475
119 167 227 231 255 257 363 402 491 499
32 45 73 224 246 258 327 374 393 408
66 87 119 204 213 264 312 314 324 361
10 46 195 242 259 267 401 417 440 470
15 48 76 129 243 378 422 458 461 498
18 98 109 179 208 286 324 345 411 424
49 140 245 260 261 333 336 337 356 387
19 39 96 173 213 215 247 281 322 490
73 128 133 315 317 363 386 427 455 491
23 166 301 314 317 350 416 449 452 468
63 87 228 283 288 340 373 377 382 478
31 33 67 265 312 367 396 419 441 450
34 63 86 187 277 321 350 375 479 486
25 44 119 227 237 250 359 376 389 425
0 18 95 135 216 240 360 409 494 496
137 238 240 344 347 348 410 447 454 485
20 35 85 255 280 300 466 483 485 492
51 93 129 212 277 310 372 380 476 497
12 32 140 208 246 264 270 283 322 401
8 28 112 138 142 224 243 304 371 395
32 42 131 200 211 256 278 343 399 471
99 116 131 194 245 352 380 402 409 420
55 68 103 106 205 208 359 462 467 472
24 32 40 96 194 269 284 289 325 455
82 102 106 140 266 285 313 350 376 472
22 28 68 136 172 177 278 388 435 462
25 100 107 143 183 313 316 339 360 453
78 94 138 165 200 214 237 300 308 334
81 127 175 205 232 305 370 385 481 499
227 267 316 318 385 417 431 441 462 499
74 128 178 327 400 417 424 445 446 456
118 208 209 231 248 310 332 414 455 462
116 211 241 244 262 307 315 330 368 451
22 67 96 99 137 222 321 427 465 474
8 67 79 86 203 255 258 359 437 476
70 82 191 207 376 429 440 444 458 474
20 103 113 164 175 230 237 330 378 428
3 22 82 85 168 210 269 369 422 464
72 109 144 145 267 282 352 388 392 406
28 33 34 106 136 181 265 331 468 499
35 41 59 73 226 331 399 474 484 488
101 139 143 149 171 212 242 292 321 425
30 155 174 180 247 253 275 288 337 421
88 203 221 301 328 333 384 390 424 473
49 56 66 90 275 295 322 325 367 444
100 105 117 118 182 211 276 293 336 382
40 175 230 247 249 372 426 448 450 452
33 196 228 266 304 351 353 358 434 463
40 54 65 74 164 209 242 386 431 493
55 68 108 142 160 198 263 333 365 395
27 60 66 81 167 201 282 323 366 438
138 259 261 263 269 306 350 358 438 472
57 68 95 174 279 317 326 436 456 480
67 82 99 194 198 206 213 242 386 387
32 83 132 145 269 376 392 452 469 473
0 25 79 93 106 200 237 288 315 414
8 25 65 66 173 192 270 291 318 457
22 162 166 200 231 278 376 400 422 479
17 23 122 186 334 381 386 399 407 413
61 113 182 278 307 382 440 477 483 487
75 243 267 312 318 319 339 368 383 474
1 120 186 287 307 310 311 333 403 443
13 41 122 188 212 227 255 367 393 401
207 217 231 278 320 347 380 414 468 472
37 132 136 313 391 393 399 416 430 471
179 232 316 318 341 386 436 437 453 464
37 222 229 240 241 243 257 268 290 481
46 60 74 195 206 207 230 240 330 416
19 119 128 137 357 399 404 412 465 469
0 132 209 248 259 299 408 431 444 498
6 14 76 191 200 204 211 220 243 334
176 188 198 231 265 399 424 426 439 475
45 130 201 231 304 318 327 387 466 467
70 181 193 232 262 272 308 379 448 498
5 11 17 151 173 197 289 330 394 489
57 59 77 99 118 235 281 320 354 412
68 73 86 136 153 318 377 395 462 475
85 165 169 325 340 412 426 434 455 494
34 58 59 85 102 128 160 238 328 404
100 133 155 255 285 300 308 382 430 464
31 42 200 223 237 295 358 362 364 408
16 37 57 73 96 203 313 438 448 453
2 129 172 244 262 280 290 298 353 446
25 57 95 98 151 155 157 241 255 270 365
2 29 99 115 124 128 175 186 188 277 281
95 198 211 324 325 338 339 352 361 362 416
167 195 270 282 295 298 311 361 470 484 487
13 20 26 61 163 187 202 209 249 336 341
6 17 24 155 174 178 220 276 382 385 489
22 104 120 142 183 236 248 389 436 442 464
1 21 37 159 166 218 296 298 357 361 467
124 134 147 164 171 189 312 355 379 413 472
50 51 75 195 209 221 261 267 340 422 471
44 87 113 177 188 195 258 267 285 330 441
45 62 83 149 164 166 215 241 367 484 486
39 252 253 282 295 354 355 364 439 457 498
79 94 143 214 264 306 312 331 349 456 490
12 84 98 116 201 308 363 386 388 395 408
20 142 170 216 260 320 338 390 404 410 414
11 14 259 275 277 288 294 425 440 459 479
65 106 108 119 128 141 150 212 265 292 489
1 15 40 135 169 230 277 290 292 299 305
106 158 283 321 349 382 419 424 427 449 461
14 62 83 91 151 203 209 240 301 338 376
13 31 75 94 108 140 147 331 343 388 406
17 48 107 139 155 206 232 297 320 322 343
36 50 75 100 114 131 376 381 412 459 477
148 185 189 219 279 285 303 316 375 392 448
35 45 85 146 150 159 175 182 201 363 384
117 127 186 218 252 257 360 426 438 442 447
77 169 172 186 217 257 345 371 400 437 457
28 75 117 120 140 193 240 253 258 432 465
87 167 168 190 266 281 286 345 371 412 488
69 91 217 227 234 239 244 250 298 402 440
51 131 159 235 253 256 270 281 283 388 403
10 196 258 268 304 316 320 360 438 461 487
54 64 77 91 128 164 196 216 221 233 376
40 87 168 169 242 287 411 422 440 467 470
57 176 196 222 286 298 353 378 391 471 480
24 73 102 181 317 338 424 438 439 464 492
49 59 92 118 172 272 386 447 463 487 494
4 20 21 29 30 121 131 139 188 211 468
36 62 115 204 255 256 257 281 405 436 464
11 55 66 101 105 185 194 313 335 361 494
21 26 106 117 141 184 196 278 384 399 408
3 24 35 75 98 165 245 252 255 371 415
33 165 237 280 305 329 373 412 465 487 497
56 129 147 190 196 199 256 258 410 442 467
33 102 133 140 183 218 270 337 367 378 469
5 16 29 107 155 159 204 229 241 299 312
8 29 122 143 150 176 179 271 328 386 414
0 12 132 140 165 189 226 287 297 362 445
1 88 110 148 374 387 414 417 428 433 457
135 155 198 258 293 327 363 376 412 423 433
22 50 94 141 144 148 162 257 267 411 418
92 134 142 170 307 308 329 391 393 413 477
22 27 90 99 186 210 264 265 321 467 494
13 44 81 105 209 230 283 326 328 438 446
98 114 213 290 309 310 312 411 429 463 497
67 70 80 81 175 267 316 333 340 356 397
30 31 33 41 63 139 236 270 385 399 466
127 150 153 155 201 273 326 412 452 486 488
77 206 209 218 232 315 316 323 366 432 487
10 49 150 354 357 381 386 404 431 437 440
16 147 153 253 307 403 419 420 424 432 437
3 7 14 88 167 223 266 290 329 383 403
85 88 93 123 178 260 269 270 387 398 438
91 93 185 196 294 299 390 406 467 472 481
67 71 107 131 132 173 209 255 326 463 487
13 46 112 142 201 264 304 307 342 344 422
67 101 253 282 294 308 338 339 422 425 430
31 96 108 125 145 166 171 192 221 313 328
3 38 99 229 244 245 266 400 403 453 465
34 71 110 120 146 197 301 304 305 337 477
60 101 108 114 135 193 250 341 342 467 489
8 38 72 91 106 160 228 289 308 325 407
58 115 127 194 212 237 271 330 355 394 399
1 45 131 132 149 236 284 313 375 388 457
102 110 143 162 174 188 267 299 302 348 449
2 49 167 191 279 296 393 436 442 476 494
83 107 116 142 258 300 324 387 431 478 493
52 110 116 127 140 150 180 197 305 343 474
21 136 153 201 220 239 300 315 317 490 495
7 65 82 251 262 265 350 381 415 462 473
57 92 183 186 397 407 426 428 451 458 465
8 28 101 240 242 302 403 415 468 476 489
72 119 136 137 157 229 242 414 422 438 489
23 79 114 170 186 261 289 337 362 392 427
80 173 192 207 216 230 235 253 383 460 494
4 7 19 44 122 180 181 286 328 348 426
51 100 104 210 229 238 339 351 395 404 418
72 81 115 222 226 283 345 375 393 397 474
73 132 147 217 241 332 366 373 383 450 482
50 58 73 129 134 256 272 305 324 476 499
19 53 59 156 176 245 250 268 308 392 484
22 25 100 140 142 145 161 180 194 246 459
4 28 81 138 160 179 216 305 361 396 479
99 124 126 165 185 192 209 304 387 450 496
19 42 83 139 195 249 401 404 407 433 471
47 83 139 220 262 286 377 435 489 495 498
24 44 167 186 207 240 408 459 468 481 489
159 171 188 189 236 315 368 373 438 452 466
9 59 147 187 214 242 281 285 337 409 433
4 23 42 69 150 230 248 265 268 284 348
30 52 132 148 157 182 237 323 351 397 409
23 143 165 189 236 324 382 407 415 469 487
7 54 59 109 118 146 204 228 231 236 238
26 32 78 100 105 139 225 277 332 432 439
7 36 88 107 154 168 197 268 300 312 444
115 261 289 295 332 401 402 424 431 460 498
9 55 58 78 112 141 335 344 440 449 496
63 197 204 227 245 301 318 332 338 418 445
12 55 77 115 180 210 260 261 296 445 462
18 28 37 40 57 91 164 324 378 381 467
140 149 312 331 378 392 394 402 436 485 490
105 113 170 177 178 187 197 287 424 461 470
46 72 99 118 145 266 301 302 321 361 372
10 16 73 113 116 180 251 260 294 354 402
4 21 85 195 294 303 353 411 425 444 480
52 130 189 256 265 317 338 404 406 407 493
50 67 76 124 210 222 333 364 413 447 450
87 106 113 128 227 228 300 336 351 370 491
4 30 58 67 120 136 273 302 371 415 435
30 32 86 100 216 237 258 354 367 379 381 413
52 155 212 241 263 267 289 347 378 416 464 488
20 21 188 246 261 309 324 357 383 384 385 398
74 122 168 183 288 297 330 378 428 444 495 496
55 75 192 206 235 250 283 430 455 484 485 487
31 95 161 169 185 190 197 308 330 350 408 475
46 128 152 165 224 259 398 400 411 430 431 438
20 35 40 55 72 92 105 116 250 321 328 366
21 92 129 134 164 215 224 275 337 349 397 466
95 96 128 302 306 342 354 428 438 440 481 482
54 60 70 98 129 162 163 242 277 356 385 463
15 128 143 247 270 284 357 431 449 461 465 495
38 69 85 116 131 148 191 197 299 304 380 394
61 103 147 207 230 247 334 371 385 455 471 487
19 26 39 149 187 266 283 313 372 409 459 497
0 143 176 180 259 285 300 316 333 345 409 462
131 147 202 221 234 241 330 400 402 419 428 456
20 247 250 332 336 340 346 411 441 462 471 472
5 13 25 39 184 221 281 293 314 322 463 487
21 24 45 46 52 112 250 258 275 286 287 405
5 58 94 99 156 171 281 385 393 401 418 498
93 109 116 118 171 180 304 308 324 340 471 478
2 27 35 61 118 137 158 221 226 231 415 453
59 80 82 91 113 161 196 204 267 308 412 450
6 53 98 127 129 210 223 247 334 350 389 397
32 97 116 140 158 241 360 361 394 447 479 481
11 17 46 72 144 260 273 288 331 393 401 489
17 34 39 123 180 279 293 317 324 348 398 496
7 32 55 77 101 120 141 154 186 254 333 489
90 135 140 209 226 235 341 423 449 451 476 498
20 42 111 128 154 221 225 254 276 361 392 446
11 21 69 118 160 196 286 369 378 451 489 495
15 42 135 156 157 172 223 225 227 232 305 454
61 66 67 84 158 176 188 275 321 427 436 459
1 86 143 147 165 292 294 388 394 396 404 487
102 135 166 228 276 301 311 313 344 435 463 489
0 135 155 174 256 258 262 268 296 422 430 465
6 133 140 161 174 304 319 326 377 402 459 463
37 40 119 174 278 299 377 404 410 419 479 480
28 78 135 169 224 264 270 322 358 381 395 495
0 10 68 86 207 214 307 335 358 372 436 476
15 46 111 121 127 140 171 227 234 272 278 421
7 67 80 100 116 203 228 285 340 390 458 460
40 69 94 105 111 113 133 167 204 245 246 415
11 60 86 195 213 234 242 306 315 335 455 493
93 125 190 206 261 309 351 360 381 396 448 476
37 114 123 136 168 179 253 272 327 436 445 458
69 154 198 239 291 322 346 360 402 405 421 458
20 31 79 90 111 148 150 232 325 353 445 485
11 99 105 148 198 200 211 236 310 323 354 402
60 71 123 163 167 315 375 410 415 465 475 479
17 107 116 119 124 216 227 248 336 361 430 449
71 89 94 115 196 207 267 344 406 471 479 493
43 45 54 79 112 149 299 335 417 454 482 496
51 108 127 145 198 223 253 272 274 412 424 437
11 47 48 51 67 106 185 313 363 369 446 490
59 89 96 121 172 179 216 246 296 341 347 478
11 59 64 66 95 123 190 202 341 451 491 498
0 8 26 59 111 119 123 148 222 232 267 291
17 21 29 108 155 161 238 260 324 343 397 496
9 57 71 109 120 149 185 329 383 395 401 440
18 95 118 120 287 337 351 389 404 429 460 481
12 21 41 108 160 170 276 326 448 449 464 468
117 149 156 182 183 247 261 414 441 451 470 486
58 76 188 204 230 312 343 395 396 450 455 473
33 92 138 140 145 177 258 289 328 453 473 486
18 51 63 93 120 162 191 311 354 361 449 451
60 84 120 140 152 155 229 327 339 372 393 452
12 53 119 137 256 258 350 382 397 414 479 497
50 61 163 193 199 309 316 332 349 392 413 477
26 68 142 163 188 206 220 352 400 412 421 479
59 68 75 99 105 112 126 188 264 284 370 488
9 40 80 121 134 200 204 234 246 334 382 393
176 220 231 235 267 276 295 304 319 459 470 491
46 90 113 122 255 262 266 302 394 407 464 482
24 70 81 158 193 343 355 405 452 459 478 496
11 24 33 60 82 160 172 229 271 291 483 498
115 118 122 166 249 315 331 332 363 413 449 463
77 105 117 144 163 165 170 200 216 369 438 453
42 100 128 167 176 254 262 281 295 325 374 392
24 49 108 182 196 277 281 344 348 358 402 471
68 82 106 111 150 177 198 291 361 383 432 495
25 124 202 242 267 277 360 362 368 378 454 482
78 110 201 305 307 317 339 342 351 376 456 494
161 210 243 279 285 343 366 402 405 422 429 487
44 65 83 90 204 286 337 379 404 469 479 491
84 93 95 119 272 351 370 419 441 460 467 493
12 91 139 152 163 186 309 315 334 419 433 475
12 17 56 59 143 248 249 296 352 402 410 485
22 55 189 210 263 268 283 296 314 428 485 486
44 124 199 261 294 320 386 395 415 444 476 496
1 23 29 89 135 266 295 360 369 474 475 479
8 24 96 158 162 219 237 337 417 473 496 498
60 155 173 174 192 240 256 261 459 464 480 498
20 22 42 51 118 150 270 280 309 371 420 430
6 34 44 123 137 248 290 310 451 460 469 493
72 152 153 161 193 256 330 335 337 375 401 485
59 103 108 222 246 265 276 280 337 363 370 489
185 192 201 204 244 337 357 394 412 472 495 499
26 33 82 161 164 193 213 363 470 475 483 491
51 60 188 253 303 324 341 344 370 429 437 485
14 31 47 186 241 246 259 308 314 418 468 491
16 54 91 98 106 143 159 174 213 273 459 489
12 41 43 55 66 71 95 163 171 331 376 430
76 127 163 173 275 282 353 356 390 490 492 499
60 111 125 163 178 193 246 260 300 311 351 414
12 15 35 40 104 116 159 164 287 305 324 434
9 13 16 28 109 196 239 254 299 302 404 455
170 179 202 296 314 329 352 366 387 427 440 478
20 25 29 31 163 173 281 337 391 446 482 490
86 149 179 205 242 291 308 427 439 454 465 485
11 39 50 52 98 243 299 338 345 400 425 490
74 83 97 193 194 249 254 272 281 301 303 496
10 32 57 105 119 146 199 236 283 332 491 495
11 82 87 106 154 178 250 362 444 447 484 489
38 166 176 189 198 209 261 306 349 352 375 410
109 122 133 134 194 252 345 359 380 421 451 487
0 32 48 149 160 184 185 224 265 301 344 464
102 112 123 135 149 191 240 275 301 414 445 448
78 112 197 198 255 281 351 360 366 397 452 460
18 133 144 155 187 188 207 250 276 281 310 391 422
0 3 75 150 153 160 170 194 199 276 334 384 476
22 51 77 133 135 143 146 175 225 256 332 343 457
11 107 138 149 271 330 335 339 367 405 424 435 498
44 52 75 143 150 210 242 314 325 408 432 467 471
70 115 213 242 256 274 283 336 339 342 401 473 482
19 35 43 154 212 260 272 305 312 318 336 354 438
66 67 103 117 173 175 180 187 266 298 345 435 478
45 66 69 83 185 214 241 259 301 403 432 435 481
42 90 117 159 166 275 277 280 315 354 359 375 419
158 241 245 246 254 270 286 295 341 361 364 367 390
23 45 55 65 132 229 261 273 302 321 382 478 496
6 60 87 189 253 326 327 345 367 396 440 466 498
54 56 86 107 166 173 201 229 247 329 363 374 376
20 34 59 253 282 302 379 427 432 451 457 481 492
42 56 106 172 176 269 303 413 421 423 449 471 499
40 99 154 211 273 277 282 313 396 440 441 477 494
69 127 145 169 206 252 281 313 387 409 410 462 477
20 75 149 188 210 259 314 321 331 354 393 437 465
10 23 143 144 165 178 227 336 348 437 455 463 485
23 64 100 101 199 230 312 329 451 457 466 467 493
5 64 70 73 81 118 150 292 315 369 377 438 476
8 51 76 85 121 179 195 352 357 368 373 385 426
122 127 129 131 156 251 258 388 428 438 452 473 477
6 81 83 98 102 215 274 275 295 352 447 455 476
0 5 8 15 28 38 44 90 93 107 146 318 373
19 103 165 187 189 240 251 287 303 306 328 395 486
29 41 155 206 282 295 317 318 327 369 406 442 494
29 80 102 138 194 203 254 268 293 294 348 384 489
14 73 144 161 167 168 206 223 313 316 322 353 471
53 102 113 114 277 293 297 303 315 317 319 344 396
48 76 87 108 119 249 279 300 326 334 337 346 476
66 96 112 116 130 187 223 292 315 343 369 371 398
4 106 117 163 165 173 177 305 328 391 397 436 483
32 94 115 139 157 242 310 364 391 400 456 473 499
163 194 198 220 258 263 296 299 322 328 349 373 445
3 15 188 271 275 283 311 331 357 366 445 464 495
176 191 205 224 267 274 278 312 317 322 400 434 498
21 38 95 191 208 242 292 306 366 388 410 413 447
4 5 22 142 157 176 179 209 216 285 337 464 494
22 45 58 89 123 229 231 275 276 318 451 455 479
9 10 223 281 289 365 409 421 433 438 460 461 493
49 80 109 110 339 370 404 413 418 421 474 485 489
8 29 49 75 124 212 214 272 275 399 407 452 465
3 113 149 169 174 264 313 382 412 448 451 488 495
11 30 36 53 75 77 159 191 198 344 358 369 477
13 34 84 108 113 126 166 167 254 388 430 451 489
38 95 177 182 206 229 244 245 259 318 326 470 485
13 34 40 44 74 81 89 128 199 246 348 363 399
46 101 184 211 216 241 246 248 249 278 350 355 466
45 81 126 145 155 198 278 316 317 385 427 429 499
37 53 106 185 252 284 313 431 461 464 472 474 495
26 36 47 62 87 106 116 176 228 302 390 460 486
38 42 128 172 217 231 251 366 401 431 432 439 475
104 115 202 227 254 270 284 306 342 360 371 399 454
15 17 115 145 319 364 371 406 413 421 441 453 473
64 97 112 120 145 155 162 196 259 379 393 468 472
78 79 86 98 107 173 177 358 420 431 481 495 496
13 34 59 94 113 127 174 227 345 356 372 389 482
15 35 143 153 195 236 276 282 342 382 390 394 395
58 63 66 139 148 153 177 214 232 245 249 415 471
5 61 93 178 198 225 264 268 323 327 350 447 461
11 36 101 192 226 282 363 406 408 437 444 458 462
7 21 103 199 260 360 371 390 433 438 439 440 465
9 10 47 77 103 211 268 280 282 348 375 379 460
112 140 161 216 227 231 249 272 316 326 340 407 485
2 14 64 67 70 84 109 137 272 426 428 456 473
58 88 98 104 173 195 321 328 332 357 442 470 493
10 12 53 90 103 110 134 286 298 308 337 418 429
19 252 266 321 339 345 372 411 418 424 470 488 491
17 190 193 234 240 249 321 373 396 426 432 458 479
59 74 82 108 134 161 175 227 314 337 341 437 486
3 41 145 173 202 211 309 324 340 360 423 437 485
29 74 133 146 243 372 396 402 417 419 447 466 468
53 59 107 142 161 192 264 296 315 336 395 404 461
47 90 99 111 159 197 288 292 374 377 385 406 447
32 77 91 147 155 224 242 298 319 346 385 387 427
23 24 36 62 191 192 252 266 272 302 365 392 431
7 132 148 162 249 355 393 430 432 444 446 449 474
85 128 144 175 176 207 210 276 346 379 395 413 471
40 50 86 94 125 181 207 223 276 290 323 380 449
58 127 129 206 259 273 290 384 403 405 418 478 491
58 65 67 104 173 193 198 260 274 280 338 361 395
16 56 72 84 189 196 197 246 339 342 348 439 449
6 22 46 118 191 196 201 288 371 409 432 441 495
14 40 143 176 201 204 230 315 328 336 369 377 417
19 99 121 213 237 265 293 307 321 326 328 332 384
51 56 100 109 159 168 173 201 204 382 398 440 478
3 12 31 32 44 196 198 218 285 307 377 416 418
117 119 174 219 249 261 285 288 290 361 431 444 479
23 29 83 84 102 156 166 196 230 287 347 377 498
6 174 198 221 287 339 358 366 408 409 426 431 456
15 57 63 66 98 147 158 190 215 252 336 421 493
52 111 113 122 158 235 256 426 436 442 455 489 494
15 40 170 176 204 259 312 326 333 375 399 456 496
9 22 53 127 137 151 178 214 245 302 432 435 443
111 209 216 226 229 230 241 277 351 375 381 443 445
106 126 145 166 306 313 315 326 347 367 383 409 434
101 108 124 146 167 169 174 185 273 291 302 370 387
4 30 149 195 256 259 322 404 409 449 452 457 477
12 69 112 129 151 191 241 249 252 336 423 429 470
8 22 31 56 68 183 227 234 292 379 389 442 495
65 99 101 123 131 171 250 268 338 426 453 465 495
35 48 94 102 250 270 297 305 341 366 373 393 440
128 183 206 216 225 239 262 324 394 409 425 448 486
33 44 61 71 78 114 126 193 199 268 354 360 386
47 111 164 180 245 255 327 340 354 390 394 441 445
14 66 229 239 256 300 312 332 363 367 375 391 445
6 57 58 67 157 194 255 272 294 402 421 475 499
7 149 169 216 262 302 310 362 364 375 393 421 422
5 28 73 90 97 161 240 269 275 317 322 402 440
29 95 119 193 231 246 266 284 293 350 443 469 495
96 104 117 138 148 199 216 244 308 383 413 455 458
103 115 133 190 275 315 330 380 383 448 453 464 475
20 31 68 111 174 186 207 306 356 391 428 463 480
124 144 169 231 233 237 241 271 275 372 390 422 490
201 214 225 233 300 302 310 325 344 409 415 421 498
57 140 231 313 316 366 368 450 460 464 476 477 486
21 31 96 246 262 276 317 350 358 366 441 455 484
30 56 83 123 141 157 290 301 310 354 385 416 490
40 87 171 179 211 261 300 341 343 366 371 412 414 495
55 90 135 178 254 275 316 323 328 395 414 429 432 469
58 123 152 156 192 216 224 273 312 365 427 439 484 496
24 60 70 115 127 149 196 200 222 231 232 275 404 413
6 66 90 117 131 210 232 267 327 350 376 477 489 495
2 12 51 73 137 142 231 235 299 347 360 390 417 496
32 55 61 71 80 103 122 130 167 235 375 397 418 472
44 71 108 160 246 267 306 308 329 360 364 385 469 478
56 111 191 215 223 230 274 277 321 330 399 421 433 484
19 54 56 80 101 110 120 131 145 250 301 308 330 357
28 31 37 110 184 229 238 286 336 353 388 390 393 468
116 169 190 191 200 242 284 311 323 341 401 432 434 468
58 83 118 160 214 256 260 270 282 284 315 370 464 480
10 85 95 98 109 145 157 180 225 315 362 363 368 465
14 19 37 60 108 113 124 217 250 271 278 431 444 449
53 64 70 74 100 106 132 205 244 304 345 415 472 477
46 52 55 73 137 152 227 239 252 357 360 387 451 475
5 78 80 98 242 254 264 273 274 313 358 377 382 404
59 116 125 129 131 179 226 235 242 285 324 384 464 474
84 157 197 217 222 270 333 388 389 395 403 416 458 461
18 70 77 153 194 197 267 307 341 366 406 420 452 467
29 39 90 145 154 194 205 219 248 255 269 309 438 446
69 164 172 196 237 242 285 295 304 321 340 424 438 461
62 64 100 155 156 173 191 197 224 302 396 416 440 458
4 16 21 76 83 182 198 204 259 298 299 416 420 494
26 45 61 68 82 120 133 181 186 229 362 396 471 489
17 99 118 183 196 215 222 236 263 265 386 400 437 452
52 90 109 117 131 165 185 244 253 379 439 446 471 496
1 61 93 108 109 139 143 172 263 291 313 319 435 444
109 117 142 156 168 177 197 200 228 281 366 395 482 491
22 57 70 102 115 132 146 166 273 281 297 450 459 481
16 35 44 54 118 162 174 178 183 185 289 347 400 475
5 32 46 88 95 142 187 248 263 294 368 389 427 447
41 77 111 140 144 145 158 194 250 341 343 445 446 489
14 116 148 193 199 206 215 247 310 312 321 346 392 486
0 147 155 180 209 241 252 264 269 275 353 367 422 477
3 15 73 113 115 150 152 179 185 293 364 409 414 485
16 30 55 88 123 176 214 262 284 308 309 389 408 468
3 24 58 115 133 140 194 210 257 335 361 409 424 445
11 19 75 95 100 154 209 282 449 474 489 491 494 497
40 45 139 151 169 197 249 261 263 375 379 412 417 479
23 44 65 77 87 131 254 266 301 306 376 379 396 469
26 47 51 64 67 97 102 143 194 256 332 337 456 496
56 114 127 133 148 174 175 218 259 281 282 298 390 428
9 61 80 101 148 208 233 254 278 320 348 413 439 497
100 126 147 161 176 226 262 265 334 375 406 459 474 475
71 105 212 253 266 268 282 296 298 303 327 333 357 378
33 43 48 49 69 87 117 176 184 193 283 288 320 375
46 58 59 110 137 157 172 182 232 295 348 401 445 472
62 133 147 193 242 247 264 308 312 347 380 395 396 467
17 85 86 114 115 160 285 303 306 310 319 356 367 466
21 23 92 109 155 168 170 210 325 332 354 360 479 481
45 65 68 143 153 218 294 345 350 374 382 426 489 498
82 118 231 267 270 301 319 334 357 371 413 422 458 459
53 57 130 156 243 259 272 282 318 327 361 392 407 422
8 80 89 96 212 237 270 336 390 435 436 465 467 495
6 79 88 116 137 226 251 283 385 390 409 427 437 458
51 96 116 125 180 225 233 238 307 312 325 411 439 489
19 68 82 87 91 120 199 263 275 279 282 292 414 488
16 37 91 95 151 164 222 240 246 277 319 398 407 435
14 22 25 70 83 89 121 267 275 295 312 340 353 366
52 123 162 167 173 174 202 223 244 295 302 352 394 494
25 82 172 174 196 210 311 318 333 344 358 364 396 463
62 99 145 160 166 170 173 208 253 276 366 388 417 474
43 88 101 102 106 134 182 196 255 257 305 346 373 486
17 23 104 145 147 214 254 310 320 329 340 425 443 450
26 30 56 134 135 193 247 253 268 290 297 365 374 457
64 136 148 181 262 301 302 305 354 363 372 373 407 468
74 136 157 162 164 191 203 210 212 265 339 388 407 422
84 100 130 172 188 203 280 284 353 383 450 458 466 468
3 59 80 169 180 192 204 234 263 276 307 423 446 478
63 76 151 154 156 168 193 314 344 406 409 416 419 447
74 96 123 131 170 192 197 211 290 336 374 376 442 496
113 218 253 261 262 287 288 294 329 342 346 456 473 479
56 170 195 269 281 308 322 335 337 349 410 449 470 491
5 48 62 118 137 205 227 240 250 255 281 304 332 343
5 9 51 73 97 144 149 156 289 304 347 436 438 477
43 61 103 106 135 159 173 195 242 275 293 457 493 499
32 54 67 90 111 140 208 239 250 288 324 349 461 467
9 100 116 136 141 197 203 204 233 250 268 313 401 461
20 30 100 104 134 141 145 217 256 397 407 438 460 480
0 73 93 101 129 138 178 274 276 284 370 384 394 484
2 7 19 69 89 210 222 289 308 335 359 397 399 475
1 8 13 107 141 144 151 165 173 245 290 338 373 424
22 34 60 61 65 84 94 150 191 198 202 293 356 363
61 68 97 121 123 192 208 217 218 245 253 296 328 348
22 69 108 130 199 246 280 285 319 365 405 424 456 485
60 71 133 156 181 195 204 235 263 337 422 466 472 487
34 65 76 77 201 211 231 327 354 387 393 438 484 491
23 55 113 149 165 173 177 252 351 416 420 439 490 496
41 53 139 148 168 209 216 245 271 283 334 440 442 453
5 23 58 102 104 155 181 211 235 260 311 355 453 464
43 56 60 63 143 194 254 264 304 378 401 416 420 474
45 135 147 168 181 262 265 281 323 351 430 439 443 496
5 152 181 244 267 302 314 323 327 336 381 416 436 463
22 33 36 51 70 238 240 244 285 321 329 342 368 401
55 57 108 158 196 214 216 250 343 346 363 397 431 493
31 94 110 215 250 296 307 312 328 333 344 417 423 487
69 78 99 121 124 152 227 286 332 342 355 416 476 481
2 161 169 189 236 274 278 304 343 350 373 391 481 490
22 37 46 174 184 213 318 319 368 413 441 453 455 472 486
110 156 183 211 225 245 280 417 430 445 457 460 471 481 487
7 81 107 132 162 170 221 312 318 350 369 401 415 423 436
67 80 173 187 189 209 279 303 310 389 393 400 422 426 496
32 69 77 111 150 177 240 258 306 333 381 384 424 479 495
50 93 147 163 175 179 195 264 285 327 345 388 401 423 430
27 98 108 152 174 223 271 318 320 397 399 416 430 469 478
87 104 132 149 173 178 187 219 304 336 379 384 396 438 493
33 51 52 57 93 94 236 270 310 319 349 374 388 414 478
3 92 113 131 144 145 228 241 314 319 322 350 378 401 460
60 90 104 147 221 236 237 322 346 349 370 372 399 440 493
151 165 171 204 205 285 290 326 397 428 443 458 465 479 493
119 138 183 199 205 243 269 302 335 370 395 401 422 484 486
18 33 35 51 105 119 137 171 193 273 383 399 443 463 499
44 45 81 152 162 198 207 235 260 261 356 370 394 472 477
0 13 26 75 107 163 173 188 192 203 208 309 313 328 454
4 19 76 80 114 135 179 189 191 303 328 372 385 469 484
33 49 62 110 132 151 159 214 297 309 318 349 372 413 473
59 75 110 139 150 182 196 254 256 259 266 298 431 452 481
27 31 59 67 77 135 162 171 232 288 327 337 367 420 483
56 74 122 159 186 191 202 272 314 321 338 411 427 435 442
13 45 70 107 122 172 182 208 245 258 411 476 482 483 484
12 65 81 102 109 125 178 192 201 236 349 440 444 455 461
38 67 78 126 134 148 243 244 252 262 280 281 316 440 491
32 79 100 118 133 265 287 315 335 347 370 383 417 418 474
25 55 138 182 186 233 255 267 283 297 307 362 393 408 489
43 59 104 145 146 193 197 238 352 422 436 453 469 492 494
16 71 100 125 130 162 167 172 174 292 298 308 318 376 490
3 25 33 82 90 125 131 137 256 310 311 358 360 385 468
16 54 77 170 178 282 285 310 400 403 429 440 456 466 476
38 115 142 183 212 233 277 339 371 381 386 393 406 417 476
106 108 123 131 180 205 214 240 344 402 426 430 436 460 486
0 153 203 244 271 277 322 336 346 413 418 430 432 448 464
79 216 226 234 261 266 284 298 333 340 352 365 389 419 424
5 14 49 52 84 130 133 139 141 152 159 176 241 326 473
19 38 153 154 160 177 191 226 249 262 340 392 442 450 454
17 131 137 158 161 178 199 271 346 348 367 379 388 467 473
52 54 57 78 91 103 133 149 159 168 188 200 330 469 482
12 34 68 76 160 170 184 207 212 268 334 373 383 435 443
25 29 36 94 188 231 242 309 312 324 379 435 437 454 480
45 49 64 73 122 265 274 281 287 296 312 334 344 404 414
21 43 107 202 219 294 311 316 355 363 375 395 465 482 497
171 218 225 231 236 241 251 257 295 304 366 385 401 488 490
8 86 120 124 141 220 247 252 263 267 276 348 390 424 489
10 11 65 99 128 143 276 301 306 308 389 392 400 439 478
8 19 21 49 87 134 170 203 238 248 297 300 371 466 499
79 96 100 113 120 148 166 261 265 314 326 408 435 471 474
38 48 72 99 104 136 256 258 290 353 387 430 450 479 486
4 105 128 136 169 254 257 258 271 285 336 367 381 410 433
72 93 101 136 268 269 273 307 327 344 367 389 397 416 493
27 59 75 81 87 110 178 187 253 314 326 342 417 451 463
16 19 110 137 139 151 169 179 201 215 233 248 254 383 430
87 106 122 125 155 163 168 210 259 267 282 305 353 385 469
29 37 51 108 133 141 172 302 303 338 384 386 436 457 468
100 137 161 171 172 192 260 277 299 302 321 346 351 357 465
1 6 11 104 116 122 246 272 285 302 306 397 407 411 431
28 30 49 51 65 79 80 211 313 325 360 374 439 459 493
58 61 70 122 140 164 190 283 293 331 349 352 396 479 484
3 8 19 155 191 208 232 243 311 351 375 384 392 398 477
1 45 79 84 107 239 352 382 421 432 471 474 480 494 495
8 108 130 212 216 271 317 324 334 349 392 417 421 426 489
27 101 106 126 154 220 257 286 307 368 413 431 444 463 476
34 49 57 135 207 252 307 317 331 369 382 384 393 424 450
13 39 49 83 129 186 199 298 350 362 377 379 390 416 429
2 7 14 83 125 143 153 168 188 199 268 274 360 405 471
30 74 96 102 123 125 220 232 258 273 300 312 328 343 377
23 48 118 191 238 322 350 358 381 386 441 466 477 489 492
28 41 131 141 160 171 198 239 283 349 407 413 422 473 483
1 7 15 26 62 183 190 191 254 296 298 324 407 454 489
52 167 218 222 234 297 300 320 336 360 450 469 474 487 494
3 63 67 84 92 116 155 189 202 260 306 307 392 418 484
65 74 83 154 181 244 291 313 314 345 351 359 463 465 473
12 40 58 70 149 263 274 278 282 305 314 327 404 428 431
20 42 61 81 92 188 227 243 309 318 323 392 454 461 475
46 122 132 145 164 181 198 248 272 277 358 362 412 477 489
7 33 59 66 124 148 149 197 200 272 380 396 424 427 469
61 63 94 141 166 170 184 203 231 243 285 313 388 396 474
42 130 165 176 259 274 278 342 347 351 355 369 377 424 432
37 48 69 126 128 187 204 253 350 374 401 416 455 488 489
44 86 92 124 147 193 226 252 259 281 352 361 389 425 471
0 23 126 146 227 248 297 329 378 384 430 454 465 486 496
104 122 144 152 157 188 280 283 302 369 375 387 426 489 493
7 11 24 34 74 118 133 166 167 309 386 401 403 442 461
122 228 244 261 272 279 288 293 297 308 309 402 428 448 487
29 96 109 155 157 168 208 221 248 266 275 332 380 411 452
122 137 160 167 192 196 213 224 275 305 308 336 367 460 488
5 29 56 62 91 98 131 169 178 199 248 276 416 474 491
9 44 45 84 103 118 125 130 160 214 250 324 372 455 471
3 26 53 62 66 68 75 78 87 163 281 296 399 423 476
8 17 41 52 59 79 80 94 168 190 206 264 363 407 482
80 84 94 100 107 112 249 264 276 290 381 457 465 475 497
97 104 127 181 216 236 245 247 268 281 301 307 312 404 406
7 14 60 63 145 177 221 229 231 256 271 302 456 457 499
52 55 84 112 177 202 231 256 278 302 330 360 456 461 486
8 108 129 156 184 218 300 329 335 354 423 452 469 477 491
18 145 178 238 256 275 302 344 360 399 465 472 479 480 499
0 22 31 42 146 176 180 202 221 240 241 254 286 326 438
57 75 159 180 245 292 302 305 308 321 347 394 396 415 483
14 22 44 59 62 95 119 122 203 287 296 378 423 424 442
26 28 150 155 217 219 270 308 336 341 368 402 434 440 497
6 43 50 74 198 211 279 288 311 376 389 414 458 478 485 498
31 54 56 58 62 79 161 179 185 192 224 274 281 385 388 391
7 19 75 79 85 96 103 114 182 197 235 269 301 329 341 388
15 42 63 89 104 126 153 159 165 166 171 279 308 321 345 488
11 13 36 53 70 73 121 192 197 405 417 433 434 447 448 472
5 28 39 52 61 76 90 105 119 124 171 227 415 432 488 491
10 30 74 84 109 132 182 243 248 261 281 312 316 349 394 473
24 25 100 156 159 162 165 185 201 322 349 376 389 463 466 470
68 71 109 190 193 209 221 289 304 306 318 407 413 453 458 495
38 42 107 117 126 143 147 197 198 388 413 433 467 472 475 478
65 72 103 205 216 292 294 297 376 392 462 466 476 479 486 497
21 31 120 150 212 260 281 289 364 365 375 386 425 440 443 466
13 21 28 41 52 110 145 166 212 299 305 364 413 432 439 450
7 17 44 143 144 147 184 198 295 296 308 321 323 349 366 474
38 98 116 119 135 168 192 195 205 234 284 316 349 442 449 464
47 75 104 123 141 167 170 189 205 264 308 368 371 374 394 456
28 59 96 160 167 184 219 304 305 352 359 407 446 456 478 481
17 41 48 56 57 73 103 134 175 204 270 303 308 319 421 450
60 140 150 196 197 202 228 241 249 255 276 296 302 318 352 381
30 72 75 111 164 190 322 360 372 387 410 425 429 433 461 484
15 60 75 85 167 193 204 259 291 367 379 392 404 431 433 477
9 70 104 114 135 154 209 235 248 281 314 373 393 403 432 491
4 15 90 153 194 203 259 278 284 307 360 395 417 454 478 499
2 7 46 53 169 173 205 213 224 237 259 261 390 397 454 498
35 85 106 107 137 158 263 319 327 330 363 368 372 403 427 480
95 103 108 120 158 169 174 198 240 248 283 423 435 449 473 475
18 119 123 162 230 232 261 272 274 284 296 354 367 376 377 379
31 55 81 86 111 146 148 176 238 293 350 383 396 416 456 494
9 39 54 77 200 235 253 299 332 344 359 389 410 418 427 494
10 48 62 86 125 143 231 253 277 315 338 369 393 401 482 495
22 30 59 119 123 126 148 227 284 321 335 364 376 414 444 447
4 32 53 54 61 82 85 86 178 201 272 273 278 373 399 447
43 50 80 93 108 214 220 293 335 353 360 367 405 444 468 493
5 20 46 108 160 162 231 236 262 273 314 401 416 427 443 498
55 97 137 151 181 202 204 209 268 321 374 378 394 403 445 457
92 120 165 181 188 204 215 234 245 280 301 304 340 370 443 488
1 23 41 43 57 132 135 237 258 284 331 349 380 393 395 476
19 23 63 117 121 134 146 236 242 269 272 314 323 385 438 455
2 134 145 156 186 205 217 224 315 351 361 386 391 447 467 490
12 19 26 57 59 108 127 133 135 137 349 362 408 409 448 481
79 97 99 113 135 187 199 233 237 242 316 323 325 344 349 469
58 69 71 101 105 141 145 159 184 238 245 367 375 415 467 475
15 43 46 101 115 150 154 187 203 277 295 351 358 363 385 394
17 21 28 84 102 141 206 211 221 286 306 321 341 359 389 481
10 26 42 90 93 124 126 152 209 228 252 265 279 286 388 409
26 36 46 54 90 152 187 189 218 257 309 352 364 385 389 441
13 16 66 224 308 310 329 362 365 372 387 409 414 427 435 447
87 93 209 211 216 226 261 264 331 351 352 384 434 455 459 465
2 32 53 72 159 273 278 284 322 325 339 355 388 409 436 438
1 43 56 87 125 197 206 212 315 393 402 432 433 444 483 486
1 2 54 65 92 106 190 259 292 312 324 380 384 399 412 417
15 111 127 241 245 246 266 284 288 292 317 329 342 351 474 490
10 43 109 129 208 258 260 302 305 306 326 362 400 423 434 494
14 46 53 117 120 157 164 183 194 266 271 274 379 410 456 484
14 24 55 108 112 156 188 190 200 253 361 448 452 462 469 494
1 33 47 65 87 96 118 147 163 222 236 333 337 350 381 395
26 33 50 74 95 222 231 255 267 313 342 351 369 404 421 425
7 51 179 206 235 240 338 376 381 385 393 435 473 477 483 493
54 71 74 81 127 133 178 182 190 227 333 345 347 373 454 465
34 38 43 204 227 251 269 366 385 392 403 417 421 427 438 449
167 178 185 189 255 293 294 314 323 367 372 429 450 464 473 497
25 27 51 70 131 151 290 312 314 319 365 371 458 461 471 499
1 20 29 78 115 126 179 206 328 336 349 360 390 419 453 497
14 25 46 126 158 179 186 196 229 317 363 371 375 383 464 477
11 85 90 93 101 105 119 232 238 240 267 358 378 408 462 471
69 77 137 179 245 282 286 325 327 328 349 432 437 458 474 479
93 119 184 229 264 325 332 355 359 390 392 410 411 420 455 499
27 91 98 150 165 190 221 270 292 333 334 360 374 385 475 479
38 67 97 125 207 221 256 298 299 328 337 416 437 445 452 471
3 44 58 66 73 75 88 108 134 157 165 190 245 264 330 333
44 53 94 164 183 201 231 282 364 367 384 417 445 453 457 492
32 47 49 56 89 108 169 175 280 378 393 403 410 430 480 491
15 41 98 125 144 164 210 214 220 245 265 271 338 341 437 459
106 113 141 208 282 284 302 312 326 333 359 380 392 408 420 439
12 43 77 91 177 178 199 217 297 299 301 326 361 414 417 472
5 9 19 27 71 109 135 149 229 303 310 330 372 406 436 477
7 25 115 159 168 193 196 216 219 248 260 286 336 381 393 478
2 18 26 61 146 151 161 171 181 184 228 233 385 423 487 489
13 18 116 121 138 181 183 221 270 280 285 364 366 380 406 474
26 60 83 89 126 146 166 295 298 316 337 403 429 442 447 460
63 84 95 119 160 178 180 209 281 355 356 360 396 397 406 407
8 25 82 184 196 199 229 258 266 267 316 326 328 376 390 425
2 16 57 66 105 200 225 254 285 287 333 368 419 436 457 479
6 23 91 102 138 154 160 201 314 344 393 396 477 478 484 486
2 43 52 92 119 159 186 241 247 253 332 344 365 407 418 467
4 14 62 93 109 144 151 157 181 248 249 288 315 346 374 478
16 43 54 90 108 112 125 182 235 357 367 389 402 432 465 473
37 38 45 91 164 171 219 263 316 346 364 367 410 458 463 484
116 122 130 160 180 277 302 394 407 408 420 425 430 451 454 473
40 120 122 141 145 180 196 199 275 318 346 364 379 457 462 485
58 64 100 109 150 179 251 263 297 309 348 350 382 403 431 432
4 39 84 116 131 198 247 270 278 295 318 337 383 431 481 491
104 143 184 200 211 270 285 287 353 359 370 389 453 455 468 488
0 12 24 60 84 116 157 193 262 278 304 351 356 368 479 496
162 164 168 198 205 237 266 271 276 313 382 401 407 408 436 498
27 45 76 140 214 235 238 272 284 297 369 440 446 465 467 492
35 57 95 103 104 122 147 204 205 251 314 316 324 423 442 461
1 66 68 118 144 146 162 226 260 295 333 400 428 466 469 497
20 30 79 94 185 186 188 195 324 348 378 385 470 482 487 490
2 64 188 197 224 272 289 294 296 317 359 379 408 430 458 460
14 28 75 84 86 127 132 166 208 230 353 362 407 415 448 449 494
66 100 115 127 146 162 174 175 197 242 270 347 379 383 425 436 473
43 46 54 78 97 125 146 152 177 236 239 275 292 315 433 473 474
88 101 125 133 189 207 226 231 235 269 309 335 362 376 391 418 490
17 72 74 98 100 107 115 148 154 180 234 268 290 305 382 440 488
3 30 73 87 99 100 154 175 190 218 229 266 296 320 322 412 418
35 70 112 134 157 175 267 293 299 323 332 354 365 385 390 441 491
51 52 72 85 106 182 240 255 311 313 357 360 376 411 474 481 483
35 76 112 116 131 144 158 172 189 282 291 297 325 334 373 407 437
32 39 128 182 198 202 254 265 278 298 321 372 380 386 465 471 483
0 53 113 135 141 176 194 201 276 296 297 326 379 386 413 416 459
48 71 111 126 153 179 216 230 243 282 309 326 336 368 400 404 413
1 21 44 67 153 156 183 242 243 305 338 422 447 470 481 487 499
4 29 53 69 121 141 279 288 339 342 399 405 439 456 462 488 494
19 67 115 228 232 272 301 304 317 330 361 386 393 454 458 482 497
0 9 32 36 145 147 169 201 271 293 306 317 329 337 377 469 476
40 81 88 121 126 127 149 242 264 284 315 332 356 359 381 469 496
53 105 110 111 148 186 268 281 293 306 307 311 319 391 414 492 497
7 44 61 79 147 148 207 209 273 287 357 364 383 417 425 463 497
6 14 21 42 62 93 101 122 123 184 186 195 252 263 356 420 466
24 35 37 41 71 78 90 109 163 193 247 307 329 385 410 477 499
63 87 105 111 125 177 190 203 209 244 269 296 399 448 492 493 499
28 71 79 87 201 209 218 235 237 238 246 247 325 354 392 400 415
0 25 43 63 75 141 145 187 192 230 254 315 379 463 487 492 495
28 49 67 76 200 203 214 259 273 280 305 340 343 384 418 447 487
3 16 43 125 135 174 189 192 226 235 267 310 360 399 451 467 476
55 65 66 101 197 213 227 257 263 278 294 301 352 360 399 435 441
26 31 44 76 85 133 183 198 248 262 300 323 355 398 409 454 499
3 6 15 16 38 58 64 71 91 97 233 332 368 371 384 461 492
25 35 38 146 180 214 257 280 336 341 379 398 408 416 453 472 476
12 35 74 89 99 151 200 216 253 259 270 369 389 394 427 459 488
48 69 93 110 177 179 222 241 264 318 393 397 407 414 423 443 449
25 60 121 125 163 300 301 314 318 320 367 374 383 428 444 458 487
13 15 36 81 82 147 165 176 219 227 267 290 333 414 451 469 484
109 116 126 129 143 157 182 186 329 342 360 362 377 412 413 429 453
4 33 41 51 110 114 183 228 232 238 241 258 275 343 359 467 472
15 27 32 57 63 76 80 98 209 239 244 289 381 384 411 462 477
38 111 139 171 180 207 227 268 276 303 309 360 380 413 416 424 465
21 31 84 133 143 215 217 239 241 266 377 395 435 441 465 472 485
29 63 95 214 290 325 388 394 404 418 425 439 451 458 469 488 493
6 10 31 39 68 86 105 143 211 223 231 296 349 409 431 468 469
19 26 51 55 103 111 152 169 207 211 232 276 317 338 369 405 472
9 27 102 122 127 223 266 291 293 295 304 328 346 396 440 474 496
50 56 80 129 138 162 170 242 287 374 389 393 400 412 424 435 498
75 82 105 138 150 155 198 234 269 284 326 364 371 401 429 431 494
51 58 99 107 197 251 269 283 296 297 302 336 346 359 381 418 470
30 91 92 100 165 216 240 249 250 291 299 375 397 400 418 440 477
8 18 31 62 65 67 109 116 134 140 149 200 254 281 376 411 429
40 51 64 128 129 180 226 238 251 270 278 335 354 355 379 406 448
8 70 71 86 95 160 196 217 222 226 294 318 352 373 386 468 487
28 48 109 133 180 182 239 272 275 302 320 352 361 363 368 394 405
118 133 197 199 209 238 286 295 300 348 356 357 387 402 412 468 497
10 39 52 74 121 170 184 186 268 307 346 359 378 391 398 427 450
114 134 233 237 282 287 294 299 300 303 383 386 396 401 408 435 444
90 151 157 158 159 198 209 213 221 236 272 287 364 369 370 408 441
8 55 77 145 212 222 227 246 280 307 328 388 394 411 421 460 468
1 74 97 149 174 204 216 247 254 292 333 338 362 421 429 453 498
21 56 73 114 120 239 242 252 269 278 312 331 373 401 443 446 469
23 39 64 81 122 125 164 293 299 314 318 339 395 398 409 433 449
65 84 119 217 256 273 282 371 375 395 407 414 427 437 466 477 492
30 47 189 232 236 253 256 269 308 314 317 322 345 358 383 411 414
14 72 145 157 183 187 219 226 235 237 262 286 297 362 419 470 485
2 56 60 62 69 81 101 182 193 200 256 316 327 328 378 438 472
42 60 75 124 128 148 170 172 191 226 267 372 447 460 466 469 476
17 27 38 42 67 76 88 99 111 226 277 288 294 305 318 322 363
26 33 62 63 223 263 280 287 291 312 344 385 401 423 434 457 480
4 79 104 111 147 166 199 220 245 286 297 321 390 426 484 491 495
56 99 125 129 182 235 245 253 262 283 304 327 396 398 455 479 499
4 49 54 96 108 112 115 223 224 278 286 349 358 400 406 442 457
17 57 62 66 73 152 153 192 193 221 234 245 291 380 412 440 458
55 90 113 122 145 151 177 186 218 244 288 301 342 431 453 454 455
6 20 36 81 123 133 167 178 180 213 256 285 335 373 416 424 489
51 55 65 135 139 140 175 198 331 348 367 381 392 401 409 421 431
5 56 62 63 99 113 157 233 242 279 304 387 398 445 460 468 486
49 71 83 124 125 133 138 145 213 221 228 235 239 258 327 357 410
29 106 124 142 143 155 169 174 176 285 325 330 331 340 408 447 486
25 37 43 84 113 124 136 202 216 234 238 350 371 411 443 487 492
78 137 163 180 238 267 274 283 294 295 335 433 459 462 473 479 498
6 80 108 116 126 177 270 276 321 331 336 337 341 349 386 389 417
60 62 91 142 149 157 176 238 257 260 262 300 307 389 395 409 427
6 105 121 136 165 217 246 327 330 331 371 402 407 413 457 472 483
119 138 154 203 210 222 223 234 265 299 320 354 420 439 446 467 498
33 47 54 56 73 84 124 146 154 180 200 208 231 236 254 330 438
2 21 34 42 58 69 115 120 169 201 206 381 383 389 398 414 468
116 180 192 233 251 266 283 300 302 313 330 344 348 354 488 496 499
33 106 129 161 168 178 180 221 244 281 332 339 341 369 372 457 466
12 55 90 123 151 183 191 199 211 238 252 261 288 368 383 453 473
51 70 73 82 88 130 148 153 156 197 239 258 312 390 426 430 458
32 36 47 67 79 216 228 232 235 250 252 281 284 286 320 399 494
2 151 191 214 216 223 224 302 320 357 369 370 388 420 448 452 474
21 41 62 127 219 257 267 278 318 412 413 414 421 445 470 495 499
37 61 122 131 162 189 218 219 226 239 257 275 382 392 410 427 498
15 19 48 56 57 277 292 307 317 325 326 331 405 411 470 478 498
52 94 113 245 254 258 271 296 307 327 410 415 444 445 451 492 494
52 60 75 80 93 149 162 183 197 206 220 240 244 314 383 393 398
54 66 74 111 199 261 279 297 355 396 400 402 414 415 428 488 498
12 56 89 94 100 108 166 196 215 304 307 317 423 437 444 465 487
73 93 96 106 124 165 215 232 245 332 342 373 404 421 428 456 465
7 10 15 21 35 38 191 200 245 255 256 294 300 304 432 434 490
5 12 77 97 105 130 131 211 213 234 261 291 301 378 431 463 487
41 77 80 107 148 150 160 162 192 201 214 267 281 295 367 405 426 492
28 42 96 115 144 151 188 192 193 254 302 316 324 372 448 473 475 486
8 48 57 62 86 106 119 126 131 135 147 163 193 214 323 329 383 409
16 52 112 115 193 194 195 214 276 292 298 328 360 381 415 424 451 473
14 39 46 65 72 133 168 172 184 196 251 281 287 339 390 398 468 481
0 67 71 116 139 162 169 175 207 246 297 353 359 373 406 416 426 460
30 40 59 76 171 173 204 219 232 249 267 313 332 352 366 378 393 455
12 60 76 111 119 144 148 190 191 221 306 346 347 360 422 462 480 499
8 59 62 92 134 172 174 185 208 286 300 334 358 370 371 458 462 478
87 138 170 174 179 181 186 187 222 257 320 372 408 425 457 460 479 495
31 97 111 150 191 278 353 377 389 396 412 413 418 426 440 474 497 498
16 57 133 141 156 159 170 228 234 241 278 285 326 333 440 454 465 466
25 42 70 140 156 200 214 249 260 281 337 375 398 418 443 490 492 493
7 32 47 123 134 139 169 197 214 234 271 283 310 332 346 348 439 493
9 17 37 45 57 78 113 123 126 196 303 304 326 331 335 340 471 485
5 70 77 88 213 220 239 255 280 295 330 396 430 432 440 467 489 497
27 124 155 164 168 244 271 272 274 302 309 314 318 327 373 455 465 485
61 85 89 116 118 146 157 168 170 184 189 246 260 274 345 371 397 410
54 55 115 116 147 205 241 258 309 318 321 347 386 392 438 474 475 488
10 85 101 147 174 187 217 218 252 253 277 290 297 342 371 390 479 499
25 41 101 108 140 170 207 250 258 267 332 333 348 386 459 460 485 491
4 35 50 64 82 118 137 138 154 157 197 205 226 260 346 388 414 431
14 17 109 110 119 124 135 175 226 245 251 254 259 281 282 307 335 344
16 26 68 175 193 206 244 256 259 264 275 279 282 323 332 370 393 431
15 59 97 117 147 180 217 226 233 290 360 379 395 399 417 423 448 493
13 52 57 61 76 86 91 120 131 146 159 164 184 234 301 348 363 421
10 71 135 159 172 185 186 229 236 242 256 292 308 317 381 416 422 467
20 36 108 155 156 202 215 227 255 262 291 312 340 352 367 395 428 471
47 55 59 142 199 205 207 289 354 367 402 418 426 428 437 461 473 474
37 48 61 84 92 134 151 159 170 310 312 361 370 376 407 422 425 490
47 82 152 154 164 193 200 206 221 225 240 241 242 279 333 422 428 444
2 3 5 42 49 85 126 150 203 221 230 232 280 427 456 463 485 496
2 18 48 61 80 84 136 160 164 169 173 219 299 360 377 447 470 495
19 47 73 91 106 112 198 228 247 290 297 310 322 377 378 400 475 495
5 10 92 103 104 124 174 198 220 242 260 264 285 339 360 435 439 487
1 15 73 83 151 170 182 215 240 258 262 310 362 367 368 392 442 485
41 43 116 148 174 181 197 223 250 264 314 359 361 362 364 377 430 476
28 31 34 67 104 106 130 195 197 213 228 297 304 330 389 392 445 473
13 150 155 160 175 192 213 219 232 235 266 298 324 326 383 410 414 417
11 24 28 47 55 78 110 141 159 242 300 342 377 408 423 438 448 494
55 66 76 90 103 119 205 235 245 308 327 359 363 371 411 429 481 483
20 32 53 98 102 146 152 181 192 200 203 238 258 274 282 330 349 403
51 156 183 194 220 247 273 275 278 335 339 371 372 396 411 423 426 467
24 77 100 141 144 176 236 271 286 306 340 342 343 367 378 403 419 443
98 105 113 119 129 138 145 223 255 262 272 292 327 370 384 428 458 486
12 42 47 53 66 116 191 200 217 219 293 295 314 358 400 454 482 486
22 78 95 106 117 142 149 214 220 241 301 340 402 424 434 449 452 462
25 29 32 66 87 120 143 185 214 252 264 296 312 338 344 388 390 461
2 21 37 63 75 140 189 220 301 311 312 343 381 416 434 462 486 496
48 61 97 106 145 198 222 269 303 308 309 371 389 407 441 470 474 483
2 22 44 112 193 194 255 264 284 334 336 345 355 376 377 433 458 481
119 147 163 170 203 213 233 235 241 264 309 364 397 435 439 441 443 458
7 30 38 79 131 137 153 228 250 282 373 378 403 424 445 446 467 487
29 33 53 97 102 103 116 202 244 245 259 270 281 371 396 421 432 441
51 85 86 92 100 105 118 135 209 221 241 265 292 312 316 337 355 432
6 16 35 59 112 121 151 165 189 203 217 237 284 305 319 333 432 463
49 58 61 95 119 163 208 229 235 236 239 245 281 313 323 351 356 377
5 77 84 93 106 114 116 256 303 312 318 320 341 378 404 459 476 489
57 62 104 144 178 191 197 234 239 253 279 282 299 336 384 414 419 492
64 73 114 117 125 142 144 163 242 250 277 292 324 329 339 393 402 403
90 132 138 154 167 174 185 191 201 206 210 255 273 336 361 382 419 429
78 104 116 146 159 167 171 185 193 223 239 243 258 267 333 347 467 491
22 27 29 90 116 157 177 181 186 285 299 331 383 385 404 435 472 496
35 39 40 94 119 134 143 159 181 236 253 311 315 389 408 443 454 477
46 70 78 121 133 172 190 196 269 294 334 340 359 363 380 385 400 488
0 49 57 59 62 66 84 152 172 179 259 262 272 287 373 392 422 472
26 34 46 64 73 74 82 177 178 229 315 334 343 373 425 434 492 499
26 47 161 196 207 237 248 249 259 297 371 399 408 442 449 460 461 473
10 65 71 78 133 177 255 342 352 355 361 375 408 410 455 461 480 492
16 36 69 80 98 131 162 217 245 248 250 280 378 379 424 442 448 449
3 12 63 102 126 142 176 177 184 193 267 287 309 316 332 392 423 426
12 58 135 163 179 181 184 200 205 227 289 306 330 339 357 358 361 422
107 130 133 156 179 203 250 255 291 295 342 364 370 407 410 414 469 499
4 12 62 85 181 188 300 314 341 354 367 385 404 407 410 438 467 483
18 42 44 82 86 103 127 151 160 161 192 201 210 253 305 401 418 485
27 53 95 124 128 149 301 304 307 325 335 354 365 402 412 416 446 488
37 49 142 167 186 187 240 271 275 292 308 309 327 393 433 444 459 486
6 42 61 151 203 237 241 263 278 280 327 328 392 409 445 447 465 497
14 105 109 156 169 172 266 275 286 294 357 367 398 401 425 449 474 487
4 34 58 64 74 78 82 103 142 208 213 258 273 274 294 357 399 451
15 55 82 86 91 111 118 124 135 138 152 179 258 369 388 393 406 430 451
6 13 61 64 128 138 161 178 208 212 261 268 323 347 361 434 468 476 485
78 95 104 137 144 197 231 247 301 309 344 352 365 373 391 395 416 456 484
109 125 133 186 192 201 261 270 304 327 335 358 365 385 398 402 409 453 479
36 42 103 110 111 192 218 222 271 274 276 280 288 353 360 383 424 445 459
14 34 212 243 255 287 290 318 322 325 356 390 402 418 425 444 448 460 469
2 61 105 161 163 188 193 204 243 244 260 294 305 352 375 386 403 447 483
33 34 54 68 85 117 128 183 202 218 219 251 295 328 342 357 358 412 447
50 60 71 74 109 120 133 144 150 167 226 289 365 381 404 436 454 466 492
3 77 129 150 151 177 192 195 206 286 312 340 349 356 406 407 423 457 466
8 9 33 52 90 98 108 121 133 146 155 188 223 234 268 314 364 377 414
48 54 60 70 85 185 212 234 238 241 245 257 273 395 403 410 432 436 483
2 11 13 30 87 88 104 124 139 145 159 205 221 232 238 242 259 275 404
14 104 107 114 192 226 247 296 314 321 322 324 326 340 376 377 402 414 484
31 56 91 92 107 109 118 127 137 138 157 158 163 242 282 351 450 479 495
20 25 41 106 262 293 300 335 375 390 391 402 405 413 424 441 458 462 479
15 65 105 141 183 231 246 261 291 320 346 392 399 425 428 438 473 486 491
75 77 116 143 187 195 199 215 251 264 331 334 339 376 392 405 413 424 445
37 60 83 121 160 163 181 191 258 276 342 352 372 381 421 425 465 488 490
15 22 90 108 180 205 237 243 260 270 300 349 369 380 411 429 452 483 484
24 41 75 87 106 110 119 125 130 176 209 263 316 357 358 382 408 470 490
46 64 167 177 186 209 252 254 264 278 295 311 313 330 338 385 456 485 495
12 27 38 77 102 139 140 214 232 253 279 345 374 384 404 417 448 450 473
63 89 98 146 158 163 188 197 205 233 236 256 266 270 298 375 377 437 463
76 82 151 170 198 204 242 289 296 343 352 355 366 407 430 432 433 436 442
41 80 87 88 99 130 197 198 267 321 381 388 407 437 453 457 479 498 499
6 41 66 142 161 219 234 260 265 278 312 316 326 327 336 362 436 452 492
39 59 73 108 145 158 162 201 231 265 287 314 385 388 439 453 455 473 488
1 29 96 111 237 242 276 283 291 297 348 400 412 418 435 441 446 467 474
12 39 50 142 162 182 188 225 238 287 312 319 320 356 357 407 457 465 470
71 118 153 160 216 225 307 331 343 350 351 360 385 415 452 453 476 485 487
12 16 38 47 76 103 120 136 145 238 249 280 352 356 361 362 379 411 453
19 31 36 44 152 181 189 270 289 293 321 352 354 367 385 414 433 451 477
32 169 185 196 207 208 219 223 282 335 348 401 402 407 411 421 423 443 452
11 13 36 38 43 57 75 125 140 165 273 302 306 338 343 346 353 412 488
14 45 53 63 130 136 148 243 252 281 342 347 430 431 461 464 478 484 495
28 46 85 105 153 201 230 294 296 300 311 363 435 437 453 468 476 481 498
29 42 70 126 135 144 155 200 219 228 266 268 270 322 340 382 435 453 475
3 15 21 34 88 111 121 158 186 203 267 271 310 313 389 398 461 480 493
78 84 126 158 199 216 229 259 261 267 315 319 339 398 410 429 440 475 498
27 56 139 147 157 172 177 178 190 228 256 274 280 290 315 358 419 420 422
42 61 121 145 149 171 189 193 205 221 237 281 313 349 357 379 427 435 456
15 22 43 44 88 93 101 139 184 237 248 262 263 274 309 317 374 414 431
48 55 112 130 150 156 158 181 194 224 225 259 297 309 403 435 458 478 499
22 69 92 93 110 129 132 153 171 175 196 274 365 401 402 438 440 488 496
21 50 63 67 75 189 191 226 245 260 318 326 367 370 431 446 463 476 477
36 60 82 139 144 166 202 218 222 231 233 234 283 294 320 340 369 373 473
6 37 41 90 110 119 122 126 139 142 238 284 322 324 351 395 399 435 485
36 64 69 92 128 142 143 172 203 217 277 280 293 309 310 330 339 372 468
51 73 144 175 237 250 276 303 347 350 372 379 389 402 421 443 457 467 479
13 164 169 176 197 212 219 234 237 249 258 292 322 325 335 380 408 444 476
65 71 112 130 136 137 175 177 262 330 332 342 365 369 373 404 433 471 494
25 44 70 110 137 199 222 235 283 319 335 346 375 378 390 408 419 427 466
18 41 48 88 95 161 266 277 297 307 318 319 328 373 399 413 428 439 487
13 57 114 160 162 202 234 296 305 337 338 345 347 349 380 393 430 440 459
59 66 99 112 148 188 244 254 266 267 285 299 305 315 337 345 375 448 467
33 56 98 169 216 221 260 266 282 323 330 332 377 405 428 444 460 471 496
63 72 73 92 147 177 215 301 302 305 308 309 319 349 405 408 479 488 492
4 58 67 76 99 146 185 192 204 215 228 241 254 292 311 418 426 467 477
35 52 63 89 132 183 195 201 218 342 350 368 401 403 428 430 444 448 475
54 74 79 114 118 131 137 174 176 186 200 202 252 262 301 327 368 401 464
5 7 72 158 165 175 179 181 193 212 213 282 303 321 413 442 474 480 493
16 22 23 24 32 37 69 147 208 227 252 261 262 304 370 414 430 457 494
35 56 58 63 89 118 145 167 179 196 205 219 294 402 414 434 451 476 484
67 70 76 90 167 197 209 215 247 257 260 307 389 392 399 409 423 450 494
52 55 70 79 91 110 122 143 190 206 225 265 268 272 325 327 390 450 459
28 133 155 156 161 167 174 216 245 255 256 265 269 310 333 422 430 435 467
17 21 36 47 65 107 114 222 261 270 275 282 302 321 366 403 437 476 491
16 37 52 120 145 167 186 193 244 256 322 324 332 336 359 364 417 437 478
4 5 19 21 42 103 136 139 146 164 180 306 331 397 429 431 475 491 497
25 30 94 139 187 217 219 242 266 291 294 295 312 335 337 338 428 496 497
1 15 83 108 110 115 116 188 203 209 273 351 377 390 401 427 460 473 495
25 98 106 127 128 161 167 233 237 259 265 287 325 342 387 394 449 454 491
21 28 43 72 88 120 123 238 244 259 296 312 326 363 364 380 383 454 466
20 30 35 37 47 129 133 155 161 199 221 222 234 236 306 326 457 478 497
155 178 185 189 194 196 214 219 237 238 272 275 298 369 413 414 455 471 496
3 36 72 134 177 198 224 274 289 309 320 328 356 360 369 383 422 472 473
38 43 46 51 58 68 90 91 172 270 329 338 356 358 411 434 438 439 493
33 83 121 129 190 215 267 302 304 311 383 390 409 431 440 460 475 484 493
6 23 24 42 47 74 98 165 205 215 228 255 271 300 322 361 450 461 497
33 37 47 59 76 104 114 125 163 224 264 280 289 290 303 369 413 426 440 469
0 3 16 38 43 83 134 137 195 218 244 291 323 338 393 417 420 436 453 491
17 19 50 76 135 177 189 218 228 234 236 237 288 316 329 405 439 470 473 489
5 33 56 71 82 83 84 119 130 138 140 144 161 298 313 332 356 371 422 462
2 34 55 112 140 209 219 249 344 362 370 384 405 406 415 419 428 442 482 487
79 123 139 152 155 159 184 193 208 275 309 311 332 338 362 373 379 388 401 452
30 62 69 77 98 168 222 227 237 242 254 295 320 345 357 395 429 434 446 463
26 27 34 45 63 78 129 136 157 160 198 205 220 233 244 257 293 344 377 387
12 66 91 156 181 188 205 212 229 257 267 270 278 320 357 385 400 429 442 477
115 143 153 175 198 329 356 359 367 397 400 423 429 434 452 461 466 471 476 479
47 66 69 90 97 105 141 189 205 211 246 265 285 360 407 430 448 452 454 456
26 90 148 154 155 168 211 280 319 322 329 340 347 351 358 363 424 468 482 483
25 26 53 109 110 142 148 159 225 231 269 274 331 364 405 416 422 464 465 480
65 83 87 125 144 177 198 253 277 278 301 330 376 406 407 413 414 423 425 477
33 104 130 146 156 159 178 223 238 282 306 322 352 363 372 376 395 431 467 492
9 11 16 21 45 47 90 109 158 179 197 203 216 221 344 389 394 395 418 487
40 83 107 145 161 177 183 185 191 197 213 221 229 286 359 366 401 433 456 462
48 57 80 108 130 224 274 275 301 322 331 339 344 349 397 425 450 470 473 475
10 14 38 85 95 128 158 181 228 234 248 314 363 398 404 426 466 468 470 491
48 71 116 129 140 165 177 182 186 193 211 273 306 337 339 340 365 383 487 493
12 14 54 60 70 131 136 150 184 188 222 233 279 341 345 413 429 430 456 486
10 28 60 72 105 109 115 128 133 135 163 261 317 347 383 387 409 485 489 498
34 45 52 98 125 127 176 186 236 252 262 266 312 314 327 342 346 393 441 493
4 28 30 31 39 73 98 101 102 115 180 184 204 220 247 322 323 337 352 485
18 41 45 47 65 69 74 88 137 146 188 267 272 283 323 368 406 441 474 476
12 19 50 64 69 79 85 122 157 183 200 303 318 323 408 456 462 464 472 496
6 15 33 41 46 78 93 101 109 115 139 155 169 171 187 189 301 330 399 460
31 33 122 139 140 145 198 212 243 264 287 315 318 329 356 363 381 405 464 474
49 54 61 72 198 212 287 334 344 360 375 382 385 386 392 443 466 472 493 494
93 129 133 137 175 187 225 242 250 278 280 316 329 343 358 381 420 448 464 499
29 140 181 189 224 231 251 292 307 312 330 340 366 367 432 451 477 481 484 488
6 40 86 90 104 188 211 364 402 410 421 425 429 432 435 443 444 461 464 474
11 12 55 59 93 130 153 197 215 216 273 284 368 373 395 398 404 457 482 491
37 43 44 56 84 97 120 130 205 220 227 306 348 399 413 427 435 462 487 488
7 15 25 42 47 60 128 131 132 168 220 234 318 325 336 385 450 472 474 486
15 52 58 102 110 111 123 141 151 153 186 197 243 309 311 320 351 354 439 481
2 19 35 102 105 113 149 155 165 192 265 272 275 299 309 327 334 345 367 450
7 29 37 40 42 78 115 168 172 194 197 230 234 300 303 342 348 367 390 489
4 20 23 66 115 134 168 185 192 201 213 229 243 253 292 306 370 409 451 463
8 13 27 31 67 120 136 212 225 227 267 282 284 381 384 415 458 475 487 489
46 58 85 116 134 174 232 289 304 346 365 372 384 385 399 405 429 432 433 435
6 25 38 55 100 140 206 213 214 224 232 239 289 320 340 359 381 384 408 424
4 43 74 106 108 112 116 120 133 188 198 256 261 263 272 327 352 382 438 497
76 107 123 129 133 141 224 228 238 270 273 313 318 328 332 434 450 454 459 491
21 31 39 49 52 57 60 99 137 150 160 183 221 243 270 289 318 336 345 471
35 55 76 92 98 108 129 139 171 180 203 213 283 326 358 359 407 413 420 429
3 6 25 43 55 80 99 122 130 131 138 144 157 174 203 213 221 299 312 472
42 48 68 81 89 103 156 174 184 217 223 280 297 303 337 347 365 396 439 459
6 85 113 122 138 157 171 211 247 263 269 275 282 285 331 341 352 444 462 473
7 41 51 69 73 81 94 100 107 115 198 252 278 284 286 291 313 407 445 470
5 21 85 156 176 184 198 213 214 229 253 296 354 366 369 411 429 455 457 467
14 28 35 49 114 140 204 211 217 244 300 301 323 352 367 373 418 427 488 496
20 44 71 109 128 154 202 208 222 233 234 261 289 315 327 369 386 387 419 472
49 112 125 154 159 189 193 204 250 266 284 289 326 343 358 369 370 396 408 449
4 56 77 80 137 152 173 199 211 222 237 241 285 309 313 375 425 436 458 474
21 42 45 97 177 184 196 203 228 229 286 296 318 342 358 391 397 413 440 448
30 31 36 63 107 113 150 197 221 259 287 341 350 413 441 450 456 458 471 491
23 51 58 61 79 90 104 137 140 143 175 205 210 238 258 349 400 427 462 480
19 25 83 109 113 119 140 147 149 179 211 240 258 269 284 293 337 340 413 499
9 43 57 60 78 90 94 117 130 172 208 290 311 317 331 389 435 439 448 482
11 35 97 119 131 139 154 219 220 225 248 267 276 296 315 353 372 378 415 489
22 45 55 75 123 199 223 233 270 272 311 323 335 350 360 370 422 426 450 454
6 11 41 42 55 144 166 183 198 209 230 253 261 274 296 307 310 312 368 454
20 37 47 61 88 98 147 151 182 200 239 263 307 313 344 368 378 385 418 458
64 105 181 196 223 224 254 292 317 340 342 361 412 414 415 446 457 464 486 494
31 36 48 51 58 83 93 129 131 141 168 211 220 238 277 303 349 398 423 457
28 110 127 182 185 186 206 213 215 244 257 264 298 307 392 420 429 431 482 493
4 43 71 106 118 123 211 212 222 261 263 269 277 280 313 314 330 379 423 468
15 39 61 100 118 178 226 298 320 329 360 366 381 384 392 403 418 419 467 494
18 23 26 89 105 110 124 135 148 150 171 250 307 349 368 385 406 417 471 488
4 37 123 133 143 145 161 199 249 263 278 286 312 315 335 353 398 430 449 476
3 11 52 57 64 88 115 161 180 233 276 303 355 368 404 406 435 467 479 490
0 69 74 76 78 124 137 199 242 354 358 359 361 366 381 406 408 442 445 495
13 51 62 126 135 148 170 171 172 182 200 254 268 287 291 361 381 391 425 451
13 38 49 57 59 72 88 91 132 145 153 184 242 317 319 400 446 454 459 467
15 68 70 77 83 90 118 122 144 158 188 217 277 357 393 399 429 481 482 499
19 22 94 95 121 133 143 164 171 175 204 206 209 213 229 249 267 284 332 457
33 62 78 86 87 120 140 150 186 242 249 281 313 319 347 381 407 411 428 487
24 42 154 205 207 213 226 228 237 239 250 267 277 286 329 399 407 433 472 492
4 88 91 96 115 121 142 147 169 216 217 232 239 250 324 333 406 414 427 460
