166 237
188 264
491 492
43 131
361 442
26 113
95 105
390 434
82 123
227 297
421 435
67 133
184 312
28 49
197 250
183 309
199 240
394 495
250 328
82 135
239 322
14 117
170 212
56 153
246 287
465 495
403 424
268 310
460 477
5 83
0 130
426 472
181 261
41 121
70 86
244 295
227 266
26 165
369 409
339 401
243 294
276 299
16 68
359 497
11 13
100 136
31 48
482 493
66 155
109 142
397 418
178 218
434 442
350 468
77 134
222 240
189 190
81 112
376 395
86 151
231 262
0 76
169 292
376 461
128 147
336 399
422 478
172 188
371 416
284 321
92 153
428 430
13 64
362 468
447 482
188 253
274 286
175 274
209 261
258 305
205 280
141 143
271 298
144 165
370 411
179 256
36 159
415 494
256 302
338 353
5 107
402 490
226 249
192 278
350 410
344 488
464 466
332 410
223 226
414 497
372 489
169 218
336 345
221 323
363 392
376 437
56 59
363 366
355 445
168 215
283 288
64 104
216 231
183 239
87 99
14 147
117 145
139 148
378 481
274 305
403 445
1 160
193 286
398 444
256 302
36 51
197 285
24 136
238 290
267 306
356 400
4 85
413 471
228 275
219 248
102 116
24 120
27 131
32 44
2 22
295 330
50 150
339 433
117 144
344 441
366 376
459 470
186 311
427 445
80 97
333 419
3 64
167 184
350 495
239 294
171 328
396 435
21 54
99 109
81 133
382 455
332 458
337 355
341 432
218 323
278 328
365 461
377 431
282 305
187 253
207 310
11 92
33 132
226 281
232 250
228 296
248 317
390 426
171 259
203 327
194 256
368 468
73 153
392 463
412 477
193 308
181 291
31 155
451 490
205 275
54 94
216 308
7 142
399 495
411 478
256 296
181 208
191 310
352 472
40 139
298 313
296 309
301 312
48 142
300 328
109 118
354 451
51 110
408 463
350 408
220 300
342 403
336 454
463 490
376 441
269 291
378 469
121 133
367 389
264 304
402 485
308 329
45 155
242 275
24 112
89 126
9 23
167 248
180 331
209 285
339 467
38 140
195 231
175 196
69 130
24 148
213 222
206 326
234 287
230 231
6 24
40 57
182 228
231 245
169 329
195 238
219 248
381 432
183 242
411 460
435 492
347 349
177 225
467 468
361 373
208 328
10 18
373 453
1 157
36 115
226 268
362 468
338 415
207 234
377 422
32 43
393 408
348 441
27 145
187 251
304 324
355 494
441 489
347 484
341 400
72 92
454 482
416 451
52 131
173 309
60 61
198 278
285 300
378 454
193 255
172 315
365 382
52 122
197 277
52 87
29 71
16 157
488 491
388 411
434 490
11 149
180 221
290 303
309 328
9 117
211 250 321
181 193 309
103 118 256
64 85 99
60 100 142
81 260 325
170 280 285
39 480 487
242 373 391
381 426 463
8 93 122
159 163 339
18 217 317
347 412 437
32 75 449
100 199 239
30 418 461
171 376 432
10 124 232
25 155 395
50 82 352
91 183 193
79 148 394
206 403 452
117 151 387
196 281 376
166 216 296
93 112 125
11 96 165
122 137 159
6 55 69
89 353 454
121 135 322
222 230 331
28 103 184
49 54 371
53 88 301
10 158 317
35 352 390
185 294 326
61 116 417
208 363 369
134 390 489
15 52 428
214 254 283
72 167 315
99 110 127
145 153 155
52 76 261
141 201 231
57 83 298
23 74 110
84 239 259
269 317 487
58 75 332
213 278 281
249 291 307
29 172 267
16 123 483
9 30 89
275 367 425
199 381 485
211 274 298
10 26 289
194 209 453
128 198 216
88 382 394
273 306 348
125 283 317
110 166 195
229 240 271
197 232 240
245 283 308
198 328 329
147 422 460
150 278 323
212 221 274
124 158 455
184 245 293
300 327 374
198 289 291
171 247 267
2 124 256
285 376 474
176 263 460
201 274 301
197 255 266
282 286 393
166 172 176
297 349 485
73 184 186
84 434 464
157 232 238
90 173 240
9 33 71
349 361 442
56 118 338
184 292 374
169 250 324
116 193 319
225 302 355
10 39 113
52 153 237
210 229 436
57 280 323
234 316 347
182 253 296
408 421 495
77 87 134
11 73 239
356 384 439
212 289 327
26 251 310
328 383 459
181 207 368
143 202 211
189 219 452
250 482 491
20 184 281
266 362 432
29 60 237
39 93 348
41 87 201
182 463 475
95 108 221
216 377 400
137 160 487
15 105 387
18 29 97
338 392 450
35 120 331
130 135 157
15 110 474
30 76 157
188 287 325
88 106 282
361 379 492
220 282 349
102 215 273
31 107 395
236 276 411
176 237 400
132 156 414
17 27 85
82 371 436
93 388 415
273 406 453
11 89 487
422 440 477
63 194 297
64 103 428
215 385 399
175 176 449
127 164 205
167 217 330
445 470 483
27 122 278
87 105 293
31 348 393
197 207 307
181 182 307
248 287 301
75 142 381
71 332 455
174 210 326
268 379 476
49 277 282
46 94 164
244 312 351
38 76 171
22 32 487
80 359 440
185 261 275
334 370 431
46 65 85
19 30 41
140 187 193
292 293 294
59 133 318
30 93 374
83 145 315
29 112 443
20 41 122
86 157 256
383 452 492
396 422 450
37 126 150
233 247 359
4 402 464
386 453 459
319 356 364
59 368 434
78 105 154
301 358 422
146 154 316
153 179 187
36 233 264
61 110 122
29 90 130
56 99 116
291 450 492
121 270 290
293 447 495
236 241 243
212 226 296
193 195 465
244 318 332
197 198 353
353 425 471
79 91 336
115 164 420
16 66 91
121 158 414
267 356 404
18 152 363
66 161 407
199 299 331
175 181 188
85 168 282
237 378 385
123 265 291
8 105 375
83 335 363
44 100 402
53 78 435
177 429 464
377 418 470
240 251 320
186 312 331
220 409 491
165 167 200
43 131 197
11 341 448
12 136 413
25 142 152
154 492 498
415 416 445
256 308 441
382 456 457
32 73 236
163 251 271
67 116 357
47 54 108
55 113 394
421 422 458
171 206 262
196 247 495
370 378 487
11 36 348
104 136 140
87 133 217
64 106 379
35 113 442
60 182 299
41 55 90
42 338 350
280 328 417
431 451 477
44 445 459
224 426 444
16 59 89
71 109 299
92 263 268
0 81 291
10 110 376
132 140 171
6 119 477
251 254 293
78 92 453
409 421 425
199 238 366
72 354 411
382 441 459
38 227 237
362 407 499
379 410 450
357 358 402
55 421 467
44 95 450
264 395 497
53 120 251
271 286 447
253 275 304
15 119 260
193 378 457
51 88 247
27 95 372
183 250 283
85 223 314
198 201 231
73 84 320
45 78 391
174 246 414
43 82 152
102 155 498
189 199 253
367 409 457
201 231 260
147 442 494
282 309 345
177 216 277 302
12 364 396 410
72 344 383 444
17 93 316 377
35 112 347 416
269 270 295 374
211 213 235 271
51 73 76 367
225 400 410 446
86 195 381 385
3 47 139 235
250 389 402 456
24 57 292 329
33 74 91 102
230 295 379 454
205 253 291 427
225 226 262 423
250 371 384 395
146 332 380 430
175 188 380 478
291 332 341 386
36 42 350 367
41 375 421 450
46 178 213 272
345 374 454 465
341 383 404 491
18 104 185 203
101 371 398 485
202 239 240 247
7 140 249 475
104 249 273 321
231 348 356 414
305 398 423 429
382 417 468 493
139 257 441 450
124 205 278 486
26 201 221 230
113 126 226 277
3 55 468 476
9 35 140 280
195 213 272 349
15 78 322 354
129 424 455 459
157 216 271 443
64 353 384 405
170 205 216 423
211 253 432 458
172 354 363 426
135 378 425 464
36 385 427 472
170 277 455 499
12 13 86 399
93 333 378 379
93 144 209 232
39 59 119 239
10 80 184 467
128 241 387 430
57 180 256 408
37 82 83 323
218 276 299 311
257 352 387 497
131 220 254 488
27 146 148 398
105 375 390 440
33 133 398 468
281 301 307 349
189 366 430 474
74 84 149 413
27 86 120 138
117 124 380 386
17 91 290 425
33 78 110 434
338 368 464 484
204 398 455 470
231 277 312 482
55 174 216 414
21 64 82 413
141 142 170 257
43 97 152 363
88 195 296 482
70 128 309 368
182 351 396 422
191 341 388 493
157 378 417 422
262 272 302 348
26 40 42 112
10 17 78 204
41 175 265 433
68 273 383 488
33 200 384 401
311 333 364 457
217 228 380 399
73 83 359 429
53 130 131 275
101 120 195 277
247 303 360 458
0 11 110 464
184 187 279 350
110 221 300 374
177 234 240 314
91 103 344 411
188 236 412 470
219 252 288 310
182 207 233 307
135 335 353 386
4 266 285 300
16 56 142 265
17 188 290 300
3 310 320 433
211 217 474 490
10 24 149 253
2 150 254 298
62 121 225 340
91 98 167 254
70 197 241 244
38 101 192 290
204 218 320 326
4 11 323 375
29 123 158 429
44 107 294 380
6 78 86 91
10 89 130 369
28 94 100 349
47 167 235 242
53 184 248 496
335 402 409 494
35 63 160 309
14 157 325 350
124 154 360 468
190 278 320 365
75 281 470 481
269 348 408 458
121 284 317 475
24 264 317 487
12 23 36 106
146 155 273 339
9 228 232 314
164 432 457 489
11 109 137 415
103 127 326 372
265 280 426 481
340 360 400 455
12 95 376 419
114 158 245 362
175 227 313 331
264 273 334 359
49 65 348 402
204 233 271 333
306 400 459 463
78 110 138 372
71 290 395 469
46 365 386 430
1 32 55 441
59 277 382 428
291 294 421 476
341 387 451 467
289 339 377 441
191 193 207 394
74 182 361 448
51 183 363 488
77 101 149 328
27 72 100 114
32 302 307 345
306 336 398 411
79 175 181 191
82 259 408 426
244 268 312 375
247 410 424 474
218 256 324 348
149 174 231 237
165 170 197 231
35 50 104 371
0 5 16 186
19 270 427 432
230 434 439 444
88 96 222 303
62 234 258 262
26 152 359 361
18 141 152 465
45 84 207 259
199 265 366 450
197 264 277 307
96 131 390 466
40 85 483 484
17 65 87 409
236 393 395 434
45 245 246 443
40 240 281 283
164 231 394 495
27 57 121 410
88 97 190 198
116 134 151 433
353 358 427 434
1 148 324 336
74 75 83 286
342 343 434 467
201 302 304 352
59 61 152 465
336 346 381 469
94 368 386 471
71 136 189 399 416
174 362 389 421 488
12 86 157 334 400
87 111 414 419 442
57 112 145 146 494
4 13 42 100 191
11 104 171 351 469
116 241 275 468 487
273 287 384 424 436
388 420 426 458 467
30 83 99 200 272
50 66 132 158 160
14 236 276 285 293
16 134 325 346 356
74 227 299 322 417
59 191 226 276 316
154 310 348 375 401
13 104 116 135 262
194 244 278 279 308
80 97 187 225 228
33 173 223 323 405
3 11 110 290 445
8 47 57 109 129
104 194 368 402 498
65 181 306 337 371
52 61 387 413 442
61 203 335 393 462
128 273 345 433 445
79 169 210 213 285
99 115 239 299 435
175 176 327 338 429
26 47 186 224 279
25 49 75 138 477
8 44 47 195 393
68 102 328 407 468
150 358 383 452 485
48 111 122 435 497
12 166 227 331 384
226 230 236 345 473
96 283 403 411 494
8 210 332 438 463
78 157 161 319 450
86 88 141 368 443
87 100 236 295 469
56 354 381 436 474
82 124 136 155 178
8 122 137 228 334
357 385 426 490 495
62 93 149 261 387
30 48 167 219 257
143 155 282 349 430
62 245 281 369 423
219 283 284 301 391
83 93 154 401 489
219 231 267 334 355
97 162 241 248 402
280 291 333 351 450
358 449 452 475 495
132 154 301 342 402
57 68 99 361 432
32 76 84 248 389
1 40 343 460 482
67 273 358 389 454
18 178 190 377 391
17 64 219 413 488
26 69 162 419 437
5 36 87 113 158
16 53 54 205 236
57 126 341 442 444
186 188 265 382 430
12 336 351 416 435
88 131 434 450 460
233 339 343 443 499
128 166 196 251 414
8 325 446 471 474
132 311 381 401 458
89 216 276 291 333
156 182 258 315 414
20 34 57 299 385
37 116 219 323 410
24 36 137 324 335
152 287 356 413 423
90 216 302 429 447
44 143 229 322 399
39 164 184 215 453
57 75 93 203 313
46 62 155 278 307
32 159 207 217 284
169 214 303 313 443
162 173 190 240 328
182 213 246 376 481
103 107 114 186 235
105 121 226 305 464
58 94 223 298 405
3 34 128 233 326
118 142 418 434 495
28 34 61 174 289
155 184 193 263 329
197 332 364 375 486
16 44 153 185 319
20 37 246 388 442
94 113 143 344 483
4 143 254 255 303
107 147 174 176 267
37 63 79 227 265
22 37 43 182 475
46 389 408 491 496
85 99 218 418 440
13 16 274 339 404
170 179 347 386 458
12 82 201 365 488
231 390 410 415 419
24 309 337 472 474
5 103 157 165 446
9 105 270 425 461
137 138 244 257 377
36 99 170 229 272
127 214 231 387 488
114 346 404 410 496
59 172 177 250 322
84 365 419 442 458
24 185 186 412 494
239 249 364 368 430
126 132 138 165 289
48 86 200 264 296
142 150 183 324 381
189 314 340 451 485
78 97 109 188 383
76 159 274 362 495
184 204 228 279 429
18 63 260 428 448
58 59 172 241 279
94 269 351 403 482
31 84 147 249 275
50 164 189 283 471
10 100 102 252 492
19 42 218 285 383
72 278 324 400 480
64 117 357 439 454
59 108 257 436 453
292 371 395 467 494
31 175 225 430 487
57 117 289 395 424
35 91 110 117 267
22 157 201 417 442
0 21 39 366 446
24 45 71 152 389
67 223 426 430 455
143 256 363 374 477
45 251 329 338 369
286 331 350 358 493
212 332 333 382 468
130 209 251 323 480
13 57 267 455 460
67 84 247 425 455
83 141 164 308 496
46 237 314 318 463
23 39 172 261 271
107 349 402 423 486
5 234 307 443 463
305 308 309 375 437
219 308 368 409 452
190 231 363 401 459
47 76 86 221 305
190 227 323 333 409
186 212 297 327 380
196 233 247 325 381
128 214 242 385 450
68 82 106 255 410
18 272 446 460 466
63 70 112 294 346
43 97 288 311 397
116 149 336 455 472
41 60 121 414 424
53 226 244 389 420
51 194 221 309 383
138 175 349 401 412
12 61 123 422 463
116 145 146 286 412
172 203 423 427 456
212 215 241 273 423
8 43 61 102 260
10 189 193 283 311
71 78 156 395 427
19 38 65 141 187
192 303 389 431 488
27 128 339 357 471
5 122 147 370 484
135 352 397 452 492
10 118 176 292 487
43 130 178 185 451
67 92 193 346 359
31 136 190 209 330
94 408 426 476 480
156 390 417 461 481
1 74 126 175 436
186 317 337 350 473
347 355 439 443 488
12 177 278 356 486
0 80 194 215 347
61 76 104 201 217 415
64 75 116 150 367 435
61 196 305 342 469 498
18 78 298 343 406 417
123 166 209 316 340 495
65 89 359 404 424 462
185 264 325 356 422 460
204 262 278 347 401 420
48 212 216 223 328 397
7 82 142 381 428 485
15 80 157 424 436 472
71 231 236 437 464 479
267 293 356 380 467 471
169 357 390 396 428 487
81 181 370 404 483 495
228 263 275 370 405 481
230 322 364 366 462 476
36 66 311 326 338 464
90 98 203 274 310 325
83 170 193 245 362 443
359 372 380 439 457 458
14 43 67 141 395 462
9 14 148 245 398 402
9 54 122 246 290 359
80 183 246 294 336 369
23 64 284 374 442 477
95 179 248 259 320 438
11 79 93 180 328 401
176 184 366 375 405 455
17 23 54 120 123 172
83 87 139 174 178 224
20 68 186 306 347 464
8 65 107 146 219 304
0 38 209 257 411 441
23 63 145 167 275 469
5 17 71 153 303 410
1 9 40 221 359 479
11 33 153 335 397 412
208 289 307 347 387 447
114 232 317 412 448 480
51 94 236 253 418 451
219 262 286 359 449 480
134 219 222 269 270 469
76 77 121 254 301 341
99 340 361 480 484 496
205 225 236 285 427 441
18 101 113 326 379 476
90 294 338 342 393 401
18 181 202 306 361 426
195 229 235 240 311 322
29 206 233 346 406 469
29 74 91 216 336 389
1 32 110 347 425 467
46 293 346 365 474 489
115 148 163 438 470 483
223 347 379 400 449 490
22 238 279 380 418 467
41 45 50 67 347 433
78 90 229 341 444 459
145 211 262 345 346 461
47 244 284 351 353 476
85 136 137 183 188 279
249 262 304 320 334 441
44 143 242 248 264 286
201 269 346 395 413 421
87 196 231 282 312 432
11 137 158 379 449 477
17 127 252 310 367 374
203 290 305 413 444 491
12 16 94 164 415 462
44 45 96 124 330 393
89 174 175 267 291 359
46 86 110 318 360 390
45 220 262 383 391 459
148 163 333 342 367 378
146 262 276 336 359 430
41 356 358 368 453 486
257 333 339 357 408 424
19 24 45 122 220 295
120 342 428 451 472 478
39 142 298 354 370 442
115 221 287 431 436 457
5 69 166 226 295 324
124 186 249 281 375 444
100 182 257 263 386 409
0 58 77 138 263 371
179 225 296 347 445 481
93 147 164 379 455 472
3 38 55 145 289 415
7 68 355 433 470 491
51 131 166 176 400 454
113 135 234 334 338 454
1 252 282 326 332 440
19 38 98 312 383 460
143 216 248 332 394 477
221 247 348 368 403 468
209 242 268 340 342 434
11 179 214 268 293 316
97 230 254 395 419 494
331 340 379 444 448 454
36 95 103 131 174 325
91 184 278 296 361 468
53 59 104 108 145 304
3 56 137 150 391 433
100 193 269 277 369 386
120 199 239 283 285 379
168 243 307 399 403 429
52 92 219 261 278 359
23 59 150 436 450 499
24 90 142 224 341 465
38 90 233 393 451 494
215 302 317 322 408 489
38 159 338 422 426 454
13 377 403 460 470 471
168 273 327 355 434 496
171 188 373 390 394 402
22 48 72 196 223 385
122 133 278 287 340 360
44 289 397 441 468 471
32 218 255 269 288 496
20 333 429 450 467 497
17 40 118 335 417 427
46 64 247 258 308 490
70 203 266 473 475 490
25 71 114 345 389 396
18 199 256 308 342 426
200 231 261 318 331 403
2 83 302 330 344 397
98 128 156 159 179 412
161 240 371 377 400 420
0 58 105 148 206 303
224 349 374 380 425 461
174 253 344 386 401 410
109 224 247 317 318 404
122 206 208 257 342 389
75 230 250 269 313 342
67 149 201 238 288 370
17 41 52 121 407 470
143 186 218 227 269 468
135 227 367 424 478 495
7 189 298 303 322 432
87 135 169 347 411 479
98 270 288 412 435 477
59 145 161 358 372 420
120 242 348 356 358 444
64 84 341 365 407 494
52 88 97 288 303 462
5 78 330 344 404 451
62 150 152 163 173 286
22 138 251 271 300 489
263 328 349 370 416 437 488
182 216 227 254 272 291 323
395 399 409 420 462 481 497
44 146 271 304 315 445 469
18 108 225 280 369 387 468
68 119 130 203 239 308 340
4 18 72 124 242 371 465
71 101 122 161 194 207 379
31 92 130 136 319 367 439
83 130 183 287 371 461 479
25 285 286 346 394 396 426
125 187 326 358 370 406 495
44 119 152 188 208 249 324
12 139 222 226 234 239 495
13 29 236 398 406 438 486
225 313 314 316 322 383 403
14 40 91 119 138 304 489
13 109 146 166 299 447 449
44 144 290 349 351 367 452
15 21 28 289 356 395 413
111 319 354 359 363 427 461
84 126 154 206 245 308 451
11 92 131 236 237 443 456
83 93 204 255 386 387 491
38 48 74 148 219 303 425
93 96 159 241 394 409 468
17 33 128 276 368 392 486
24 44 80 155 240 250 299
25 30 113 149 345 418 430
171 174 192 214 252 330 353
9 192 243 258 311 427 474
70 100 203 241 332 412 464
84 120 140 289 341 490 495
82 128 135 151 153 396 422
59 129 169 199 309 467 476
296 301 308 310 437 492 497
22 34 158 202 211 488 492
76 187 203 269 326 452 484
165 184 230 248 260 340 471
98 144 200 202 299 384 446
27 48 75 175 311 421 450
54 149 177 184 299 361 388
79 97 164 199 328 387 460
134 202 227 268 401 476 486
8 39 51 57 230 386 390
100 203 367 374 384 438 475
40 229 241 298 314 422 437
9 44 89 171 228 342 462
86 97 153 209 289 439 473
30 181 193 348 376 397 427
7 61 120 138 201 290 365
12 129 162 181 279 351 430
26 35 123 166 298 307 353
63 149 258 280 363 401 485
154 235 260 301 344 373 470
142 169 191 232 287 372 491
275 305 345 346 356 384 455
22 32 76 211 331 406 446
54 161 326 417 430 431 439
69 88 183 231 361 430 489
11 82 135 235 291 437 479
16 65 219 245 254 262 355
62 70 96 126 177 200 223
91 140 203 339 434 443 464
7 60 88 154 210 264 321
30 58 116 169 190 244 298
179 238 288 397 417 423 445
210 264 295 312 414 492 495
14 21 239 382 393 394 446
18 129 292 335 345 375 478
8 167 331 340 379 386 488
169 187 238 422 427 434 497
51 72 140 381 386 433 435
75 176 204 237 276 280 327
103 155 182 205 214 331 408
68 87 284 322 340 382 416
1 34 70 77 383 385 396
16 21 60 140 278 281 429
48 51 85 175 178 293 342
29 84 96 309 323 428 495
15 56 62 147 370 403 468
34 101 136 371 397 450 477
20 128 310 326 338 370 424
265 303 340 349 417 425 482
72 133 203 301 317 370 381
128 252 292 338 399 433 465
16 45 196 262 332 343 470
28 141 304 341 346 380 386
192 332 343 350 372 443 485
2 166 199 229 257 320 406
37 162 188 229 259 281 404
163 176 265 289 306 391 394
30 90 99 117 118 365 457
27 29 195 196 208 353 395
17 21 52 137 157 260 279
30 56 169 196 247 292 410
77 121 155 207 241 264 297
35 119 256 346 404 429 499
109 143 150 350 367 420 492
14 60 71 336 369 404 465
26 118 139 140 304 326 335
22 54 175 253 369 372 379
11 25 223 236 261 320 331
9 127 333 418 428 431 484
62 66 359 362 395 415 497
28 37 95 126 306 354 383
21 105 108 162 164 176 485
159 199 245 333 433 460 495
19 40 68 107 217 290 291
43 89 157 215 230 302 413
153 166 167 250 309 369 404
15 24 71 102 315 390 431
113 122 137 382 386 451 485
8 91 185 378 424 433 499
27 106 254 326 327 354 400
5 139 152 191 223 226 290
110 222 256 378 396 410 415
30 155 302 311 412 455 463
69 91 170 198 260 276 314
69 201 331 418 448 457 493
33 138 206 249 257 323 336
9 42 218 219 252 268 296
19 81 125 268 369 380 384
219 248 315 372 413 435 478
15 287 310 315 351 376 477
44 65 107 169 250 269 496
9 206 236 248 258 261 448
17 88 204 215 342 376 462
2 8 110 133 158 162 481
31 178 202 339 421 434 452
139 267 268 322 338 403 492
3 17 40 50 200 479 482
11 13 58 165 283 375 492
7 165 235 256 371 479 495
33 129 163 243 368 412 487
153 336 357 433 446 468 487
21 40 429 455 483 485 493
75 105 215 253 340 448 493
6 15 48 89 120 131 476
137 154 248 295 333 401 472
242 317 391 424 425 427 466
55 159 181 186 233 329 355
54 95 162 197 225 416 425
28 117 165 220 228 284 344
31 130 194 307 318 384 437
20 24 47 311 350 361 425
39 185 245 261 269 458 474
91 92 99 115 203 272 472
92 113 214 248 278 314 366
102 189 234 247 352 377 428
57 61 165 169 217 234 295 313
20 39 71 115 116 449 477 494
0 30 34 72 127 150 264 297
68 103 111 252 275 276 347 428
43 90 322 331 413 428 446 466
17 181 195 267 304 308 418 495
124 127 140 144 165 193 200 388
179 357 379 396 403 412 419 436
23 54 149 294 319 338 424 495
63 75 133 215 241 275 305 483
17 38 123 171 261 389 491 493
30 108 176 177 227 231 326 354
21 23 158 166 306 402 444 486
21 97 156 250 286 383 431 434
2 18 85 188 303 313 428 469
29 33 164 201 360 423 430 470
127 263 280 285 295 378 473 494
41 62 271 290 325 371 452 473
4 120 167 178 214 287 291 393
2 129 175 309 333 365 398 473
69 149 208 226 257 358 378 382
94 286 311 317 416 463 482 498
51 56 119 206 235 273 416 418
41 70 83 96 143 163 324 469
47 59 127 268 289 290 448 468
92 173 212 302 364 375 411 493
45 204 214 217 290 348 416 481
104 130 202 249 320 450 455 469
212 236 246 285 313 350 464 499
88 101 281 359 390 432 453 455
21 22 29 65 132 141 153 473
16 30 56 118 133 166 206 259
32 49 57 240 258 272 302 468
2 87 94 144 178 243 255 341
90 179 198 287 306 330 369 410
31 206 293 317 338 342 458 476
51 87 96 179 180 182 184 254
13 46 82 120 156 161 180 383
27 50 122 280 329 357 361 441
152 156 185 258 280 337 338 369
24 44 114 143 250 401 462 473
39 115 136 145 167 226 291 438
107 110 179 236 259 313 381 439
12 44 66 82 134 385 387 462
22 36 222 233 281 323 362 386
121 197 231 259 299 339 346 400
33 166 244 278 300 321 335 386
18 40 43 139 142 164 240 391
53 159 168 200 232 320 322 498
17 270 283 331 349 358 427 496
21 36 81 171 231 267 271 394
166 168 233 239 308 323 335 349
16 190 218 244 262 265 335 338
193 202 224 300 307 378 431 482
98 124 173 240 258 296 333 385
36 145 150 214 312 388 444 452
6 23 48 51 56 68 76 347
39 138 191 215 291 449 451 493
34 40 92 131 184 248 336 405
33 49 62 101 226 293 326 341
16 63 150 287 366 432 457 473
22 60 73 161 272 277 354 367
68 173 184 222 234 427 482 488
14 60 62 69 249 304 332 343
9 142 167 278 299 355 461 471
72 113 143 196 221 274 431 451
86 93 191 201 218 239 315 422
1 36 50 157 180 332 372 444
107 224 242 355 409 446 461 475
88 98 101 150 227 244 406 434
185 219 247 340 416 421 432 454
24 207 290 326 374 408 438 495
14 66 107 163 217 304 360 482
15 228 235 366 392 406 421 430
34 35 85 193 212 403 412 466
63 68 144 193 375 403 453 493
44 248 253 264 302 429 446 465
36 51 107 176 193 236 262 495
137 190 194 280 303 320 343 380
34 93 114 145 162 367 416 464
36 80 98 128 135 144 145 390
47 208 236 244 302 313 473 494
45 73 81 123 165 249 308 356
41 65 91 142 265 364 424 499
251 276 312 321 344 377 443 465
9 33 110 151 274 321 336 465
73 186 257 282 309 323 346 370
0 44 60 270 281 317 396 405
13 60 339 344 369 402 413 471
5 148 212 229 398 424 438 458
103 213 352 355 369 403 451 485
19 126 185 222 240 247 280 389
62 120 129 194 217 259 281 284
200 292 302 309 390 453 465 472
14 45 74 149 166 261 311 419
135 139 212 222 345 406 445 496
18 95 229 290 407 417 420 454
19 20 29 34 110 256 298 329
2 85 138 169 211 384 460 461
4 17 29 51 110 288 325 427
34 67 75 259 341 374 404 428
35 109 202 228 262 279 393 436
6 76 102 247 253 278 290 390
54 93 128 167 276 409 414 440
11 93 105 132 203 206 264 479
12 157 171 179 305 427 428 464
158 202 259 269 344 364 372 416
12 81 136 244 349 398 428 437
29 46 65 110 114 165 231 263
37 70 95 105 126 135 195 345
20 76 94 130 274 281 405 461
52 91 223 249 256 460 475 496
70 138 150 172 242 258 325 455
6 13 47 63 111 149 285 381
33 94 130 228 304 413 487 498
19 84 132 165 169 177 481 494
55 63 123 156 259 344 425 475
7 70 209 223 279 392 410 442
61 115 179 231 274 278 331 476
11 43 62 187 212 240 362 438
37 108 161 172 254 271 281 345
11 86 244 250 273 307 332 473
7 13 54 144 239 304 312 390
53 87 132 183 239 242 247 411
124 135 153 188 345 366 413 477
136 182 194 228 245 284 293 405
70 204 339 379 386 393 417 497
74 195 225 249 354 378 386 391
16 20 23 127 129 210 284 398
56 98 165 270 275 279 328 334
35 211 276 305 315 324 343 493
50 70 150 158 208 232 344 419
132 182 194 198 301 308 372 423
5 43 156 325 348 365 452 484
99 228 406 410 443 478 491 492
65 128 145 158 172 319 355 437
38 53 77 172 192 243 354 395
35 88 146 195 303 331 470 489
134 252 343 350 378 418 432 442
10 49 143 260 316 328 361 382
17 356 371 382 386 398 458 499
111 137 154 161 239 274 282 377
35 43 53 87 262 345 454 464
8 38 82 265 271 307 314 372
48 64 347 348 409 417 456 487
40 66 73 110 136 432 477 487
170 187 243 306 342 366 411 451
15 61 76 96 156 348 465 472
108 153 163 225 263 282 349 436
37 59 102 103 141 177 228 404
37 69 84 128 150 159 166 383 399
26 100 123 148 258 291 315 389 466
19 80 82 102 255 336 426 438 463
48 128 129 167 209 270 368 449 489
40 191 192 229 366 405 426 452 465
19 32 189 194 224 235 265 370 499
12 29 115 118 136 179 300 349 415
63 90 104 108 318 368 433 436 451
24 101 275 285 299 312 320 335 451
18 22 57 69 197 227 323 363 450
94 205 209 374 405 409 412 449 457
74 75 78 98 133 236 311 315 415
97 131 137 254 266 271 344 428 432
37 92 106 216 279 309 371 383 477
73 75 119 296 354 396 453 460 483
98 145 157 162 319 388 452 481 486
106 144 160 260 282 370 383 480 484
1 85 160 186 272 288 322 466 496
1 71 136 213 357 358 362 455 456
40 103 217 239 278 335 373 471 487
103 106 151 184 311 338 364 374 405
42 47 146 198 322 407 434 457 472
109 160 172 174 216 338 481 493 494
31 60 83 110 132 185 200 267 494
37 41 84 143 174 244 365 392 470
19 34 209 391 399 409 410 422 499
10 134 138 164 231 366 386 448 486
28 38 73 97 115 240 246 248 318
41 81 98 113 147 175 275 326 378
41 109 241 247 330 361 382 401 461
96 140 178 237 295 309 336 397 426
56 145 159 282 313 412 421 457 470
26 137 163 175 265 274 421 441 497
5 55 168 174 345 349 351 418 436
5 8 155 260 292 364 378 430 495
7 10 18 120 193 325 359 392 455
115 156 236 261 275 278 307 352 358
48 52 163 252 254 336 442 451 473
27 106 205 207 350 360 366 387 439
7 91 148 194 256 370 433 450 478
84 92 113 140 301 325 340 389 427
37 95 142 156 252 255 280 317 450
33 70 85 100 164 187 199 202 495
44 49 54 143 306 372 377 434 485
130 139 156 176 213 214 232 249 266
36 69 85 96 131 283 284 325 337
58 152 225 252 284 336 400 404 482
19 144 167 184 219 375 383 496 497
21 46 124 223 302 337 349 373 449
1 23 103 123 190 193 275 352 378
8 56 111 140 311 342 374 442 474
75 77 195 305 320 360 362 378 400
103 134 150 183 253 288 341 428 446
76 83 96 184 194 236 251 314 485
134 155 164 241 370 414 445 454 459
81 110 129 200 338 344 437 438 459
12 106 240 268 298 308 381 450 478
32 101 155 170 275 299 336 351 414
23 41 103 155 187 281 307 474 480
38 48 70 85 163 169 236 329 334
28 136 144 154 165 232 253 348 478
41 54 103 193 225 232 248 304 329
136 234 265 371 391 417 424 470 478
36 126 152 215 221 241 351 371 425
85 113 149 155 188 255 307 350 421
43 86 97 150 223 275 363 381 480
117 245 310 333 347 368 454 460 467
43 55 83 124 165 197 377 440 495
60 115 216 288 329 342 363 416 499
3 45 48 59 196 270 307 315 478
4 49 55 79 90 166 331 337 474
0 8 45 100 153 203 270 313 455
15 195 213 215 250 381 428 450 464
36 42 136 140 208 216 294 360 368
85 87 104 111 148 297 343 411 432
53 191 240 258 343 352 399 402 482
5 32 41 140 146 192 315 339 429
40 45 88 94 345 351 390 479 488
6 29 36 47 63 70 141 227 487
146 202 258 302 319 345 386 401 415
34 62 63 124 315 342 385 452 476
9 39 104 126 256 278 328 407 453
79 106 134 265 343 386 387 456 463
23 40 76 112 234 265 296 312 486
60 101 107 131 153 334 456 475 482
9 106 120 176 264 311 343 363 456
67 69 96 118 145 224 232 257 271
46 92 241 306 328 379 395 424 474
42 83 90 141 166 262 335 419 444
67 161 220 235 286 331 366 420 448
41 68 167 204 258 298 339 379 425
34 50 99 155 191 228 241 308 327
13 48 50 63 102 197 347 384 489
10 24 40 65 126 148 318 390 451
106 150 229 288 291 401 457 465 488
5 78 88 161 286 395 431 436 453
90 253 302 343 356 376 413 444 476
87 229 262 268 287 331 442 475 481
7 9 43 66 83 275 361 455 493
60 63 105 204 233 299 340 380 464
58 60 66 151 173 326 386 429 451
33 158 227 257 336 369 437 450 460
45 260 297 351 382 384 414 437 446
158 183 236 285 336 373 421 422 499
57 164 189 264 349 375 376 437 491
100 241 278 286 299 359 387 391 439
109 115 179 333 365 382 410 476 481
30 97 119 168 383 389 409 472 497
215 231 241 254 258 266 271 285 371
1 157 165 209 301 386 422 427 468
19 57 158 184 252 283 361 461 476
24 97 189 201 247 354 355 413 433
53 72 151 176 273 360 383 436 498
42 61 127 161 234 390 398 436 443
7 128 141 198 226 255 290 319 465
7 86 87 106 178 276 307 364 374
3 11 60 125 138 179 361 441 493
87 109 132 149 224 243 262 381 425
46 133 187 297 326 344 353 379 470
1 69 140 216 241 244 302 450 468
33 141 142 187 269 405 409 412 454
32 41 55 77 92 120 424 448 465
27 125 153 188 196 266 343 359 407
44 217 233 256 263 325 354 360 498
2 90 108 193 248 304 324 370 453
8 59 71 177 358 380 415 416 444
50 99 162 233 348 372 415 454 487
54 127 135 153 195 198 210 233 416
14 27 39 145 166 167 171 243 358
52 115 160 172 178 287 318 354 368
15 65 158 230 296 306 314 329 490
92 168 225 271 290 306 319 325 357
90 126 137 228 237 335 351 384 464
39 49 85 89 128 191 228 298 334
40 85 232 282 344 351 394 395 468
32 76 115 323 377 443 455 461 476
42 119 235 285 296 412 422 448 457
68 81 90 135 323 390 412 415 474
2 35 76 81 115 157 196 435 477
38 175 229 324 327 356 364 367 396
10 45 121 122 227 332 343 359 398
183 192 221 244 264 269 334 374 487
117 235 237 251 301 309 413 450 461
50 125 155 191 211 262 366 412 421
64 71 118 293 409 422 443 456 460
140 237 309 338 355 379 401 459 488
155 274 288 290 312 320 331 391 449
17 109 179 205 226 283 370 450 459
95 123 174 180 226 281 423 428 488
6 22 72 196 228 276 314 331 420
4 8 74 91 167 172 263 316 336 341
62 91 237 248 297 359 367 404 423 497
19 40 174 309 379 398 420 440 460 498
149 223 227 245 346 438 448 475 485 496
96 147 187 193 309 331 334 349 415 487
46 168 213 264 284 382 384 394 462 492
64 212 213 232 241 259 267 336 344 494
178 187 199 231 252 263 266 407 431 433
68 147 153 154 182 207 238 258 388 441
18 89 103 179 247 252 256 296 331 490
16 289 292 333 357 362 373 471 487 499
5 60 87 138 272 273 298 330 332 360
22 83 101 119 120 150 162 178 294 393
6 7 28 58 117 168 202 288 304 327
2 79 96 153 250 281 382 398 462 492
1 152 319 362 422 478 479 483 484 499
39 88 93 140 259 269 271 301 318 415
19 159 226 394 439 455 456 463 467 493
85 144 153 241 250 279 304 386 412 499
82 190 198 203 291 305 336 378 463 489
54 99 144 183 231 241 242 296 344 379
17 34 80 111 129 143 277 364 431 464
61 156 180 196 204 213 331 390 395 427
71 74 95 135 158 189 228 313 357 401
2 3 51 54 111 128 195 266 313 353
159 215 245 310 338 371 372 378 395 480
29 30 45 62 64 72 189 203 239 462
8 18 20 26 34 112 164 285 400 419
14 64 90 226 242 308 362 408 482 496
19 29 94 146 161 288 390 413 474 486
140 153 173 188 193 315 318 330 451 474
3 17 97 108 182 201 270 283 424 444
15 57 72 90 104 178 230 262 382 460
34 120 138 312 338 378 457 460 463 476
57 95 103 154 205 213 246 290 438 482
18 90 93 116 126 127 242 249 394 496
25 53 76 136 168 175 207 232 405 442
8 51 65 173 279 280 310 319 420 463
42 62 74 128 335 344 362 383 403 411
2 33 58 89 266 303 307 330 393 419
9 15 50 135 143 145 147 181 380 442
119 212 222 274 281 292 336 396 411 467
31 153 200 206 254 293 329 373 388 460
3 10 76 90 278 348 355 432 453 457
78 86 91 134 140 214 239 276 381 387
44 56 85 121 144 198 234 254 329 370
3 15 48 122 126 216 313 348 408 483
82 115 142 143 188 237 253 332 342 488
35 40 49 197 249 312 363 391 436 493
33 69 73 92 327 342 360 384 407 466
4 183 212 233 239 241 388 445 450 499
39 55 138 155 179 224 248 264 269 271
120 193 196 227 245 289 359 363 381 438
91 203 209 224 230 315 341 377 404 457
1 47 105 158 185 270 308 316 409 441
26 46 78 175 261 286 335 388 399 441
11 49 151 195 221 236 267 273 320 357
76 90 163 177 187 271 277 296 383 417
2 75 77 178 184 234 285 309 327 422
8 11 116 117 283 366 369 379 394 476
77 91 148 172 217 294 380 381 410 482
105 130 141 168 262 279 336 384 408 453
40 56 169 216 314 398 406 417 441 498
142 163 199 211 218 284 370 371 439 448
3 115 133 137 160 174 264 268 335 351
95 107 171 231 251 259 271 349 442 460
6 41 144 258 311 342 349 360 364 376
135 172 217 223 231 345 348 357 370 415
182 255 264 267 272 287 377 440 443 493
53 96 111 148 175 179 369 388 436 477
47 61 182 189 191 328 403 448 468 494
104 260 272 280 358 380 397 424 467 494
14 40 55 83 151 161 180 264 285 421
21 70 80 106 108 139 168 177 374 393
240 249 288 301 332 345 347 350 365 389
57 166 210 224 336 367 414 461 473 499
11 61 64 88 107 212 419 430 463 499
148 176 233 242 245 322 349 388 474 478
43 46 96 118 275 277 311 333 377 423
9 90 100 160 164 208 254 293 348 371
11 25 73 302 422 441 454 460 490 493
16 68 126 205 235 397 444 459 463 481
32 57 59 68 140 170 230 338 437 454
102 111 124 161 204 241 289 303 325 343
21 23 259 262 268 339 386 434 452 490
34 93 180 204 253 260 349 371 474 498
105 196 206 239 253 283 298 301 303 492
15 54 74 187 230 255 366 385 391 476
23 78 84 89 142 164 224 257 320 413
15 27 53 60 112 206 366 380 392 498
6 19 59 73 84 114 119 280 361 469
114 145 157 163 183 284 350 371 401 429
11 20 58 59 118 169 220 331 423 461
70 96 137 193 195 216 229 244 378 415
51 68 125 191 243 307 326 328 422 434
19 40 57 76 94 133 250 395 421 444
90 109 166 183 293 302 331 341 475 493
23 268 277 346 365 381 416 426 430 454
38 71 92 105 110 131 207 254 322 369
68 91 123 342 350 354 388 428 429 468
15 24 42 126 134 168 263 292 469 478
129 180 206 269 325 342 402 434 481 496
18 46 184 190 203 240 319 362 416 494
16 31 151 224 254 273 292 312 354 416
41 92 124 130 153 181 208 213 251 467
18 41 123 213 225 235 250 280 334 447
80 144 154 244 255 313 394 484 493 498
4 7 115 191 348 355 390 407 418 474
87 120 164 204 352 388 434 456 474 498
30 80 88 139 141 223 314 389 400 431
13 95 98 154 204 252 271 276 367 375
97 143 145 151 179 210 280 294 398 457
124 191 198 269 296 341 366 391 482 492
36 71 153 207 249 298 385 430 443 449
132 252 285 300 315 355 374 392 466 481
54 110 114 127 138 149 210 347 374 388
50 135 240 298 351 397 423 449 464 490
11 43 66 108 263 289 304 335 339 498
19 102 135 138 227 287 319 406 409 426
14 103 104 109 125 238 367 379 385 420
48 52 75 101 155 224 250 295 417 423 468
29 50 72 111 119 173 333 339 422 455 463
15 82 85 136 186 258 315 338 382 420 480
5 20 60 73 76 91 117 171 200 391 471
64 72 100 105 117 182 200 269 322 325 497
5 78 80 123 130 154 169 230 242 395 478
55 86 88 89 118 172 181 210 221 408 428
14 102 291 337 360 374 393 403 408 456 495
11 22 90 176 184 233 298 352 367 402 487
53 124 183 226 299 310 327 423 430 436 485
51 69 96 106 247 274 350 375 391 474 481
10 39 81 125 176 214 217 309 316 388 402
21 37 57 129 136 196 201 243 248 274 429
77 108 122 183 279 319 392 393 407 440 462
1 19 38 51 78 193 223 243 446 476 495
15 19 20 68 248 322 330 358 370 419 471
61 98 111 133 161 192 325 337 360 442 470
104 124 174 183 279 300 307 330 441 448 486
39 66 112 136 155 206 252 290 312 361 433
99 114 132 140 162 261 316 370 375 390 433
30 109 183 212 225 229 284 297 330 361 427
63 116 171 180 200 308 311 370 403 469 497
8 46 51 69 93 115 140 199 226 338 407
18 76 212 224 232 249 250 278 384 401 414
33 98 102 143 164 179 255 256 343 404 414
84 140 145 233 234 317 334 363 367 377 497
51 173 222 296 306 312 314 359 366 449 470
47 92 99 128 286 338 342 423 427 429 476
31 69 82 172 186 188 212 253 263 371 374
62 83 206 308 347 348 365 377 387 405 470
10 13 36 45 131 219 259 340 361 432 498
64 127 155 189 191 254 284 299 369 482 490
71 74 81 154 233 313 316 329 337 380 436
35 116 134 146 177 238 288 303 329 394 440
23 95 118 176 235 256 286 418 442 459 489
70 78 225 229 240 265 283 285 319 376 441
90 130 134 136 152 162 175 228 235 246 485
11 14 96 102 228 258 334 345 384 424 436
69 118 133 235 261 356 360 384 414 437 463
34 274 321 345 374 396 406 471 480 488 495
90 101 187 240 300 304 324 332 345 358 441
101 148 175 201 240 304 325 349 445 448 490
46 98 109 151 219 254 269 273 313 441 498
58 62 144 145 165 243 251 272 280 372 452
12 46 79 189 235 263 268 269 304 305 449
114 194 212 264 289 339 397 433 448 459 496
3 6 102 164 169 240 262 318 447 467 486
22 34 37 42 81 100 230 332 380 401 435
93 120 155 186 286 289 363 380 406 410 467
71 87 111 304 312 337 370 388 395 420 454
47 91 99 165 166 196 222 256 285 369 370
12 45 154 195 225 280 328 446 454 485 487
5 90 110 126 148 247 250 310 328 370 383
17 36 146 155 223 347 349 363 377 414 423
123 138 181 198 276 293 299 311 314 360 382
97 161 169 258 272 309 311 367 404 409 458
7 49 61 93 167 231 321 353 420 426 482
2 40 49 60 107 233 322 386 414 437 450
212 307 362 363 382 409 415 425 453 471 491
72 167 218 239 262 319 343 383 404 409 477
89 90 101 142 171 298 322 382 437 459 473
108 111 114 146 191 216 252 335 336 378 418
21 32 72 168 177 315 338 379 389 408 442
18 24 32 56 71 134 169 173 247 330 488
36 58 86 96 99 164 189 216 229 400 446
35 50 54 64 84 118 126 286 310 400 438
3 4 36 55 120 167 248 251 271 294 482
62 119 204 219 276 323 438 450 461 476 494
23 92 140 155 175 254 261 314 353 361 453
46 141 217 230 262 293 317 339 347 371 485
59 94 98 101 156 178 293 343 344 357 410
50 55 61 64 136 218 225 231 299 346 372
25 27 51 53 61 210 212 237 248 310 388
28 104 173 196 300 325 359 381 429 467 468
48 71 188 209 221 317 321 323 331 387 488
1 67 114 120 158 174 210 233 313 397 411
28 94 172 197 215 265 288 300 308 392 448
138 191 219 233 239 346 361 390 399 400 490
45 81 89 105 193 205 229 324 368 414 479
94 120 156 193 257 274 278 291 403 404 495
137 177 206 209 250 254 287 292 322 376 377
39 44 66 75 251 252 379 403 461 467 479
17 72 79 155 183 257 416 421 436 457 492
26 29 129 150 194 220 227 298 377 447 454
59 87 111 114 347 363 364 365 385 420 449
12 39 127 270 317 355 396 415 457 488 493
69 86 105 151 162 175 332 338 420 436 441
13 53 68 85 107 162 367 403 449 451 488
57 68 152 192 217 219 372 392 394 411 453
25 184 239 247 248 264 277 375 381 447 476
31 34 102 173 180 197 202 208 314 363 381
17 140 270 303 347 355 409 459 461 490 495
2 203 230 239 271 298 307 343 349 466 470
38 152 251 336 377 408 432 453 456 478 489
1 4 80 104 113 218 294 295 320 366 402
51 56 125 126 181 183 250 260 348 390 417
36 87 89 134 152 198 217 250 333 356 493
2 18 22 81 268 269 273 325 354 356 428
42 62 85 114 227 228 238 261 315 316 387
5 84 159 193 322 414 438 451 469 472 484
8 20 62 208 247 257 314 410 449 478 496
16 88 157 219 341 374 376 390 441 486 492
42 212 218 221 224 261 279 292 375 421 462
54 110 180 268 335 349 352 362 411 498 499
18 22 28 79 217 319 362 394 400 434 491
252 316 317 346 377 382 399 451 481 490 494
30 39 56 60 71 124 135 166 313 386 396
43 98 106 135 184 253 262 336 422 468 488
29 46 54 58 82 106 159 165 182 231 490
32 34 177 241 253 278 335 354 371 464 494
27 29 66 78 262 341 376 386 399 425 469
13 51 109 130 149 279 303 330 399 424 461
9 76 101 130 198 201 205 304 360 395 441
121 210 230 276 296 302 314 366 372 432 465
78 81 88 134 186 243 357 360 405 413 492
15 45 68 75 135 252 294 363 399 456 466
21 44 56 61 65 116 148 211 247 255 447
28 119 152 199 210 267 308 315 359 378 379
11 98 196 308 338 397 434 466 473 475 481
50 147 175 178 309 311 321 354 391 415 458
8 22 169 179 188 219 350 360 376 413 419 473
192 225 229 283 301 303 305 313 409 459 465 486
37 79 139 204 219 256 292 311 318 408 430 455
172 215 239 275 277 287 314 356 379 386 461 475
58 91 123 177 190 239 243 268 296 388 431 454
75 91 136 159 173 227 259 295 302 424 461 479
70 73 112 129 284 306 351 354 375 383 436 471
98 122 137 186 288 300 316 415 422 439 444 479
11 19 32 43 73 98 125 266 384 432 467 486
16 31 141 154 187 227 277 412 442 452 478 484
40 81 90 214 223 245 258 290 299 323 354 430
60 87 127 144 162 179 234 261 308 335 364 433
76 107 181 197 221 237 282 296 322 435 442 471
25 27 94 209 231 234 267 338 353 375 484 497
61 69 242 259 276 281 324 329 331 395 401 494
5 37 183 198 282 338 362 387 405 454 456 478
131 137 155 211 235 284 367 388 395 416 437 440
71 85 108 172 199 239 273 293 319 410 421 442
5 30 34 226 232 255 263 278 299 303 311 426
13 22 75 111 269 337 382 391 408 421 445 482
86 129 137 265 267 268 316 331 332 335 441 446
15 21 43 56 66 82 171 183 390 438 448 449
76 97 110 114 133 224 241 255 283 359 393 432
48 105 129 168 200 239 286 334 367 388 423 499
22 54 95 121 137 142 170 282 292 299 414 499
42 48 60 79 125 140 245 271 320 435 454 467
13 15 161 206 210 299 369 385 413 424 453 477
4 66 191 202 205 216 242 270 320 328 436 467
39 82 103 122 129 140 202 273 316 352 479 484
10 26 41 170 171 209 234 241 306 364 421 445
23 52 172 185 189 269 364 387 404 453 465 482
51 67 82 84 123 213 230 267 298 324 353 451
34 80 101 142 144 150 155 167 216 302 338 482
60 110 111 115 203 266 307 313 401 414 423 475
43 85 92 119 160 167 219 246 327 366 427 440
54 118 158 168 227 244 279 333 345 358 426 463
26 45 58 101 110 139 168 241 312 350 449 480
0 10 44 56 71 111 150 159 245 290 293 434
68 112 166 255 256 310 338 413 439 464 475 489
1 10 51 94 142 159 189 201 281 286 410 459
132 175 258 288 296 299 326 358 371 398 482 492
14 32 36 46 67 209 211 325 344 351 366 445
8 42 55 184 212 222 249 312 315 348 438 447
40 109 136 150 163 173 245 252 263 304 381 416
42 57 73 132 140 226 229 258 329 340 344 446
108 177 184 201 205 258 263 269 283 430 452 484
14 49 95 106 230 257 264 267 268 338 384 470
17 36 46 53 291 301 344 349 354 392 453 482
33 72 129 140 161 354 373 375 420 455 486 492
6 49 54 147 202 230 311 320 327 408 409 425
39 46 91 111 193 203 278 374 387 393 424 483
31 88 115 133 217 221 249 278 365 369 408 446
6 54 98 118 151 314 343 380 398 417 439 492
28 63 70 115 136 180 190 267 341 406 425 470
17 20 109 122 169 285 312 347 375 403 464 468
6 9 17 146 192 227 252 316 356 420 462 476
108 155 253 278 291 412 418 430 434 462 469 493
3 104 108 127 168 236 288 343 432 438 473 492
3 17 130 135 171 206 242 257 361 418 443 497
41 69 189 218 247 248 287 330 339 368 378 472
120 153 178 204 258 276 373 395 416 423 444 471
32 72 92 123 138 173 212 229 232 371 390 484
104 135 186 188 274 310 403 410 413 448 452 495
74 128 251 281 327 395 401 409 415 424 439 445
10 12 54 73 135 372 404 412 414 422 457 488
16 22 59 155 159 295 324 362 393 434 452 472
17 48 88 94 137 144 312 321 384 432 447 488
15 80 84 92 94 257 292 295 360 405 408 463
1 16 41 165 251 276 388 424 453 457 478 495
47 127 142 168 192 198 318 332 373 440 458 487
43 74 89 123 229 302 360 370 429 432 453 480
43 101 107 124 155 169 245 255 258 374 398 455
13 39 53 174 277 292 294 318 324 327 350 399
62 67 129 137 144 178 189 259 272 343 456 475
20 112 138 150 177 309 380 381 405 418 441 481
1 168 174 193 201 211 310 384 391 422 434 435
27 55 89 132 203 208 214 256 349 380 459 499
42 91 137 155 190 318 335 373 417 460 467 478
32 83 89 122 232 261 319 376 393 470 478 493
42 107 174 248 371 387 394 426 443 471 472 494
134 136 181 185 199 235 241 285 354 369 433 446
48 209 237 366 372 434 448 468 474 478 494 497
15 32 113 164 195 205 365 374 411 414 428 470
73 140 171 218 223 255 267 360 409 445 472 493
23 52 102 107 114 152 172 173 250 258 269 407
57 79 161 178 196 246 292 294 317 402 426 464
8 25 94 97 163 189 193 229 250 317 329 411
13 16 39 40 46 48 58 89 103 242 260 295
5 64 114 122 192 203 389 405 432 434 448 478
13 22 55 61 103 107 149 227 259 283 339 434
22 77 89 118 157 210 224 246 281 314 469 486
62 112 138 154 160 240 260 261 305 314 462 472
90 163 193 262 291 330 337 342 347 365 465 473
15 146 149 194 201 217 218 219 280 288 389 424
34 69 72 134 148 172 274 284 372 381 483 485
1 14 19 22 24 134 159 167 386 428 430 452
58 73 101 110 195 205 274 307 345 408 484 490
28 59 82 178 254 272 359 421 444 446 472 476
27 45 163 185 201 216 258 267 323 391 392 425
23 101 116 160 252 303 349 351 381 394 435 474
7 49 90 118 149 160 229 239 281 301 308 324
37 50 85 88 176 229 233 324 334 429 435 450
14 22 45 109 124 188 317 334 425 455 481 482
6 33 59 65 164 183 225 268 371 422 434 489
29 77 96 197 318 387 388 406 413 441 473 494
45 50 122 132 194 240 258 280 285 402 487 489
2 20 59 82 257 281 342 360 370 400 417 484
28 33 64 241 306 361 380 418 434 436 448 470
74 117 132 136 145 225 228 242 347 466 485 498
89 166 169 218 287 309 330 348 354 371 396 456
6 74 81 186 188 239 243 270 292 332 373 499
8 67 69 122 166 184 231 275 335 385 394 493
17 56 83 184 211 242 257 293 356 401 426 470
39 60 122 140 148 197 268 269 350 451 463 471
4 33 96 125 172 186 198 226 309 349 416 497
3 127 203 209 238 271 341 375 381 447 462 476
30 106 198 218 305 342 366 414 481 485 489 494
27 147 168 188 190 211 245 337 428 473 487 494
2 58 59 117 135 175 184 187 294 351 417 479
48 125 132 247 305 311 312 324 336 383 395 426
9 68 95 150 200 213 227 285 330 425 432 443 456
3 26 28 83 106 117 125 159 162 293 368 400 485
28 31 69 77 101 105 107 108 269 305 310 417 441
45 51 63 152 160 190 224 242 270 302 308 316 381
32 50 70 116 289 296 298 389 404 426 440 443 481
30 147 196 202 243 247 268 291 357 425 426 428 484
79 89 179 190 288 336 351 383 385 425 447 461 494
8 69 95 171 176 183 198 269 270 285 305 385 409
7 16 40 67 137 141 154 159 200 332 343 429 471
11 43 91 114 147 162 176 219 326 336 370 392 468
15 19 20 122 237 251 273 346 361 397 411 473 496
29 144 189 195 215 217 223 374 399 448 450 466 478
34 44 111 163 182 282 302 304 332 357 432 453 480
34 87 90 92 114 144 167 172 264 304 308 365 388
1 47 57 100 216 220 258 265 313 338 353 387 488
49 77 93 112 115 136 158 179 211 252 334 406 409
70 111 118 190 195 209 246 288 292 301 378 448 460
1 25 78 118 229 265 310 345 377 400 442 469 474
8 45 85 88 109 127 136 141 142 379 443 474 484
30 71 91 120 188 199 252 272 276 299 303 422 438
26 49 128 171 196 206 220 344 358 365 382 389 403
70 79 85 95 112 125 220 252 254 281 334 378 383
11 17 116 140 219 293 304 334 350 364 421 427 428
0 14 83 97 111 116 218 254 349 357 403 425 436
0 24 57 134 169 194 196 232 240 310 373 378 462
22 26 73 103 164 215 225 243 283 354 364 365 426
152 225 232 255 275 310 338 349 357 361 379 401 406
7 21 133 147 217 219 250 265 345 396 468 479 493
3 18 74 109 144 157 219 274 368 420 449 458 496
2 11 54 65 123 129 140 199 221 231 359 362 459
31 75 110 119 157 177 184 201 211 286 377 388 498
12 48 51 59 213 219 295 316 351 379 423 431 487
107 135 256 315 331 337 378 402 439 446 482 496 497
35 54 76 102 152 167 217 258 281 384 455 488 489
18 30 37 73 84 95 138 147 154 211 318 362 462
48 65 101 103 208 229 255 301 333 359 380 381 396
4 186 187 189 221 236 277 311 317 386 394 408 432
29 67 113 149 168 271 281 289 379 382 412 428 457
25 39 40 86 93 133 256 310 313 326 355 407 429
26 147 148 161 191 235 342 372 373 413 461 466 470
2 3 100 113 117 126 202 229 258 270 294 404 414
0 55 125 203 213 220 254 258 276 326 385 411 475
3 148 158 161 187 202 272 278 283 362 365 374 416
70 78 158 216 254 258 277 288 359 382 421 459 499
20 44 52 142 194 221 242 270 292 293 397 409 445
1 9 30 48 104 111 209 221 237 275 292 450 493
0 32 44 50 194 216 217 234 258 292 298 377 431
69 104 109 119 188 255 264 394 472 482 483 487 493
50 71 122 161 174 183 202 254 257 263 266 371 475
60 88 163 215 231 271 301 315 328 361 432 457 467
105 150 195 243 246 316 336 347 369 382 420 434 495
17 50 51 82 148 149 223 245 248 264 340 464 474
62 251 269 270 279 301 303 341 344 352 359 387 454
43 48 105 116 239 240 250 252 253 254 317 398 446
1 26 28 61 81 223 231 356 360 388 432 475 497
0 24 26 265 301 308 310 326 335 436 466 498 499
81 95 159 197 224 237 243 284 353 365 405 456 499
6 23 59 159 266 272 301 302 308 323 351 366 440
62 67 74 207 208 212 245 260 315 399 415 453 495
1 78 161 176 180 214 265 303 347 371 426 459 497
20 40 139 148 199 251 273 284 397 414 417 460 481
51 86 115 161 220 231 247 282 309 310 326 364 376
60 148 154 169 179 183 194 224 377 386 413 420 425
23 57 60 71 87 173 178 257 281 321 369 430 464
58 80 165 181 252 269 303 314 365 417 482 490 491
11 58 76 106 169 211 212 314 321 339 424 443 489
172 189 212 268 283 296 299 311 342 396 438 444 462
0 34 69 76 124 140 156 191 194 211 243 270 393
48 213 231 244 268 322 347 348 363 391 401 415 451
7 9 58 72 134 257 265 324 342 370 381 390 421
5 18 23 39 128 178 216 274 332 425 442 461 479
0 17 49 63 64 73 120 139 185 190 208 334 382
47 98 112 135 139 142 181 187 204 208 321 323 487
5 45 55 89 217 218 224 275 318 377 401 406 483
31 93 121 123 129 195 245 271 288 293 399 438 484
30 69 82 93 146 194 247 258 267 303 308 434 490
23 26 37 39 47 55 59 107 184 217 293 306 394
52 77 98 104 156 173 216 249 300 324 459 467 487
8 63 70 97 183 193 220 275 338 355 416 454 468
80 130 136 138 274 275 282 301 336 421 448 450 473
50 56 61 90 118 217 288 289 291 331 448 462 466
37 52 122 214 242 249 307 314 316 320 459 480 488
138 142 157 175 189 232 307 333 358 429 446 469 493
20 28 29 36 48 85 196 245 286 294 330 351 422
71 102 115 158 191 217 243 284 286 304 411 467 496
22 36 163 167 231 257 261 269 279 343 428 485 493
44 76 78 142 238 251 288 310 340 411 416 481 489
63 71 77 123 142 156 184 206 354 377 380 385 401
52 61 70 142 187 195 239 271 273 307 347 381 423
77 212 234 247 282 310 313 336 369 406 412 446 452
38 46 75 157 170 207 225 261 309 310 338 350 464
36 58 70 168 224 230 241 284 326 328 358 471 495
61 65 99 101 124 131 187 217 293 304 311 383 433
21 80 85 122 131 237 241 272 282 287 336 406 428
2 11 20 21 185 229 284 317 326 385 388 417 463
1 14 40 77 155 173 176 227 256 268 310 317 358
104 115 150 155 262 280 320 372 402 406 420 460 481
49 54 157 276 278 327 340 381 388 389 403 419 464
2 5 13 25 46 60 64 98 144 331 361 412 419
82 89 120 155 169 189 190 237 284 301 358 470 476
63 95 96 115 144 163 188 268 305 325 326 403 470
43 128 155 161 174 176 270 279 294 340 406 450 471
39 101 128 164 180 230 236 320 348 355 357 390 463
5 72 78 83 112 120 166 212 253 290 487 490 497
33 39 57 87 102 212 249 266 271 296 307 368 409
2 11 77 124 150 156 157 249 269 282 367 383 459
13 58 92 123 164 182 261 316 429 437 441 457 465
51 52 65 152 214 270 279 292 293 435 447 458 465
25 33 56 64 89 127 131 313 331 358 448 469 472
38 58 59 93 104 107 113 141 333 346 432 440 455
9 12 71 80 113 164 185 226 285 297 356 392 485
12 26 109 134 137 150 221 223 312 363 385 463 483
23 35 49 59 74 111 126 139 271 330 332 342 422
173 183 222 223 272 376 377 410 411 442 464 477 489
11 45 59 81 104 167 191 224 262 311 383 427 448
33 66 110 119 220 243 284 338 369 378 409 429 434
130 138 183 273 290 303 378 384 395 402 413 417 425
8 12 80 95 131 178 195 267 290 390 434 435 459
27 61 96 206 230 232 237 239 274 275 281 433 477
67 86 103 110 192 209 231 237 347 351 391 426 451
28 58 65 84 87 91 193 209 251 275 326 334 340 450
93 118 207 218 232 247 335 336 353 392 433 437 439 444
2 22 52 113 144 185 191 230 231 239 267 285 324 342
93 96 98 140 160 178 216 232 290 301 328 403 412 426
10 22 82 93 109 113 152 163 187 248 305 376 390 428
4 10 71 83 102 141 157 208 266 332 347 394 435 454
10 36 42 46 86 169 174 212 237 250 251 275 452 481
7 25 27 58 134 136 237 239 243 327 369 484 487 491
64 66 71 139 141 153 173 186 210 258 294 337 413 490
8 39 47 63 77 93 106 145 151 169 271 293 332 380
48 55 92 94 102 126 181 239 298 305 321 441 454 493
23 71 92 118 156 230 270 291 318 392 452 455 457 468
1 31 65 113 136 159 214 242 281 319 321 433 450 464
31 59 79 129 132 219 279 342 368 384 443 445 471 484
41 80 107 112 126 134 169 323 327 329 372 384 386 411
23 43 69 77 90 96 108 121 143 235 282 291 386 453
27 35 55 132 143 227 273 412 417 429 437 449 461 491
13 17 76 158 180 181 206 244 296 347 381 419 448 457
135 167 194 202 203 231 256 301 317 333 349 378 403 488
45 133 187 216 272 316 319 320 372 375 384 399 400 416
4 15 22 37 93 124 209 222 243 246 285 293 296 442
104 111 116 163 218 231 259 279 362 397 403 424 471 497
42 45 65 95 196 211 242 261 266 329 349 388 448 471
24 117 160 208 238 242 309 315 326 414 421 451 461 491
82 113 151 210 228 298 328 347 374 379 412 414 419 455
72 105 127 164 185 265 296 339 364 435 445 465 479 480
7 32 88 97 99 109 173 180 200 240 323 354 388 426
6 36 43 51 60 142 167 201 307 325 346 361 395 486
103 128 184 197 213 231 239 340 364 428 435 469 491 498
12 91 189 193 212 218 244 257 366 375 381 389 423 492
9 23 27 71 87 115 130 153 305 339 340 376 404 447
26 29 34 40 95 121 147 166 171 341 379 380 423 488
16 66 181 281 290 338 370 399 412 446 455 464 474 493
4 101 105 242 273 282 293 381 399 423 427 431 464 497
47 50 93 205 218 245 253 315 351 357 367 392 434 477
4 13 18 19 51 77 138 141 199 249 412 444 481 485
87 91 117 194 197 201 329 337 343 356 359 451 457 480
1 44 65 160 182 221 326 339 346 432 453 478 491 496
10 81 82 132 147 198 236 243 293 312 391 415 420 433
60 101 131 171 183 199 308 345 372 374 388 396 440 457
53 169 184 189 216 264 289 302 304 339 372 377 409 418
20 38 80 93 140 194 221 226 242 262 349 353 435 443
27 69 100 111 131 174 176 316 345 395 401 464 485 490
32 55 119 120 200 206 263 267 274 318 376 433 451 499
11 35 58 175 265 283 300 330 346 394 440 449 458 481
34 49 75 82 110 113 173 234 244 331 355 403 475 496
10 23 111 148 168 179 197 200 219 251 252 347 360 410
2 3 50 180 212 248 305 310 405 441 446 458 476 484
28 36 69 137 193 194 244 255 277 308 341 401 413 430
12 111 124 140 161 262 274 282 291 293 297 382 385 477
69 88 153 182 224 301 331 359 363 368 387 423 439 448
11 14 20 24 79 124 156 169 204 209 310 349 419 421
10 48 161 206 211 236 291 293 294 314 327 353 398 402
8 21 82 111 180 204 239 286 327 366 369 378 406 488
12 34 46 72 238 277 308 329 331 379 388 435 489 498
1 80 86 128 140 148 192 343 349 358 406 421 478 497
55 81 102 152 203 300 301 342 355 369 372 385 428 465
58 93 112 182 219 225 226 260 264 270 300 368 390 450
30 38 99 123 140 149 220 286 307 357 360 391 414 417
14 31 115 120 177 198 272 347 397 402 412 442 486 498
7 18 90 122 146 169 235 252 258 302 310 352 416 468
2 7 51 72 86 124 149 154 270 289 305 326 378 447
11 40 60 101 165 166 187 206 220 232 283 372 418 455
14 15 38 123 171 190 212 215 300 395 410 442 455 461
72 181 188 238 253 264 267 279 283 308 401 458 497 498
52 103 161 255 264 271 306 322 357 369 400 430 460 490
42 55 98 100 133 141 149 163 205 221 238 346 357 486
67 137 157 179 185 196 239 289 313 317 326 438 483 485
33 38 117 147 149 191 201 259 293 325 389 430 486 495
36 78 85 87 90 150 160 211 226 302 357 362 388 398
99 139 149 150 203 208 226 237 282 313 333 360 427 444
14 22 52 60 122 235 240 283 347 353 378 427 454 473
32 55 63 97 107 138 143 211 213 294 349 419 449 490
142 161 245 308 318 334 353 375 382 394 442 448 449 498
0 30 70 122 171 194 196 199 254 286 290 300 304 358
7 22 96 114 136 157 161 181 224 242 255 310 359 405
3 157 234 245 292 305 383 391 402 407 424 430 435 479
34 45 55 157 169 187 193 197 212 215 324 362 371 444
23 35 51 89 90 158 171 190 228 230 244 420 475 495
16 22 46 72 148 204 225 311 395 453 458 461 486 493
57 99 123 132 179 207 262 318 388 390 407 424 471 472
27 32 43 53 93 94 98 220 238 256 326 369 405 465
85 148 151 159 199 209 221 246 264 318 353 396 426 493
15 57 92 138 144 161 164 177 254 318 419 422 476 486
76 95 126 144 154 166 237 246 320 331 341 372 434 475
11 41 102 121 135 138 199 206 210 249 276 315 389 459
48 56 69 149 189 290 292 341 367 383 418 448 480 489
47 68 73 83 118 161 174 204 228 330 377 422 444 494
33 70 76 102 172 202 217 272 282 304 320 362 453 477
40 60 73 79 108 120 168 170 184 286 357 363 413 467
12 84 95 132 144 170 218 228 243 272 275 407 416 470
101 114 200 213 233 264 337 347 348 367 417 431 484 486
13 27 73 142 156 162 184 269 304 311 354 386 412 499
13 55 61 69 125 138 141 166 211 308 332 359 368 445
0 56 88 102 165 180 306 352 399 406 431 439 452 470
57 98 106 118 126 133 163 207 214 217 270 395 417 454
39 40 89 173 210 219 249 258 318 324 347 361 363 456
1 13 55 63 76 80 92 138 178 318 342 345 350 400
1 54 55 69 82 118 166 186 209 252 318 341 478 486
21 39 65 170 186 191 209 227 251 301 312 327 431 438
41 86 90 120 136 155 207 220 231 240 295 324 381 389 399
14 19 49 81 113 163 206 229 240 309 353 362 377 395 420
65 107 148 189 198 207 221 226 253 269 331 397 431 464 469
72 87 101 179 192 205 248 271 281 360 367 392 427 454 467
10 14 73 96 105 106 107 150 162 205 247 318 346 419 471
31 50 73 116 133 134 147 189 192 196 211 214 257 318 389
1 17 108 117 149 160 246 277 316 321 332 333 414 437 450
56 79 121 136 179 239 259 330 340 360 380 397 462 477 484
7 39 52 54 115 117 137 151 153 165 216 224 247 404 426
3 36 90 94 104 130 158 164 202 240 330 394 465 467 473
2 30 58 98 137 146 162 174 203 254 275 370 375 442 469
27 35 118 128 141 228 232 245 259 285 358 440 451 453 488
102 194 195 205 227 237 250 268 285 289 308 330 385 444 457
175 178 182 230 253 287 324 336 380 402 406 445 451 459 481
64 98 136 175 179 290 291 301 312 321 343 346 357 455 472
1 48 63 67 140 146 173 210 218 230 259 307 323 436 470
28 43 191 244 248 251 267 268 275 317 395 398 411 467 481
23 63 65 97 186 225 245 284 305 339 374 389 409 415 446
5 80 89 113 115 158 185 208 240 301 305 367 432 464 472
42 45 47 48 83 126 142 286 317 337 399 403 436 437 498
26 41 176 193 224 249 251 267 270 274 279 372 388 390 484
44 50 98 99 154 174 254 297 312 370 400 427 431 436 492
9 112 169 190 192 209 229 319 348 350 371 426 429 435 489
14 33 34 80 129 144 162 178 200 231 234 337 349 372 431
24 43 107 179 200 205 310 359 392 412 429 469 476 490 494
24 38 42 43 86 124 174 182 337 346 351 354 359 373 482
113 151 264 272 317 335 339 363 398 403 427 461 468 477 481
52 56 100 103 106 121 184 222 252 296 323 367 412 422 448
31 61 77 121 141 203 213 220 247 281 294 344 398 484 495
29 93 111 165 231 247 336 338 382 385 468 470 472 481 482
90 119 169 180 188 206 273 280 352 387 412 442 444 448 475
13 38 56 86 107 182 209 219 229 242 256 351 377 458 476
20 75 87 88 136 181 255 266 275 362 394 424 468 483 491
54 63 83 107 131 168 218 220 315 381 412 418 440 447 495
57 87 118 119 135 167 186 217 222 226 299 384 391 404 435
50 83 173 210 230 238 275 278 338 343 376 381 388 424 463
28 65 74 148 150 158 166 230 246 261 298 308 358 362 414
27 66 67 85 191 205 263 289 319 340 374 377 412 435 463
17 22 36 46 48 51 116 221 234 245 278 289 379 396 422
33 133 161 188 207 238 306 312 319 332 372 437 457 461 488
5 25 101 106 191 224 226 254 262 351 352 409 414 421 479
3 39 45 49 155 179 200 239 241 261 299 356 405 451 472
48 61 86 93 129 140 144 167 183 197 199 279 368 370 403
44 104 119 157 184 189 199 221 230 242 325 366 381 396 439
85 103 128 132 200 230 237 294 306 350 357 376 385 390 472
10 28 39 67 74 84 100 135 173 189 303 342 364 447 462
4 74 96 160 203 229 272 285 286 302 332 346 352 375 448
25 65 101 120 137 169 186 216 226 248 266 401 416 424 434
88 134 232 246 248 252 281 288 328 344 354 392 435 439 476
0 1 22 95 105 169 213 319 339 363 401 448 451 463 486
117 130 156 162 207 250 251 283 308 325 342 355 425 432 487
108 125 139 165 178 184 236 322 323 331 337 367 372 401 483
12 18 19 24 190 212 239 288 304 307 325 338 425 437 471
6 11 38 53 105 114 191 223 302 357 378 386 436 441 481
41 42 70 118 182 212 217 229 234 252 345 409 412 457 464
4 8 49 56 86 112 239 276 282 288 297 361 365 399 477
20 39 50 62 82 117 145 178 198 272 282 287 305 412 457
21 46 90 123 127 131 132 149 268 352 378 414 444 488 493
0 4 52 89 108 129 151 172 235 360 364 366 388 432 453
38 74 92 170 174 176 203 206 225 226 232 236 279 292 344
32 35 45 55 111 158 161 174 199 200 301 387 413 421 424
73 97 130 195 309 318 327 340 350 361 374 402 411 447 450
0 28 55 79 98 219 235 259 306 309 351 390 400 451 467
68 100 113 125 173 201 203 213 219 289 300 330 335 359 423
83 173 179 240 261 268 316 323 324 336 340 416 429 463 464
76 109 267 270 274 316 319 338 353 361 363 385 389 465 474
8 52 123 128 142 149 171 194 256 292 361 416 431 441 494
7 23 65 119 126 178 239 249 277 322 373 383 447 475 481
33 68 198 204 213 215 248 272 330 346 368 414 435 474 486
1 13 40 63 85 133 218 305 306 363 369 427 440 449 469
2 53 63 86 91 141 202 206 230 357 360 417 434 459 487
4 22 63 74 90 151 259 274 285 322 350 383 385 439 453
17 87 117 137 220 224 273 280 281 304 317 350 355 406 457
41 53 99 126 153 201 314 354 390 426 429 463 476 491 495
17 131 137 169 172 180 208 216 245 272 290 373 434 438 489
10 15 67 100 105 164 174 181 222 324 363 374 425 464 480
36 58 99 146 233 243 299 305 312 358 359 398 472 476 498
38 77 84 144 179 253 297 320 328 410 424 432 433 458 493
41 61 72 98 99 116 182 187 229 260 306 342 357 400 401
12 56 71 168 223 239 250 257 267 275 288 308 329 382 427
15 55 82 132 172 189 252 260 274 301 358 383 412 424 464
105 126 208 215 240 306 317 321 345 374 377 379 388 406 434
54 85 91 112 127 171 178 191 251 318 340 373 421 429 444
4 11 55 63 156 227 228 273 278 310 420 451 471 478 495
2 61 79 92 148 277 292 295 317 338 339 428 450 480 481
7 17 120 126 147 193 235 248 253 333 455 457 462 466 478
32 75 95 113 150 165 184 191 203 260 294 337 374 379 444
8 33 89 102 113 125 142 190 333 370 402 410 413 416 466
0 23 37 51 77 88 109 130 138 200 217 244 286 477 494
48 102 126 136 156 173 286 303 317 359 367 375 404 418 482
3 34 46 55 58 157 178 253 273 327 334 335 340 389 411
76 95 118 141 185 190 201 223 259 277 281 299 326 338 457
5 62 71 98 129 139 140 156 173 206 268 403 418 425 493
59 63 94 152 180 212 227 260 287 350 368 369 382 392 453
22 40 77 112 115 119 164 169 202 229 356 392 431 486 490
15 17 38 41 72 108 153 198 249 255 295 318 347 455 497
62 71 122 139 171 279 315 347 350 371 393 414 479 483 496
51 53 116 135 166 170 202 235 242 286 330 368 374 408 410
118 119 124 129 138 171 193 255 271 285 426 465 478 493 496
16 72 124 132 169 197 198 219 303 373 387 419 435 437 458
15 106 150 157 160 168 182 185 227 232 239 242 253 271 292 335
20 70 77 91 99 177 185 192 197 263 282 296 303 394 405 406
2 10 23 25 61 101 127 150 154 285 305 352 373 436 468 492
35 52 72 85 101 127 151 258 281 289 319 375 395 415 436 463
3 8 22 49 69 129 146 178 182 208 232 240 288 403 438 463
10 64 113 120 132 237 242 250 286 344 378 387 407 471 474 484
9 41 49 89 102 139 269 270 296 314 344 350 376 384 439 489
7 30 37 67 130 204 205 213 218 230 234 264 310 312 335 404
28 48 95 123 125 134 164 181 240 246 253 268 278 372 432 435
5 12 42 48 49 87 186 200 237 281 345 350 357 406 465 471
2 17 93 151 196 202 251 253 261 286 308 334 361 386 415 487
13 207 261 284 304 328 330 351 368 375 399 415 423 429 432 496
17 18 34 167 211 215 227 252 267 289 345 358 420 432 481 499
18 69 94 143 151 245 283 326 338 378 387 389 410 423 424 442
37 57 78 118 168 172 193 274 285 288 333 345 368 394 450 488
1 24 49 51 76 84 183 262 300 307 308 348 406 423 433 476
26 207 211 235 238 239 258 289 293 318 340 345 367 384 395 455
46 58 66 99 144 174 186 189 203 269 312 407 421 471 484 490
37 38 171 204 214 229 258 265 305 333 344 347 404 432 468 484
41 46 81 88 101 102 132 159 188 237 281 308 346 361 490 495
39 49 73 86 120 160 181 190 216 287 299 343 372 382 429 439
25 30 39 52 80 118 207 218 227 253 261 358 387 418 429 436
6 24 78 92 96 144 156 171 174 227 244 256 268 379 454 495
6 53 83 125 173 192 200 249 254 283 331 332 455 485 486 490
53 70 161 227 277 302 346 358 365 369 404 427 470 474 491 495
83 99 106 109 136 192 219 277 345 360 389 409 424 434 488 497
2 41 45 47 103 108 133 158 205 301 323 326 351 427 471 486
67 103 120 122 129 130 152 170 188 193 211 253 278 283 366 407
46 115 120 142 166 169 311 389 408 413 415 428 457 484 485 495
38 45 58 105 126 140 173 241 269 314 324 394 395 404 413 447
11 41 60 133 140 163 188 212 215 248 261 318 381 401 446 491
5 21 157 180 201 206 216 255 273 347 393 404 419 433 453 464
21 31 68 98 99 125 128 201 206 212 214 269 330 372 437 490
8 61 84 85 110 112 138 168 246 272 273 321 390 418 427 435
48 92 114 133 135 158 169 178 244 271 289 293 328 333 400 416
22 39 43 66 81 108 156 243 297 301 320 336 384 411 463 499
0 49 69 71 119 123 124 187 189 228 284 319 367 414 417 459
1 16 19 37 39 50 98 120 155 169 194 212 234 265 312 367
5 38 42 52 119 139 185 189 190 226 360 419 431 438 461 492
15 90 110 130 186 202 216 266 284 286 309 371 381 408 416 419
11 14 60 65 186 189 298 306 326 340 363 404 412 414 415 471
20 42 67 79 100 127 153 214 216 263 306 366 387 403 465 482
10 43 46 51 100 145 162 178 198 210 235 322 323 375 434 481
87 103 151 225 234 271 289 301 304 337 428 434 442 448 454 497
26 55 100 175 188 291 324 345 368 393 428 447 479 494 498 499
6 22 44 46 193 272 274 320 339 348 351 385 399 420 442 499
3 38 41 43 101 123 142 148 219 241 309 332 362 365 423 484
10 19 35 82 108 118 123 144 192 236 336 343 371 383 392 415
20 64 69 70 90 101 117 142 162 207 274 283 329 338 376 383
3 13 20 40 62 63 107 178 288 302 331 347 368 418 437 440
4 15 31 41 58 59 206 213 216 289 322 328 367 417 419 428
31 103 109 156 190 235 244 249 305 310 345 360 416 434 457 479
58 98 107 145 153 155 164 304 313 318 356 456 458 460 468 481
17 152 201 220 231 232 248 277 317 350 351 356 369 418 469 475
10 46 107 119 126 192 203 218 229 300 323 348 359 395 405 475
4 12 39 201 205 217 235 264 331 334 345 403 432 438 478 481
63 123 129 131 138 165 178 186 243 261 309 370 459 463 478 485
41 76 151 186 198 312 325 358 363 365 386 424 441 462 477 479
140 161 175 242 266 355 358 371 380 393 399 403 414 434 453 476
75 76 94 103 112 124 154 159 214 220 266 332 349 446 450 495
3 6 21 216 233 238 267 275 282 288 321 349 370 376 422 471
7 18 99 110 129 237 242 339 356 385 386 401 411 415 449 470
24 27 66 95 121 160 231 258 295 296 314 367 372 391 407 424
1 10 21 32 58 137 188 192 223 228 275 303 311 360 383 436
35 46 174 175 194 201 212 282 302 305 350 357 404 428 452 485
20 167 193 216 230 232 259 268 288 293 403 427 449 452 457 459
8 20 25 52 60 111 139 161 205 250 299 374 437 453 473 499
46 87 94 141 155 167 218 244 264 266 275 292 311 327 356 478
50 54 85 225 286 289 295 298 314 316 325 348 368 463 474 488
18 40 50 106 115 139 167 188 248 293 336 357 360 404 433 450
38 46 109 137 147 152 183 283 289 369 393 426 428 452 463 466
3 67 77 113 129 131 134 146 151 205 261 266 276 357 420 463
25 33 43 46 57 70 74 99 186 288 305 313 315 347 348 397
6 92 110 123 184 250 274 327 363 406 411 412 417 459 460 483
7 42 52 58 69 92 120 184 216 240 319 374 383 403 459 478
57 62 86 104 137 149 257 274 308 354 364 393 404 409 428 483
16 22 33 58 79 108 192 297 324 340 359 388 426 452 458 464
3 14 24 125 185 237 297 326 335 354 376 410 441 456 485 491
6 153 176 207 219 226 233 294 334 348 397 401 410 448 470 472
3 89 131 171 193 304 338 365 393 401 404 411 423 446 465 473
6 39 102 134 168 224 239 246 259 261 301 318 328 448 451 479
73 91 108 161 178 238 311 351 384 405 412 420 442 443 455 489
7 24 37 68 77 123 141 158 211 290 294 346 356 379 382 482
12 32 33 60 157 194 283 297 307 355 409 418 443 448 471 475
35 40 56 119 168 221 224 234 266 290 325 347 367 374 391 490
3 26 37 45 76 89 112 153 180 205 261 275 307 324 405 422
33 38 50 59 67 68 69 103 135 140 156 176 240 272 340 382
6 66 135 155 178 190 232 290 296 365 385 391 412 432 447 476
56 133 143 152 176 186 192 260 278 311 312 370 387 394 430 463
13 76 124 166 186 200 241 255 304 317 390 416 437 454 462 488
22 28 66 96 99 100 103 203 223 263 297 314 331 344 401 445
70 72 95 97 107 151 252 265 272 355 372 377 381 462 469 481
39 42 55 56 63 89 154 185 192 304 308 369 413 426 434 455
20 32 40 97 114 134 149 175 208 260 261 280 307 343 434 472
1 63 81 163 168 196 221 225 234 253 296 342 396 410 419 422
15 18 44 69 82 84 126 130 151 196 277 349 355 421 485 488
11 60 90 110 125 178 179 184 261 264 300 366 377 406 464 470
0 23 85 92 138 160 195 217 223 231 243 256 285 306 439 481
0 1 46 55 60 61 64 75 142 157 243 263 318 335 420 456
34 43 96 124 144 159 190 230 323 332 371 395 399 416 456 494
6 33 66 105 109 128 148 166 201 218 221 235 238 241 305 341 467
8 86 116 137 149 204 215 216 255 257 352 382 404 422 458 461 476
41 44 45 79 92 101 175 192 210 221 238 254 302 306 311 361 444
63 73 94 154 159 199 227 295 305 317 372 398 401 433 476 482 488
16 74 97 121 172 208 265 268 273 288 302 318 326 360 361 418 421
71 84 152 186 197 216 265 269 331 362 383 388 395 432 478 485 487
28 50 57 63 122 133 176 189 223 268 269 277 312 319 345 363 398
14 28 32 104 126 158 200 228 255 269 310 313 361 392 415 461 470
2 17 79 138 186 206 216 236 252 259 302 304 305 360 372 428 458
17 25 67 97 171 174 197 238 281 282 315 316 387 393 415 435 479
40 46 78 92 93 96 118 134 272 289 300 342 347 430 436 479 486
14 42 56 75 86 103 116 119 137 321 343 366 397 407 414 435 477
53 58 70 99 105 140 152 236 237 354 364 377 414 437 481 495 496
20 102 124 143 151 274 280 287 333 335 350 388 394 400 405 474 497
16 40 68 87 178 183 185 188 194 224 227 244 295 311 348 374 421
53 86 89 130 146 150 179 203 231 255 347 355 412 422 439 474 489
1 2 78 113 141 142 174 204 217 251 327 339 369 370 403 416 419
41 61 64 87 162 191 202 223 228 229 272 279 280 283 300 336 397
24 35 47 89 110 116 153 219 276 282 323 375 407 447 450 461 480
73 75 84 159 163 183 187 241 246 252 253 290 293 313 326 425 444
3 8 42 156 187 188 203 256 259 261 357 377 409 415 423 433 440
21 86 103 163 187 202 243 271 311 312 329 353 395 415 425 440 487
22 83 184 219 297 315 335 339 356 376 385 427 432 433 449 461 489
13 30 41 66 141 179 188 220 264 363 367 416 439 441 480 490 494
27 47 69 85 111 223 231 241 253 267 277 289 304 329 371 429 492
26 32 46 67 121 168 209 251 259 284 346 357 397 455 469 493 499
8 24 62 65 85 141 163 183 235 245 252 260 278 279 359 378 469
19 96 135 137 183 189 205 245 256 278 318 324 351 417 418 462 472
8 42 52 53 67 88 105 160 173 187 235 291 329 366 408 452 483
12 52 80 123 151 167 169 174 254 296 321 338 370 415 420 466 471
51 85 96 129 137 153 199 233 240 262 268 290 330 335 417 451 457
46 47 52 65 153 154 192 193 218 229 254 345 395 397 405 436 496
22 33 55 61 199 209 222 235 267 270 316 350 376 392 476 495 499
33 48 59 134 197 206 222 234 246 250 259 270 284 306 390 414 491
23 66 79 107 108 118 128 163 181 197 202 333 353 406 415 431 442
10 17 97 98 103 115 133 222 224 272 309 324 327 355 452 472 480
7 54 56 99 108 137 139 152 251 261 314 319 363 424 446 472 487
66 104 127 159 170 173 212 217 241 258 264 269 289 319 352 461 478
3 48 57 67 92 100 117 154 168 260 340 347 353 362 363 433 472
3 15 32 45 56 102 122 123 156 169 219 238 304 305 392 401 495
52 77 83 120 125 168 192 204 230 259 292 322 344 363 376 448 463
36 65 66 71 75 127 157 165 235 249 253 262 294 304 313 375 391
12 79 90 92 160 171 265 269 276 288 299 319 347 413 415 437 457
97 105 114 120 212 237 293 339 355 366 377 381 387 392 425 452 464
15 52 90 137 162 176 264 289 302 318 337 342 351 408 411 454 478
12 32 82 90 155 165 187 209 220 233 241 310 345 356 439 460 466
14 53 105 143 252 253 258 265 295 339 349 364 386 410 440 446 471
16 89 118 149 204 228 241 262 281 315 353 376 398 400 428 445 479
50 54 60 75 91 108 112 123 156 216 246 248 289 317 336 413 439
89 115 141 180 199 259 274 282 283 339 402 419 423 431 441 485 492
72 98 109 147 178 220 233 258 265 290 293 331 398 408 429 449 474
35 37 47 69 70 92 254 257 276 286 327 328 353 395 410 460 499
29 51 78 96 153 201 205 212 250 320 326 328 351 358 402 433 447
31 88 93 109 144 209 246 253 291 345 366 373 383 422 431 467 499
12 63 128 174 192 253 276 325 334 341 371 386 394 396 404 418 497
48 119 137 148 160 165 189 201 208 224 263 279 283 284 305 471 478
30 64 83 99 125 139 176 192 227 230 338 347 386 402 404 473 498
8 67 95 159 240 251 285 329 350 359 367 376 393 412 434 438 476
41 57 66 91 171 176 181 188 195 265 284 289 346 369 441 481 483
1 26 53 72 120 123 143 149 200 234 238 327 362 426 443 467 494
3 15 27 52 63 72 86 176 218 226 257 264 295 355 410 419 481
5 97 124 135 137 138 177 183 195 249 267 288 294 313 402 433 465
31 41 49 59 69 101 108 166 170 175 186 192 197 248 309 386 408
10 38 57 64 74 208 241 290 319 400 421 422 423 466 467 477 492
12 49 75 116 142 222 277 309 343 351 382 407 412 423 428 452 494
8 59 96 127 175 215 239 240 243 315 346 361 414 416 470 478 496
8 34 105 114 149 167 175 177 250 307 345 359 395 399 400 429 477
11 66 95 101 127 134 154 197 200 206 261 329 336 351 364 397 467
7 11 39 42 54 57 74 120 189 207 241 247 291 415 442 478 486
15 40 44 45 136 165 198 230 231 248 307 314 363 429 437 448 499
11 31 69 88 98 110 207 244 256 303 372 391 424 442 463 471 475
13 39 76 174 180 181 183 223 230 272 288 357 370 376 414 426 462
13 33 62 64 201 203 279 286 307 383 386 395 403 430 439 456 473
8 96 134 193 197 224 271 279 345 357 382 383 401 423 425 451 462
1 49 69 97 141 179 240 248 293 300 320 361 402 434 449 454 483
78 134 137 163 231 262 287 317 345 376 404 426 441 450 460 473 480
9 56 71 119 173 189 200 202 232 243 253 274 381 447 469 491 494
39 81 132 144 160 163 188 219 249 268 281 282 308 314 377 403 481
49 131 159 167 210 251 268 294 304 319 331 334 403 415 431 440 447
2 25 28 30 66 95 116 143 203 215 273 314 338 456 467 469 482
58 69 104 110 154 170 171 239 249 294 320 397 429 436 459 463 471
19 41 43 82 136 160 183 186 219 331 343 351 365 423 428 433 452
12 89 118 146 160 196 223 231 286 338 361 369 375 377 401 462 466
0 24 31 61 67 103 180 191 200 202 295 368 425 474 475 482 491
48 68 98 113 144 162 174 178 191 202 240 247 258 274 341 407 410
13 40 43 66 165 170 173 218 283 302 304 344 348 391 397 442 457
17 40 63 92 98 113 149 158 170 199 203 227 232 236 271 327 462
42 112 176 184 186 203 204 218 273 275 354 364 374 419 441 449 479
10 24 46 80 146 149 153 182 215 218 227 253 257 295 320 343 440
96 99 100 151 158 184 213 331 339 346 352 363 367 371 395 409 478
13 21 113 117 232 255 259 277 298 335 356 413 427 453 469 484 494
0 53 69 131 185 204 222 247 259 274 281 295 365 380 409 415 421
8 46 89 111 147 221 229 231 241 257 318 322 331 383 442 453 481
3 14 20 53 55 58 65 87 94 148 155 173 181 225 269 276 371
112 114 122 157 170 175 238 252 267 293 296 313 318 355 412 423 435
21 40 86 94 158 167 168 190 207 209 222 268 282 322 330 397 435
2 19 47 87 100 163 174 196 199 203 207 215 239 307 370 391 469
47 67 95 119 121 144 185 198 227 294 319 320 388 407 413 445 457
25 95 110 123 166 232 240 257 273 288 356 360 378 399 426 458 490
10 18 39 82 131 148 162 201 257 314 315 343 354 377 433 439 483
76 147 171 182 193 197 208 209 236 262 295 335 347 365 421 473 481 497
70 79 121 140 150 162 188 222 223 272 277 290 308 319 324 354 363 398
11 12 58 85 86 169 173 189 191 281 287 408 443 452 454 459 490 494
23 24 60 73 84 156 195 208 234 254 255 282 310 314 321 413 427 428
20 22 34 70 140 242 255 303 340 375 391 393 412 418 446 458 479 494
26 57 143 150 182 195 226 261 284 290 312 351 379 389 417 418 454 499
18 64 89 113 135 160 165 225 227 242 245 263 291 305 437 441 452 471
0 34 46 65 82 93 95 133 189 197 213 266 355 382 385 460 481 486
29 75 101 120 133 176 217 273 321 353 404 418 423 424 470 473 474 492
0 5 14 38 112 164 228 243 247 273 289 303 308 313 376 416 430 459
1 17 61 78 83 93 114 115 150 176 230 294 328 369 387 392 425 438
16 41 73 94 143 175 180 218 225 279 293 320 328 344 385 392 409 433
40 75 85 94 99 121 152 221 222 239 261 262 357 370 403 434 436 461
27 52 58 60 104 113 123 127 186 193 199 209 236 241 255 298 352 489
1 27 38 49 53 73 75 96 104 166 250 253 320 345 350 371 458 499
8 27 69 79 99 135 146 271 301 322 324 354 387 388 406 426 439 472
15 16 31 102 150 170 185 277 296 304 321 323 341 348 356 413 455 477
46 85 208 212 219 240 254 286 292 301 319 342 360 403 423 460 474 498
3 143 224 228 270 285 293 296 314 327 370 405 423 456 460 481 482 498
18 41 86 90 94 104 188 205 244 252 258 266 279 323 343 350 450 487
34 77 81 100 102 133 151 159 169 174 194 200 232 281 284 376 412 457
22 51 60 76 83 90 151 185 245 288 297 299 390 417 418 438 447 454
9 74 78 80 126 163 183 225 254 268 302 309 355 367 375 398 449 483
12 45 50 71 93 136 138 141 149 155 215 267 298 310 322 364 406 498
2 45 54 62 70 124 125 135 172 182 192 209 210 241 443 445 463 482
6 37 39 49 89 100 110 135 181 220 261 264 274 279 360 370 414 468
8 40 42 59 94 95 97 122 128 155 163 175 201 224 235 303 441 472
11 15 28 37 48 79 111 179 186 198 233 241 289 308 338 382 400 460
5 19 37 110 157 169 185 226 275 325 347 361 364 440 441 493 497 498
101 143 148 207 225 233 251 281 323 351 364 389 397 410 452 461 487 495
4 9 68 92 161 212 223 234 254 256 309 322 365 377 380 381 402 458
92 98 145 192 193 194 195 217 230 279 298 340 349 401 406 423 427 467
10 47 53 87 99 104 144 197 205 247 258 276 291 365 374 404 421 434
18 111 148 182 190 195 201 212 219 222 294 330 336 425 440 466 469 489
21 41 59 65 76 122 133 201 252 271 286 303 313 381 403 415 431 459
1 13 17 20 43 44 85 125 163 193 200 201 278 305 388 399 453 458
11 44 71 94 106 187 226 245 262 310 342 363 381 405 415 422 444 487
56 111 165 166 187 222 253 270 290 293 327 353 356 358 396 428 462 490
7 35 46 51 70 75 155 176 191 256 291 329 364 367 393 441 454 461
0 11 13 89 113 143 193 199 281 291 321 352 409 428 431 440 462 470
17 50 51 68 92 96 97 157 183 219 229 241 259 289 297 316 324 350
1 19 57 70 83 93 153 168 209 231 260 276 355 383 393 442 458 498
16 55 65 128 134 188 217 221 260 288 301 352 362 392 395 438 493 497
34 55 59 65 126 151 183 220 224 229 259 286 307 321 351 390 407 453
35 67 101 134 136 181 187 207 228 240 264 325 334 393 399 405 437 478
35 51 103 199 230 257 259 294 297 321 350 351 356 389 395 422 458 491
15 18 29 36 54 152 190 208 250 288 308 314 333 337 353 372 439 451
4 99 111 125 179 202 272 288 315 333 371 372 400 414 429 441 443 446
16 19 42 98 135 160 181 217 220 230 235 258 270 285 287 303 326 476
11 24 60 97 108 142 179 183 226 239 272 278 347 416 418 448 463 479
46 48 51 63 89 90 97 123 133 138 156 257 317 332 359 410 428 477
17 50 114 119 122 139 182 202 240 251 277 278 320 365 397 448 482 485
40 51 74 175 183 204 238 242 252 256 278 345 355 403 416 442 459 493
14 30 44 48 94 160 163 183 201 245 301 366 378 384 392 442 492 497
2 38 54 55 100 102 115 124 131 160 166 169 186 267 361 380 455 488
2 26 38 68 97 124 199 233 244 295 297 309 317 406 437 438 445 490
3 19 20 77 87 106 184 189 281 287 316 326 338 371 373 374 409 461
5 60 77 95 143 150 159 164 180 221 254 269 326 376 380 389 414 475
2 97 160 190 191 247 265 279 308 310 321 322 331 371 386 423 430 473
142 152 176 187 234 237 338 346 348 367 395 404 415 421 425 467 487 498
79 85 100 119 142 157 166 183 207 231 236 250 306 333 357 388 441 495
20 66 91 100 162 180 188 195 198 278 372 392 404 413 428 455 458 491
16 25 31 89 95 122 137 144 151 211 239 304 327 394 395 414 427 458
0 9 48 50 77 90 125 137 163 200 267 273 296 305 373 452 467 499
11 20 95 109 136 189 190 219 220 243 245 268 328 354 388 415 475 492
3 29 92 107 140 142 179 232 240 277 298 309 327 342 424 472 481 497
18 89 104 187 199 215 240 321 334 344 353 372 374 379 409 440 454 488
140 175 188 198 204 219 220 250 261 263 356 366 393 399 417 485 486 488
109 122 179 214 236 245 260 274 329 334 343 417 420 421 424 429 457 496
24 67 68 91 109 113 132 206 207 212 218 248 308 322 352 359 386 498
30 44 140 152 155 191 195 226 264 292 302 310 345 356 397 410 411 412
10 15 26 37 96 172 253 277 337 357 361 364 369 370 396 407 439 486
19 25 54 83 195 266 303 305 311 340 349 392 442 450 474 480 487 494
74 87 115 126 134 136 165 168 201 218 251 332 336 341 377 396 483 489
10 37 42 44 46 48 55 80 153 165 174 186 200 235 272 389 439 494
13 34 90 104 131 153 184 188 197 235 238 328 359 402 427 441 473 496
36 81 87 97 133 183 208 213 282 349 364 372 398 407 419 430 465 484
17 63 67 94 126 135 177 182 210 248 264 268 287 298 372 397 428 469
5 18 63 75 151 161 234 268 323 327 333 336 385 429 457 462 485 498
25 59 65 209 220 231 232 264 281 349 367 383 389 401 420 443 461 473
109 133 137 173 176 206 216 242 246 247 281 288 330 411 415 452 456 463 472
14 76 98 143 190 191 202 214 243 245 248 249 266 287 293 440 465 478 494
6 37 49 65 74 94 95 121 150 202 219 232 283 295 309 311 334 403 449
4 12 98 135 165 183 184 207 230 316 328 341 343 384 401 407 416 469 494
1 8 21 25 31 39 72 82 101 159 240 245 276 285 401 422 431 480 481
32 44 120 124 146 147 189 195 196 200 204 320 330 332 348 380 398 457 471
11 52 74 84 88 129 134 151 153 205 208 221 274 303 370 417 426 484 485
1 40 150 161 167 191 195 202 224 248 269 291 293 299 300 309 343 363 481
8 12 33 41 157 233 253 272 291 301 339 348 354 361 365 391 445 476 488
28 58 62 75 92 106 108 158 169 224 243 270 284 306 334 343 389 402 453
24 26 38 39 75 96 168 170 172 205 259 300 317 334 338 381 386 441 476
33 45 115 168 171 211 255 298 312 320 324 328 352 372 378 435 441 443 477
21 76 84 100 109 130 153 157 173 188 215 251 269 305 316 317 377 403 484
8 75 117 127 132 136 165 171 190 288 341 358 379 393 395 451 460 485 497
13 32 88 107 133 144 160 171 204 246 254 317 321 358 377 438 447 465 481
36 77 100 133 150 171 191 195 204 248 295 338 355 391 423 442 444 471 483
5 31 32 196 205 224 254 268 303 315 360 367 383 390 395 400 436 457 473
5 8 112 141 144 211 236 243 299 305 341 353 388 393 399 445 478 479 493
14 57 63 70 108 151 182 209 278 301 367 397 401 404 405 422 455 467 497
13 76 92 129 130 178 193 224 233 242 276 281 305 323 324 351 360 424 450
2 20 32 50 74 120 140 143 152 227 236 320 337 359 386 400 413 416 424
2 28 37 104 129 146 152 196 207 216 220 227 251 273 329 372 417 492 498
4 16 59 105 109 113 141 166 207 248 259 288 299 300 369 380 421 435 472
24 87 95 102 137 150 164 175 180 216 253 277 300 305 321 434 444 451 463
10 55 77 84 125 140 159 162 167 185 207 256 267 308 330 351 427 457 469
75 112 115 191 198 206 233 245 248 310 324 329 355 358 400 406 416 435 445
0 1 19 46 84 88 99 112 128 216 257 275 291 384 436 441 463 487 496
24 48 82 90 116 141 144 179 214 223 245 267 299 310 337 341 370 387 434
6 10 45 48 96 98 118 124 140 240 274 278 327 380 398 432 436 482 486
0 10 20 24 125 134 218 230 251 263 266 289 325 346 361 387 400 465 466
69 98 142 197 206 215 266 268 288 305 312 406 414 431 440 450 460 466 469
60 94 99 158 160 170 192 209 242 271 285 292 342 356 386 390 410 457 474
32 49 60 81 92 96 115 130 141 189 219 283 284 285 325 332 421 468 490
7 30 90 113 145 156 164 190 207 275 283 285 296 310 322 390 408 412 496
9 14 76 78 99 129 194 238 248 261 300 308 312 365 383 396 408 474 487
6 45 64 75 81 107 172 190 237 251 292 310 378 382 428 444 448 452 478
24 33 71 83 96 104 134 154 186 197 202 208 237 247 294 320 334 342 349
173 197 213 253 305 335 339 347 362 363 374 383 390 401 425 436 439 456 469
62 67 87 106 185 200 202 327 336 354 374 385 391 447 463 478 481 496 499
9 39 45 66 100 123 131 171 277 283 293 348 365 386 421 432 444 472 493
13 37 46 96 141 163 173 194 220 224 245 246 287 301 355 396 467 478 485
4 7 44 47 52 53 75 113 118 126 127 163 270 288 295 414 443 444 491
24 48 70 78 99 141 149 151 175 181 209 218 228 267 331 381 410 466 471
49 88 175 185 204 205 218 219 297 300 307 313 348 379 380 441 445 452 497
46 56 72 90 139 158 183 186 191 198 260 324 356 397 424 427 429 497 498
11 96 101 157 172 177 180 184 185 222 244 266 270 294 343 348 418 450 465
8 30 93 152 159 197 301 310 316 341 371 392 416 417 420 437 445 460 472
21 39 105 156 171 207 226 245 246 254 307 372 376 422 429 433 448 458 470
26 48 89 92 106 122 130 153 156 166 233 240 247 261 300 339 352 448 466
48 95 96 102 113 130 132 150 197 263 295 297 303 342 345 383 413 450 490
51 123 168 172 274 276 281 328 332 363 393 400 438 444 463 464 480 485 495
13 15 113 123 133 168 174 181 188 192 290 300 320 336 354 358 418 456 472
36 42 66 77 84 167 188 196 202 215 243 282 295 312 333 336 390 402 492
7 9 32 60 116 132 146 165 246 282 310 353 363 375 406 415 427 434 492
4 18 35 56 102 106 138 220 258 262 273 299 388 415 430 452 455 468 489
28 30 60 84 144 168 205 231 240 250 275 373 377 395 408 415 439 485 493
30 33 50 75 89 125 184 207 212 215 221 234 255 288 296 368 394 477 490
11 13 40 55 81 89 92 93 124 194 204 311 331 406 414 423 468 471 494
60 74 76 84 132 143 148 166 213 236 283 294 314 337 401 408 424 465 473
29 52 59 61 114 153 183 195 204 252 295 313 315 367 371 378 380 490 499
17 23 24 56 128 167 188 209 247 274 296 313 342 349 381 388 440 441 476
26 34 54 66 103 107 137 142 143 165 187 203 211 222 283 298 363 405 479
8 12 62 118 145 175 200 226 242 253 275 281 290 293 303 330 342 411 490
51 77 120 122 200 217 252 295 306 323 325 338 340 359 404 432 433 440 455
16 69 99 146 207 241 262 279 291 301 345 386 387 390 391 432 439 443 482
24 68 97 114 116 120 137 164 165 212 250 266 277 278 286 326 439 443 489
58 82 118 140 153 160 173 188 225 228 233 248 335 342 401 403 407 408 475
13 66 67 73 95 100 102 133 140 176 262 343 345 374 387 396 401 457 495
56 61 79 144 210 213 216 224 265 282 294 305 361 382 386 412 417 448 450
0 107 108 114 119 127 136 143 173 189 219 275 300 302 307 322 324 411 474
0 11 22 30 80 89 111 122 182 212 286 294 298 330 343 360 424 439 493
15 27 33 48 82 97 146 156 170 216 240 273 277 282 283 332 344 406 465
0 8 45 52 57 69 114 115 119 120 171 229 242 294 331 390 401 477 492
29 84 128 148 167 213 220 222 228 262 311 323 329 352 376 388 447 457 471
8 27 51 75 79 82 106 117 119 123 162 217 219 253 299 360 413 429 490
23 25 66 92 93 139 155 192 224 279 285 290 293 299 315 327 397 441 484
14 64 125 128 132 155 176 180 184 186 251 307 351 375 376 404 414 435 471
2 6 23 34 37 40 48 146 156 166 178 206 246 277 296 323 372 452 463
27 52 62 72 109 136 145 205 241 244 251 253 282 292 301 313 339 347 479
51 68 75 81 134 136 161 163 171 176 196 254 341 384 437 446 451 469 496
6 30 62 79 96 123 133 177 194 250 258 289 297 304 324 375 440 454 474 493
39 45 134 145 152 180 238 239 268 296 299 305 321 322 333 399 467 469 471 485
1 14 55 65 118 146 179 197 203 227 255 271 286 302 374 388 444 445 480 492
26 40 49 74 135 139 141 245 252 258 259 272 332 342 345 353 394 398 440 467
32 39 107 116 146 156 185 229 241 254 281 289 362 365 375 385 433 447 449 484
50 86 103 118 165 177 201 214 289 304 321 323 335 400 408 435 447 462 466 491
38 41 42 69 83 103 122 208 232 264 271 293 316 318 326 336 383 403 429 452
1 4 59 78 85 120 134 138 147 181 193 197 221 355 414 427 431 448 461 491
30 93 140 142 165 186 204 212 260 278 294 296 297 302 325 354 358 401 429 469
71 86 125 165 188 192 205 212 221 235 308 316 319 321 337 342 400 433 435 492
36 47 50 72 84 85 113 131 161 163 197 200 203 263 265 282 305 356 364 444
2 49 71 105 128 168 185 191 210 227 232 239 286 306 329 342 353 411 449 497
29 54 86 96 99 102 168 226 245 257 302 335 347 381 407 413 426 459 462 489
7 23 66 75 115 179 180 207 210 214 222 283 292 299 303 351 358 442 469 485
1 117 121 134 151 173 182 189 205 221 238 272 274 280 299 361 366 427 460 484
32 39 72 74 126 134 169 173 200 206 222 239 247 260 282 368 369 379 479 484
13 25 47 66 111 128 144 155 192 199 252 267 322 323 393 398 418 443 449 465
2 123 124 125 146 152 169 175 196 201 223 224 258 327 351 363 389 399 418 462
1 11 47 90 124 137 170 174 233 275 286 305 328 348 429 434 436 468 484 488
1 41 50 58 149 179 238 269 276 295 382 421 430 435 457 462 475 477 488 490
47 53 59 87 91 114 119 142 189 200 223 289 294 381 423 458 472 481 489 491
1 12 17 34 40 73 126 146 156 159 185 197 223 226 228 282 312 386 396 422
43 72 81 84 117 190 207 208 246 251 265 270 276 288 297 371 373 391 448 450
17 45 67 124 125 138 151 162 244 246 255 282 346 404 435 459 468 483 490 498
35 44 93 125 127 136 140 154 195 207 253 259 270 275 321 327 333 365 414 479
67 73 86 95 102 109 119 164 182 201 228 240 248 303 386 398 406 439 491 499
3 13 23 45 106 110 164 168 187 226 229 324 356 373 404 411 413 419 431 445
41 44 88 113 128 140 150 209 210 221 227 239 302 318 344 380 396 399 443 498
17 33 46 60 64 76 108 109 126 177 207 214 228 229 294 305 362 366 429 449
9 29 30 85 96 99 136 138 150 177 215 234 236 277 285 297 351 377 425 472
6 34 38 43 111 118 134 146 161 174 302 315 340 368 383 387 452 458 466 488
7 9 13 59 92 123 135 168 184 185 198 205 231 303 316 345 404 469 476 482
19 24 27 75 83 96 193 200 224 261 266 273 277 283 287 332 365 385 472 492
4 12 17 85 134 166 193 204 216 226 255 288 312 326 338 356 362 396 451 481
33 75 84 99 112 167 210 231 253 255 259 298 315 330 337 357 375 379 455 469
29 44 70 84 85 118 225 252 296 301 334 338 356 376 381 391 418 421 444 495
88 90 176 180 182 192 220 282 318 328 340 354 357 384 408 416 421 442 454 461
16 17 31 58 100 127 153 164 175 238 250 275 280 368 407 409 424 446 457 480
5 13 17 30 36 38 44 48 71 85 100 121 238 298 323 343 374 425 450 463
22 44 67 121 133 139 145 219 230 236 237 263 271 276 308 315 365 395 396 430
11 92 149 151 184 199 214 227 235 236 244 271 301 315 356 384 419 459 484 485
1 23 41 71 92 125 141 220 233 263 280 335 353 371 374 382 387 410 439 459
6 26 71 112 120 173 181 194 217 236 274 289 312 329 333 346 347 422 425 436
50 96 98 173 197 213 214 225 255 258 298 320 336 352 371 380 416 442 467 498
17 18 75 109 127 129 172 212 236 252 305 312 323 378 418 446 460 463 465 484
71 95 125 131 167 181 205 220 224 243 254 299 307 340 348 375 376 440 486 491
1 12 74 86 95 99 105 133 215 226 290 293 312 318 363 370 401 417 426 438
3 7 32 44 62 74 79 171 230 327 366 372 375 385 420 429 462 476 482 497
14 101 165 174 180 186 198 218 232 237 250 253 262 300 304 321 335 360 389 443
9 89 135 143 147 165 169 208 240 301 304 324 330 335 362 378 393 452 457 476
24 53 63 75 118 162 169 180 181 271 285 304 344 355 380 408 463 474 479 493
55 127 130 136 154 169 227 249 256 267 275 278 300 341 346 353 360 449 485 493
70 89 190 202 211 252 279 287 316 320 382 383 392 398 400 412 436 439 448 483
17 37 71 88 129 147 151 240 242 290 302 322 339 350 373 412 416 436 465 489
9 64 94 100 107 111 134 164 177 195 211 220 291 308 320 322 348 465 473 481
23 49 63 102 113 149 154 158 178 198 201 213 214 235 238 331 339 398 453 457
7 11 54 73 83 106 142 144 158 166 198 272 277 316 374 410 421 437 475 484
3 17 40 45 66 70 110 130 150 267 294 308 327 336 362 400 424 472 479 492
25 47 82 85 112 135 139 177 188 237 247 257 284 286 315 357 373 447 466 493
2 24 37 82 85 136 145 168 174 223 230 275 288 289 324 355 376 414 439 465
5 18 36 74 114 144 152 174 175 177 202 206 248 257 356 360 400 481 485 490
4 25 31 35 36 82 83 97 110 117 122 189 232 262 294 316 329 401 432 436
35 46 77 104 118 123 126 178 186 193 204 205 212 247 264 296 331 404 420 465
58 196 203 209 226 251 264 293 297 305 308 342 401 403 419 430 433 452 460 494
5 30 77 87 154 158 227 255 261 279 363 376 386 404 413 427 474 483 492 495
25 53 58 80 86 97 113 156 193 214 234 244 258 309 340 349 364 377 379 479
53 57 85 121 130 135 153 205 274 278 327 328 348 369 379 382 407 435 464 478
11 33 55 72 73 80 100 124 142 207 236 245 277 310 329 354 403 431 435 465
0 21 50 94 107 280 298 306 314 318 346 347 402 408 416 435 461 471 473 493
30 42 89 102 113 138 141 194 217 231 249 259 346 353 360 384 391 399 406 480
40 74 91 98 119 147 222 226 228 249 259 271 291 327 334 339 367 378 462 486
7 62 74 141 143 149 183 187 229 237 240 250 297 319 335 342 368 385 438 484
8 41 56 67 112 149 153 169 183 210 256 259 268 294 299 391 415 445 468 496
0 1 6 57 65 68 70 77 81 116 148 151 215 341 356 410 413 453 494 499
17 54 70 114 126 129 146 153 177 190 265 267 316 371 409 415 427 474 480 497
45 54 78 96 107 115 129 137 176 242 250 252 290 312 322 360 363 364 385 388
1 2 5 9 39 76 82 91 103 123 127 213 242 284 399 409 441 454 458 477
57 65 67 127 208 231 260 281 300 301 329 334 343 355 373 376 377 414 495 499
7 8 9 17 55 89 90 92 112 118 142 271 294 333 387 391 415 443 454 469
1 36 66 187 202 210 237 262 269 274 306 313 337 345 400 425 440 478 479 494
