274 454
327 333
76 95
293 458
159 165
280 384
151 233
385 410
300 483
354 490
20 90
77 240
123 144
99 216
295 306
332 452
168 192
277 279
322 382
343 492
86 199
299 460
307 322
129 240
67 89
320 475
63 215
14 26
21 61
313 494
251 413
250 446
288 292
310 436
280 456
166 228
300 387
400 442
218 244
163 204
92 181
145 218
261 485
136 208
290 293
121 212
112 185
417 461
195 201
55 75
286 459
88 186
274 447
110 247
93 187
276 373
277 476
75 223
252 455
61 89
157 227
23 105
447 480
363 469
387 399
29 234
123 151
50 188
64 156
99 242
50 63
173 236
58 226
62 146
408 437
306 491
168 219
329 487
465 485
156 206
290 499
16 205
336 438
117 235
270 445
259 346
290 339
290 473
33 214
305 414
24 131
126 160
55 143
98 242
360 362
121 128
140 214
379 488
66 200
110 116
6 19
83 88
59 67
338 342
194 214
266 418
360 420
333 345
0 178
341 367
28 206
398 444
115 217
276 282
153 159
89 155
449 454
263 412
342 481
266 439
130 221
295 447
328 474
14 142
424 428
280 470
178 226
105 173
76 113
312 314
76 101
118 144
254 273
129 143
19 242
304 342
361 407
268 295
3 151
340 392
73 249
147 247
120 144
168 234
147 234
41 189
409 413
1 16
345 371
322 405
395 419
350 394
397 464
22 44
307 423
40 93
359 421
115 242
137 210
141 218
272 485
68 74
415 418
78 109
255 274
185 189
257 280
117 198
363 369
133 203
42 123
283 332
367 434
28 221
63 94
338 416
157 168
132 171
351 406
305 464
145 179
24 184
122 197
190 241
131 203
112 249
173 227
14 148
265 347
348 452
253 447
9 199
352 474
47 219
133 141
432 450
81 99
442 480
1 83
57 164
33 108
131 163
230 238
318 499
292 384
442 471
276 338
10 227
354 363
322 481
75 197
85 170
29 105
183 230
285 489
415 498
321 487
136 220
171 192
369 454
428 452
41 234
108 123
250 316
254 443
154 212
434 455
109 207
60 177
97 169
119 234
89 237
120 237
44 137
272 363
313 406
287 455
392 487
137 203
437 444
296 426
329 401
35 59
340 452
367 376
253 364
77 115
336 491
330 403
297 465
385 416
136 183
254 339
387 476
95 184
102 207
324 367
183 240
179 217
57 112
44 176
484 491
418 470
351 413
299 425
187 215
288 385
285 399
352 431
63 246
468 490
163 169
86 240
89 183
209 243
9 59
369 412
183 223
366 439
158 219
396 440
357 374
65 135
62 233
2 185
149 161
82 130
71 119
438 492
95 197
130 248
388 494
31 34
380 459
68 107
172 216
287 462
310 363
285 431
29 191
278 417 431
15 118 314
52 261 404
55 187 304
3 206 283
42 80 190
348 422 480
283 352 360
54 197 365
72 262 269
38 71 372
190 210 348
120 147 352
176 281 449
64 92 156
8 213 225
308 310 435
11 15 236
271 287 415
329 379 405
53 166 317
71 213 266
17 59 180
63 148 255
381 471 482
43 151 425
48 97 221
125 422 457
160 432 433
275 361 426
44 271 407
6 67 132
9 165 203
99 358 431
343 396 414
254 343 471
294 334 469
294 300 364
343 403 465
276 332 468
246 423 425
4 343 405
0 249 497
215 288 341
70 414 434
325 358 376
7 127 410
94 116 192
284 357 423
55 92 181
87 158 442
215 232 260
261 340 458
28 345 387
156 240 425
126 216 489
296 359 414
73 316 327
141 152 153
217 228 290
27 263 309
141 249 468
126 237 492
318 351 367
22 127 172
7 9 218
18 68 238
35 136 493
90 204 252
76 126 238
56 208 238
43 231 233
159 172 196
113 135 459
116 131 210
7 45 232
141 367 456
73 104 145
15 102 205
9 112 238
104 121 313
30 476 477
24 124 488
5 415 446
52 251 410
384 395 411
412 467 498
102 433 439
32 249 490
16 272 345
280 359 456
430 445 453
315 320 456
142 398 408
11 43 105
296 363 457
339 404 490
62 88 145
33 283 387
228 307 474
25 410 486
56 209 472
52 436 488
105 134 205
250 287 313
431 465 490
41 240 269
17 246 359
29 93 124
318 415 442
16 256 374
334 456 457
394 481 482
12 203 318
20 34 347
441 486 494
110 267 327
251 348 463
307 323 383
137 159 214
27 147 224
103 125 170
13 100 351
17 131 159
27 237 470
141 171 297
86 106 170
137 200 204
41 169 205
134 222 444
121 159 431
47 204 210
19 81 207
237 286 483
92 162 282
61 296 410
71 390 435
172 204 244
25 27 435
171 397 448
89 212 282
136 162 285
26 149 214
250 324 450
14 53 75
48 178 185
35 36 196
12 199 474
14 123 462
282 396 457
137 142 188
251 455 493
108 399 451
18 79 150
269 430 439
158 250 424
54 129 195
140 213 244
171 244 495
118 313 387
306 385 415
18 96 282
306 406 454
144 174 345
292 379 450
121 232 279
337 429 481
166 184 448
236 361 453
4 388 408
54 185 188
383 398 441
148 197 227
272 332 366
177 223 308
105 117 188
144 149 340
110 391 474
386 392 482
6 32 293
277 354 461
271 390 457
268 271 323
7 127 437
231 273 436
141 146 459
122 285 287
75 306 493
24 241 463
173 285 432
19 100 286
33 44 222
287 364 465
421 428 471
36 120 340
268 387 463
60 152 476
250 278 297
86 226 262
0 77 313
152 240 323
0 27 166
31 67 390
68 197 248
130 152 172
164 237 273
33 403 436
43 295 429
197 271 354
64 228 376
39 52 152
66 143 257
33 179 350
18 39 396
232 244 461
33 267 329
263 335 344
238 292 470
6 74 99
117 182 239
90 468 488
268 293 427
31 226 248
311 329 374
300 346 383
382 406 425
51 175 247
115 209 216
326 336 477
177 323 477
147 169 188
5 51 134
207 336 431
2 65 163
227 275 443
35 109 198
89 232 270
26 38 136
98 156 312
256 308 379
341 368 460
119 131 312
202 253 305
91 116 321
160 345 435
87 179 287
102 187 224
2 202 413
207 295 362
30 377 404
224 245 323
21 123 172
196 252 367
294 466 480
123 179 474
194 260 498
360 377 458
351 431 482
170 388 415
24 239 492
69 165 195
350 385 408
330 456 467
11 178 356
183 184 424
320 357 493
117 236 367
28 81 415
106 320 430
189 357 472
198 382 412
308 441 494
14 209 216
118 314 367
148 202 383
11 61 327
33 152 426
0 44 249
314 324 454
150 181 441
58 155 351
25 186 465
289 336 404
412 434 453
108 182 247
45 89 468
50 74 122
15 31 62
49 185 198
138 216 424
444 463 480
78 152 212
14 36 146
146 221 390
202 209 426
35 321 436
63 69 198
285 329 471
420 438 476
42 272 331
80 276 372 461
119 390 419 453
16 40 181 305
20 62 278 315
199 217 361 423
72 86 321 483
14 119 293 385
121 250 344 345
23 67 121 475
172 233 342 373
46 72 80 303
131 156 359 488
80 139 219 444
312 330 411 463
136 194 202 205
12 95 190 458
94 115 150 435
116 142 262 426
26 144 415 440
217 253 385 424
92 247 264 276
10 211 273 317
56 320 418 488
5 137 218 399
29 48 445 481
225 260 406 407
154 308 415 490
1 15 215 230
49 339 362 428
226 346 391 396
100 195 353 415
53 250 386 434
186 188 247 316
187 219 299 426
13 20 50 191
130 158 184 372
12 26 42 69
12 281 302 331
178 383 412 478
39 155 159 461
2 51 220 231
32 359 405 468
59 129 339 340
28 145 354 379
38 78 216 363
67 201 219 351
308 318 488 494
21 77 190 224
14 346 432 444
4 60 123 402
296 379 400 496
174 192 238 300
57 88 182 443
113 342 396 463
225 285 440 492
35 56 286 422
14 44 46 470
22 394 400 479
200 251 284 422
14 131 272 295
54 152 193 199
53 55 113 274
56 73 213 294
191 192 194 217
49 342 351 375
384 412 418 478
71 104 264 428
212 270 296 461
112 245 318 378
24 158 216 399
52 109 245 268
56 79 366 499
29 80 141 197
78 79 152 153
30 73 98 428
306 350 366 474
48 75 378 422
5 15 202 461
71 118 120 237
14 103 244 454
85 132 133 240
125 139 250 293
156 256 368 458
25 170 222 486
335 394 420 435
60 93 137 360
24 188 208 429
237 250 361 497
263 269 349 382
298 365 420 457
215 260 326 375
58 146 195 349
2 253 469 472
176 248 345 412
38 54 211 213
172 175 338 468
227 327 397 417
77 106 107 185
86 302 316 386
13 40 154 396
32 252 345 388
254 348 392 414
9 15 83 467
313 356 449 478
15 57 119 264
50 255 313 401
90 187 192 349
74 116 135 375
25 29 260 434
7 49 249 433
71 114 314 351
98 111 125 188
253 254 297 369
55 63 123 247
178 296 310 462
65 140 168 377
125 136 454 477
68 354 484 491
296 458 465 479
47 107 177 266
80 230 308 460
4 121 299 473
183 252 337 409
13 26 60 204
5 138 172 198
28 274 295 332
51 86 192 427
276 352 378 475
30 133 150 173
208 216 449 459
173 257 286 298
72 189 329 443
47 286 456 475
121 268 275 470
162 303 308 393
48 160 313 390
175 180 318 431
21 183 239 368
103 166 176 308
216 351 449 467
20 185 232 278
187 244 291 430
79 250 277 408
23 98 197 286
9 117 149 239
23 123 217 278
74 147 155 257
279 319 405 445
10 59 147 240
4 70 321 465
94 145 262 424
267 325 341 389
281 368 383 438
17 388 448 481
100 153 172 400
71 110 308 332
63 150 190 229
9 58 116 188
186 250 357 427
125 207 236 247
291 329 404 458
124 142 216 410
266 269 379 382
8 84 96 218
3 263 295 348
94 255 265 324
4 115 163 238
43 85 369 414
2 291 410 488
7 17 107 365
58 168 285 438
8 21 56 185
152 235 455 457
14 195 214 349
60 226 488 490
117 182 264 368
184 188 476 497
1 123 128 178
192 257 303 426
107 146 335 422
37 372 412 476
205 353 391 435
218 266 272 440
230 238 371 422
129 248 320 480
28 148 281 421
88 96 124 236
74 142 158 282
246 329 423 458
83 86 233 451
75 148 201 424
191 250 463 464
95 229 306 444
142 164 329 457
47 78 307 486
67 99 164 287
344 365 426 444
78 81 216 250
48 196 453 479
330 334 470 488
27 286 330 381 482
268 308 367 497 499
122 261 384 405 475
108 163 177 216 373
99 194 327 370 471
54 246 312 344 433
214 233 247 295 407
34 336 396 421 467
22 137 266 317 392
3 113 155 180 411
17 105 115 230 296
78 111 207 234 399
30 59 83 102 434
72 108 250 345 426
180 192 313 318 346
16 213 320 341 452
140 315 317 431 464
46 166 304 305 488
26 92 223 278 431
12 36 112 340 469
131 220 222 230 305
210 217 309 395 431
102 188 432 480 484
14 17 117 212 283
184 215 248 409 477
100 288 377 381 494
23 336 387 450 476
34 311 384 403 488
19 40 175 190 233
169 238 242 253 416
97 104 184 233 413
63 271 387 396 483
77 88 149 246 445
35 371 439 458 495
113 139 188 206 351
46 231 368 428 492
68 164 447 466 480
15 27 239 264 457
169 205 255 410 446
1 5 218 311 465
242 268 270 392 426
32 60 83 179 439
168 244 381 413 451
114 160 190 371 428
203 247 300 388 402
2 126 233 354 395
39 51 67 74 169
137 184 335 384 486
9 91 177 201 280
160 233 270 463 496
25 105 236 262 386
3 305 325 404 439
16 120 240 264 297
196 294 356 428 484
10 19 171 258 339
64 81 149 249 425
33 191 363 370 379
46 104 171 185 469
12 211 318 332 335
172 240 309 419 465
34 142 235 243 443
18 135 158 173 176
46 90 152 173 312
76 80 189 230 277
203 321 386 400 451
241 276 348 377 485
94 307 323 349 418
132 255 339 400 433
97 337 347 448 456
255 352 410 454 484
112 167 272 302 409
68 96 227 381 488
1 26 89 438 481
24 121 154 193 430
100 235 258 333 400
169 235 288 296 386
61 275 357 370 429
76 105 317 480 497
53 68 94 206 276
47 125 287 317 498
27 145 310 460 465
71 79 112 243 437
101 154 333 403 452
128 171 221 229 299
9 90 101 323 420
49 166 201 258 311
48 137 143 385 428
100 151 165 325 376
60 223 233 359 395
119 145 146 264 438
137 321 385 421 432
141 143 404 406 410
22 123 178 218 282
141 187 346 370 376
214 225 230 363 419
19 179 394 398 476
75 82 139 228 435
14 100 111 431 473
32 70 162 296 463
84 110 152 259 417
203 263 379 473 474
286 292 320 325 488
61 315 342 355 369
50 70 254 257 259
27 101 187 268 421
170 279 354 458 468
23 51 213 326 362
5 198 259 338 350
37 83 278 426 452
2 64 238 366 438
183 207 233 246 305
3 144 384 400 436
0 26 48 266 269
62 63 64 351 494
83 169 204 288 296
24 105 316 321 393
83 179 186 211 398
10 144 160 435 464
251 261 283 338 491
88 215 219 234 268
10 189 371 375 464
35 56 207 284 435
107 155 159 180 459
330 341 436 440 447
74 155 320 337 375
96 167 181 317 408
149 215 402 407 409
263 266 314 319 418
24 43 53 135 206
21 251 308 311 429
45 53 67 154 277
34 106 212 330 466
98 156 314 414 470
107 113 275 328 402
134 284 357 371 382
14 20 41 200 405
290 310 387 397 447
21 36 84 194 470
48 55 263 342 476
107 202 222 253 313
102 284 289 364 447
162 238 291 437 466
46 199 203 277 358
63 64 311 480 481
249 318 372 422 460
143 414 450 477 491
93 337 393 467 488
97 141 159 356 476
8 130 331 377 492
30 41 67 240 447
82 172 252 373 418
30 77 128 283 424
135 148 255 268 413
101 122 152 245 294
77 171 272 368 461
52 69 212 421 496
81 115 193 202 330
54 59 95 152 153
92 190 269 343 482
20 124 319 412 445
14 277 293 340 413
80 121 191 227 303
77 302 305 354 357
168 250 355 371 399
44 59 196 254 398
20 175 261 354 488
57 85 187 193 241
23 142 284 334 475
39 64 171 172 311
29 52 199 296 408
35 98 128 355 498
86 125 158 328 359
36 242 279 316 347
62 145 180 278 357
141 188 364 417 489
32 36 95 145 231
35 163 172 286 420
125 181 227 249 475
145 174 211 436 463
45 266 271 309 400
49 61 377 405 413
207 209 308 444 490
267 310 316 411 472
80 94 251 294 354
58 380 390 427 455
17 189 247 329 385
113 163 368 382 461
36 63 64 190 193
38 89 304 371 444
53 223 243 345 425
4 13 28 215 220
72 108 172 183 426
78 119 184 294 334
84 150 206 305 420
41 49 201 347 365
155 163 190 208 280
26 31 125 190 235
208 218 354 363 382
21 148 382 431 490
142 304 386 434 480
95 136 326 396 408 457
177 328 385 430 472 478
183 237 285 373 418 458
127 228 349 440 454 460
17 46 129 230 234 329
52 104 112 142 245 494
56 165 247 356 416 479
184 219 285 332 357 391
149 185 243 394 470 478
199 203 382 411 464 487
46 129 269 360 388 486
150 164 249 337 450 477
14 36 221 315 337 364
174 182 267 324 347 453
13 93 145 232 420 468
56 104 190 222 346 410
110 178 225 237 243 333
39 95 131 195 362 394
3 142 213 221 411 484
13 16 249 256 259 364
80 101 171 305 378 421
144 191 214 219 221 244
90 288 293 295 439 453
25 128 207 279 338 424
0 138 144 250 267 314
20 251 288 317 357 438
136 178 267 282 350 439
34 84 242 243 311 314
33 365 378 406 427 467
175 257 382 409 449 489
12 63 88 174 396 437
7 87 94 229 486 492
43 53 204 285 401 433
20 47 67 161 227 404
6 19 65 131 213 287
13 44 84 144 182 385
23 29 78 92 148 169
54 66 106 146 317 403
116 124 131 410 417 481
61 172 216 395 412 434
66 135 193 308 329 483
236 248 292 293 360 439
169 265 307 347 377 441
126 155 164 205 233 495
68 102 140 233 484 492
76 84 89 268 320 366
87 132 236 279 293 494
53 169 187 252 369 465
163 182 247 414 445 479
50 107 194 253 346 357
16 71 193 243 249 270
13 77 115 229 336 348
160 174 332 441 446 484
15 67 224 237 252 342
95 141 205 229 334 484
77 335 386 409 420 461
36 74 218 219 314 399
123 160 174 228 365 375
39 87 272 380 469 485
92 114 182 305 374 419
131 284 322 366 445 447
4 31 115 197 220 472
43 113 218 437 454 458
151 328 364 407 479 488
41 57 145 183 282 339
42 101 180 231 278 293
190 231 250 372 469 473
4 47 264 265 311 392
10 60 99 101 341 344
31 102 125 135 219 320
12 122 128 200 327 366
187 200 270 390 451 466
32 46 215 301 367 424
79 106 131 151 215 300
79 200 303 355 377 498
20 104 113 170 346 361
9 292 427 441 456 462
79 95 163 239 254 477
74 109 141 166 197 352
103 179 324 394 407 439
116 132 141 160 220 415
8 284 457 469 473 479
279 309 322 346 432 441
92 93 95 147 267 392
41 202 313 329 373 446
5 53 128 137 164 254
183 221 311 364 407 431
104 335 415 417 475 488
52 223 381 415 478 479
5 133 136 244 475 480
10 165 168 183 193 461
132 272 297 367 433 447
130 143 157 202 247 440
50 75 228 295 406 472
13 36 46 209 218 231
102 143 156 167 293 365
64 128 148 167 258 397
4 33 79 255 327 369
49 243 263 269 355 415
105 175 240 292 352 445
35 272 294 300 370 450
260 263 359 388 394 420
43 132 155 282 333 416
0 197 216 380 427 460
95 146 170 234 282 458
3 56 164 373 416 436
82 109 124 170 186 246
9 27 56 156 366 456
132 235 299 349 402 490
145 229 236 406 465 468
130 228 266 282 372 386
38 128 205 221 244 484
262 291 310 382 393 401
10 83 254 323 409 422
59 83 145 317 319 375
4 221 251 323 434 485
19 130 143 160 168 199
58 195 279 304 323 333
163 208 295 332 418 429
4 30 220 326 422 498
29 91 306 376 391 489
80 123 263 337 485 497
14 56 70 244 459 463
96 103 105 155 251 318
228 301 379 405 422 460
213 230 319 320 321 403
151 183 258 377 421 444
153 275 320 420 464 490
151 249 275 334 351 412
8 103 176 249 255 261
10 67 70 109 450 460
71 91 183 190 221 329
20 21 22 283 343 440
13 25 146 316 335 498
28 144 194 232 355 416
26 132 292 299 341 493
10 61 94 283 320 333
191 271 280 338 383 455
15 24 77 292 394 434
47 91 96 206 356 443
11 22 53 70 157 177
104 155 207 214 314 373
63 264 292 334 374 417
40 51 59 167 170 175
2 12 69 323 422 455
72 171 305 312 338 370
80 94 235 268 429 446
203 205 220 312 392 442
60 64 202 245 310 385
49 51 75 80 177 243
230 241 272 353 376 390 453
104 110 196 292 320 453 454
28 177 190 219 240 375 396
13 120 139 147 210 328 396
16 73 101 177 212 415 495
12 26 145 178 222 321 454
75 113 129 140 146 324 355
130 224 237 257 277 337 463
140 397 406 458 473 475 496
25 233 279 302 373 394 451
7 108 199 341 378 379 452
19 72 173 287 422 443 470
75 181 208 242 305 377 448
19 27 95 116 177 228 458
56 110 138 154 307 317 447
13 145 177 251 357 400 428
274 347 363 372 394 464 492
11 12 251 259 266 268 426
67 140 183 207 425 464 497
9 117 119 249 326 342 388
17 104 115 216 418 422 427
0 10 72 93 145 217 480
48 157 228 261 299 300 424
49 102 146 157 159 388 477
77 113 117 150 174 430 499
15 48 107 307 348 372 413
43 89 259 274 388 430 439
131 182 298 310 325 364 469
16 118 159 185 241 347 414
92 164 319 443 470 482 498
10 64 130 207 227 267 328
42 57 65 122 147 201 284
119 151 167 227 234 290 328
12 25 144 250 375 394 441
121 139 160 288 472 480 492
181 196 200 332 415 426 465
6 7 152 195 365 408 433
11 26 34 85 92 139 394
14 18 110 193 233 322 396
48 108 208 244 421 423 435
58 80 115 159 182 373 472
157 252 304 319 338 381 432
86 141 318 381 404 461 467
37 164 200 253 345 476 497
1 192 299 348 443 452 456
179 211 251 269 401 451 493
70 124 205 234 281 295 481
66 153 188 227 317 353 439
4 22 23 53 216 282 371
13 66 163 253 315 437 467
38 63 160 161 170 199 331
55 104 140 189 310 349 465
274 292 304 350 406 438 480
33 61 80 103 198 206 259
124 153 232 376 451 465 473
135 252 259 358 367 377 458
30 37 75 161 258 431 483
45 87 141 196 265 426 445
4 154 175 221 311 348 356
269 284 368 422 472 490 494
16 102 128 216 262 331 388
8 23 209 248 334 406 420
115 146 185 233 282 309 469
38 189 263 267 287 332 452
28 103 155 288 476 495 497
137 265 300 301 369 388 446
28 98 149 255 352 436 481
4 49 53 102 204 440 499
18 115 219 280 290 464 497
106 117 121 213 233 488 490
44 51 56 92 213 294 472
48 246 258 294 321 349 470
23 53 192 266 306 393 480
26 177 319 396 437 453 475
18 160 241 308 394 480 493
15 38 45 60 92 110 481
7 110 189 217 245 361 430
97 157 160 211 232 243 415
141 168 211 223 237 450 486
77 115 202 327 340 395 438
152 200 239 256 314 316 407
9 34 115 200 294 389 421
50 71 198 236 279 285 383
55 126 134 265 307 350 439
115 262 307 313 441 454 484
50 74 92 227 451 466 470
80 105 158 224 254 308 329
67 96 141 232 374 422 479
21 142 257 304 338 363 427
28 48 57 132 205 321 491
60 142 226 272 377 413 432
117 295 305 314 320 427 492
33 129 207 214 257 357 377
44 63 113 231 313 368 469
12 18 19 182 325 444 460
177 220 339 388 409 465 493
33 36 91 171 250 357 463
22 40 65 125 302 411 475
29 98 148 159 228 392 472
56 67 84 195 217 244 341
40 265 271 273 353 394 452
24 72 77 118 219 245 278
4 100 168 176 177 443 457
47 93 195 237 428 487 498
52 128 252 342 357 466 497
18 71 223 233 252 261 316
38 72 268 285 304 367 438
169 240 308 318 391 415 426
27 50 53 127 253 400 415
101 229 279 297 365 455 493
115 261 263 269 394 404 443
108 289 330 335 339 459 470
40 115 143 304 383 397 444
3 60 164 177 185 352 368
8 155 214 254 330 370 408
59 66 71 335 422 425 450
15 55 61 144 195 251 292
67 68 120 125 228 291 424
71 80 124 284 371 374 406
14 144 265 343 378 380 476
26 34 104 171 242 274 496
81 315 350 374 457 476 488
119 138 283 297 305 344 412
103 166 251 349 362 412 460
11 21 54 126 137 174 292
136 220 289 328 406 438 474
18 48 99 143 213 331 431
54 165 242 363 380 415 425
2 62 140 176 229 243 279
29 46 56 287 318 402 452
67 121 182 190 217 424 462
53 221 260 293 414 422 430
33 164 196 257 260 368 435
83 272 314 322 336 355 391
77 120 257 311 368 401 403
40 70 89 157 208 278 342
51 169 293 312 330 343 463
11 12 194 291 375 383 494
56 59 66 195 250 261 468
59 76 151 172 376 441 462
37 65 74 120 162 386 440
46 50 96 224 234 242 487
42 118 156 251 320 364 369
60 74 176 282 353 379 445
18 59 107 334 394 436 480
277 311 316 341 358 442 474
71 209 227 237 303 313 343
124 224 259 266 311 361 420
35 93 160 186 331 418 471
20 60 203 232 274 355 443
78 144 184 196 207 331 384 483
118 187 218 370 402 416 425 454
83 176 330 381 445 455 456 465
68 132 142 231 334 377 379 403
7 50 168 180 216 350 482 497
56 65 107 153 192 243 364 457
36 50 58 117 292 296 349 385
12 163 228 282 292 302 369 391
2 50 158 253 293 347 360 472
83 135 247 289 429 438 449 454
146 169 255 261 344 356 374 414
25 101 151 260 268 273 440 493
73 115 199 226 428 433 447 451
35 41 43 159 228 247 277 326
73 249 270 283 370 381 398 499
13 146 219 268 404 439 464 481
17 119 154 218 317 397 419 420
82 151 215 293 316 430 474 489
29 77 149 210 248 401 432 473
56 115 159 266 291 303 423 457
7 56 161 214 294 343 443 480
13 39 120 130 218 325 327 489
42 43 64 179 281 304 402 471
43 56 63 198 286 341 396 402
6 75 298 363 392 415 492 498
81 90 114 140 197 245 258 452
31 167 223 316 355 419 464 468
2 34 58 142 161 210 245 351
45 136 157 183 224 380 451 480
86 222 330 335 340 352 441 456
25 31 34 50 247 376 449 492
30 167 211 317 359 398 400 431
37 83 102 223 334 343 401 433
0 32 59 219 291 355 358 377
7 67 123 151 168 317 397 403
18 73 116 136 231 334 370 381
6 57 212 235 241 279 401 446
14 95 181 220 249 290 307 320
22 25 45 55 74 106 247 352
24 58 200 252 269 321 419 423
14 54 89 206 234 292 333 399
34 146 156 278 337 350 365 475
12 36 43 130 266 362 445 447
20 34 59 68 179 269 436 450
56 135 162 347 441 442 458 475
117 159 181 200 320 370 376 417
57 101 187 213 222 241 329 497
67 90 158 196 291 425 451 453
90 139 193 216 237 332 363 489
245 308 320 361 385 405 408 451
86 115 126 212 272 294 312 397
83 130 226 351 402 450 495 496
35 247 279 323 378 399 432 443
43 49 112 153 185 311 424 472
39 44 142 220 333 364 406 451
141 179 206 284 340 376 419 421
240 254 328 386 421 424 495 496
30 85 92 201 267 286 387 475
43 90 112 160 189 233 244 249
14 186 189 310 326 353 391 477
6 81 97 192 218 267 318 490
102 106 147 194 200 231 445 489
60 94 145 171 190 360 395 477
110 126 135 186 284 304 368 387
19 51 67 79 159 247 311 493
10 61 119 205 377 432 438 484
31 55 70 186 292 397 419 452
31 41 99 268 272 329 351 406
4 12 35 72 93 101 216 329
58 124 127 138 247 306 336 479
72 155 247 302 303 327 383 439
27 69 229 336 381 387 433 484
28 281 330 334 363 421 471 488
164 214 248 297 388 405 456 483
91 146 186 194 294 370 448 462
38 96 154 183 333 336 474 486
5 125 143 225 303 351 438 440
8 117 171 218 288 435 446 478
75 95 103 244 264 288 356 489
28 181 219 255 281 286 340 416
101 108 154 183 261 294 342 422
62 84 148 201 205 214 266 498
7 94 296 312 348 483 493 495
13 169 195 226 263 293 413 450
6 35 224 259 343 397 425 433
28 29 55 81 168 207 234 315
25 30 40 98 302 383 436 443
7 115 156 211 213 218 221 358
37 74 102 162 206 350 413 487
42 46 100 166 209 237 239 302
3 7 54 140 250 253 323 468
17 60 61 73 154 191 235 296
10 76 163 178 358 400 413 453
16 108 142 185 206 257 477 496
15 47 66 152 153 266 309 499
123 124 201 267 314 390 433 435
64 83 88 130 159 166 197 322
1 95 156 185 306 344 349 495
30 110 116 127 207 298 394 458
51 67 137 201 253 461 466 477
74 130 163 213 367 386 410 493
34 102 201 261 271 455 478 487
18 42 71 98 158 246 420 480
174 186 284 300 308 323 417 449
5 12 60 346 355 418 430 484
57 177 236 259 330 396 436 475
32 137 294 332 335 430 448 490
114 159 230 235 288 301 431 456
117 139 361 371 391 421 431 443
27 41 68 190 198 294 405 430
10 16 51 102 168 419 430 474
185 233 260 286 299 313 323 386
209 244 284 316 319 344 421 427
8 13 39 47 192 211 299 377
111 161 168 192 217 268 287 298
2 81 138 210 315 327 338 452
134 194 224 294 383 415 430 451
56 103 121 127 150 378 428 446
20 143 168 176 191 248 322 394
69 166 192 206 309 418 477 487
57 105 227 310 320 387 391 422
129 251 280 293 351 369 390 486
35 60 130 229 350 354 367 487
280 281 295 317 389 406 462 495
24 33 53 73 208 352 357 421
73 74 94 103 280 286 324 417
6 13 65 95 132 313 452 470
24 126 239 325 415 452 486 495
4 7 52 131 247 312 330 367
21 72 74 104 183 285 313 392
9 99 113 187 215 298 462 470
29 33 212 355 397 447 463 490
9 50 57 210 244 333 339 353
61 100 105 317 346 487 495 499
71 176 332 423 432 435 462 496
29 241 248 260 286 292 312 447
105 107 140 265 323 344 387 429
49 185 187 226 242 255 271 492
60 66 266 318 382 392 397 499
31 102 134 165 203 285 325 470
132 242 268 275 318 439 470 481
26 90 117 130 162 164 224 476
52 62 101 133 158 193 283 337
19 174 239 337 366 467 474 490
10 45 126 275 373 374 461 493
30 33 114 161 248 292 357 439
30 38 85 155 195 243 305 311
58 247 275 297 341 345 383 422
28 62 159 190 238 261 435 490
4 183 208 250 291 318 352 383
12 43 295 302 332 359 415 428 430
64 101 107 178 243 295 313 408 466
108 216 219 257 329 349 359 387 389
0 1 77 82 84 235 237 372 398
44 128 164 175 258 361 382 387 440
11 23 99 141 178 214 248 319 402
22 57 74 77 139 161 257 278 468
118 230 257 310 350 354 364 414 481
71 144 147 164 351 378 391 393 481
119 164 287 304 317 330 367 416 493
20 115 125 261 309 399 411 431 434
8 74 81 182 202 258 410 414 457
39 283 292 329 424 433 447 478 482
10 153 200 268 315 371 401 411 420
66 163 176 186 229 236 293 327 337
44 80 123 134 167 188 190 328 448
33 245 286 292 309 431 434 447 479
226 241 254 278 285 317 327 362 482
67 133 190 207 208 234 239 261 302
47 112 184 191 206 407 464 468 496
33 45 50 71 81 99 116 174 423
105 118 120 143 146 175 264 276 289
99 256 281 347 349 376 414 456 487
24 87 202 257 300 411 412 462 493
95 210 224 263 283 303 329 369 492
62 194 212 247 260 319 337 357 388
21 94 116 147 178 206 362 426 446
9 75 90 389 391 415 424 474 479
33 227 250 257 301 310 328 342 499
11 87 94 176 190 206 264 290 378
44 113 192 214 271 357 392 424 461
6 257 289 394 426 444 449 483 496
3 54 115 147 148 179 292 407 458
55 63 86 157 186 282 305 370 470
95 178 189 295 309 317 358 414 489
89 141 156 345 365 367 398 461 492
16 150 156 185 340 376 436 439 473
15 57 74 95 183 185 307 424 471
82 219 230 256 332 406 407 428 485
71 164 246 279 325 332 415 417 458
45 75 171 245 253 262 343 432 484
118 205 235 240 252 327 334 406 426
41 50 65 112 155 242 283 362 439
58 82 112 192 234 256 303 324 397
78 104 107 349 373 377 378 432 446
96 137 175 176 212 220 353 425 430
37 173 194 214 253 279 306 435 491
63 268 269 294 348 432 475 476 486
29 77 156 170 230 272 376 402 449
23 162 346 398 416 426 461 479 490
59 62 77 128 156 288 313 415 430
116 261 332 368 388 399 457 458 461
79 89 189 316 329 414 462 472 479
34 77 129 213 303 321 324 489 494
5 35 38 49 129 130 254 356 484
208 261 311 358 371 376 446 452 463
47 130 213 275 314 340 391 429 432
89 106 197 266 277 291 397 453 486
14 193 202 204 232 367 429 437 455
152 167 180 275 341 354 390 434 496
75 176 197 253 265 289 328 403 409
77 116 126 277 324 335 376 404 433
30 37 115 216 256 322 331 437 463
126 177 194 227 316 335 338 365 403
43 46 63 82 125 251 345 435 441
143 184 300 372 413 418 421 461 497
58 161 171 191 354 398 414 416 427
11 55 66 163 252 310 328 336 349
4 27 36 60 157 327 388 411 486
145 197 267 279 353 376 381 429 444
16 139 191 205 222 228 240 478 484
44 147 164 218 238 386 397 446 485
6 75 142 146 164 198 311 335 431
39 174 180 218 393 396 437 476 490
101 232 246 264 322 329 340 358 458
5 18 149 163 207 218 355 373 419
29 42 129 150 173 228 326 428 453
43 58 85 120 143 202 269 318 374
32 174 215 254 280 292 333 343 362
69 177 229 232 251 300 344 401 417
0 146 199 267 268 301 390 404 418
26 36 77 256 258 313 316 344 455
83 100 106 174 191 318 326 465 496
97 105 117 118 192 220 332 404 477
33 49 90 156 287 298 339 343 434
33 39 60 86 94 101 121 363 418
165 240 290 306 360 369 409 425 433
49 139 256 257 316 344 377 450 463
21 23 173 265 274 354 366 418 466
41 44 79 137 147 379 403 415 495
20 26 207 232 238 271 342 401 409
25 110 232 299 331 378 478 479 491
46 81 129 184 238 251 256 257 337
63 64 78 107 149 241 247 259 345
60 103 198 217 226 285 319 366 443
54 204 340 344 350 380 392 443 499
16 22 52 53 103 115 143 271 338
56 189 215 340 373 395 411 455 464
7 90 132 195 277 305 308 351 491
9 48 130 247 263 324 327 374 491
153 178 240 253 275 358 456 461 465
4 108 167 189 197 272 286 350 409
49 62 152 161 198 215 219 421 427
7 26 43 52 81 189 297 373 469
102 176 215 222 256 327 356 404 452
48 114 140 306 337 344 412 418 438
115 139 199 232 249 271 379 439 462
26 40 81 121 159 190 233 330 414
42 278 290 340 362 364 412 436 454
24 91 164 181 222 244 247 311 365
21 25 34 100 114 171 187 221 294
8 27 143 170 189 239 284 291 494
68 94 102 131 188 350 431 450 489
44 47 128 141 284 382 414 422 428
92 154 218 316 349 384 396 422 452
31 91 162 327 329 423 431 471 490
18 55 163 169 239 336 378 413 467
85 107 253 295 375 394 412 416 448
131 139 175 276 285 308 345 422 423
24 34 173 181 201 215 218 222 230
49 58 101 134 143 195 273 289 341
27 108 245 325 346 365 393 446 471
16 50 76 90 217 245 378 386 492
97 144 225 241 316 401 403 412 497
87 88 108 306 325 342 355 438 476
74 162 320 339 380 388 400 433 454
60 135 144 180 184 277 318 366 474
122 175 223 232 269 298 361 380 467
58 59 118 339 362 419 435 461 480
25 32 163 166 266 275 310 318 377
6 29 72 120 179 237 252 364 421
54 73 86 108 178 183 269 310 396
68 119 159 280 284 363 368 389 409
29 31 52 97 232 319 375 387 400
40 100 183 216 251 270 347 439 474
45 60 106 116 162 186 201 386 388
74 106 161 185 261 274 295 318 493
7 13 139 164 183 234 248 275 276
11 54 270 279 282 303 388 414 479
28 63 74 176 181 204 318 322 373
127 180 233 286 288 298 322 329 334
29 62 199 216 278 395 400 465 489
25 71 192 208 269 295 308 396 444
65 78 101 193 216 240 396 429 459
3 5 10 42 56 132 178 190 201
45 200 222 247 287 292 417 454 458
48 156 164 196 227 294 318 355 481
35 188 240 265 268 278 407 422 432
20 60 101 144 298 364 455 470 493
55 141 226 244 277 299 301 348 475
102 118 120 188 211 238 331 379 384 438
98 166 169 237 243 257 336 383 416 484
37 47 68 119 149 169 175 182 184 246
130 222 231 248 328 361 436 450 485 494
87 153 191 307 331 332 367 421 448 470
43 118 151 187 189 312 329 392 430 479
8 21 30 35 114 127 154 276 328 345
51 103 173 206 253 332 341 385 473 496
10 42 78 86 102 128 249 266 272 282
92 180 200 219 277 307 328 373 390 423
10 29 61 108 120 256 292 301 302 326
23 41 100 262 324 338 339 375 379 499
9 12 68 105 229 257 272 326 349 380
168 178 288 322 353 360 379 389 412 453
86 181 229 241 266 289 303 434 457 474
1 24 70 121 129 211 253 263 266 481
50 159 313 322 409 422 442 465 467 493
0 81 84 98 128 229 320 367 375 419
57 162 267 286 330 336 354 360 469 471
118 164 193 194 275 335 364 385 446 499
63 86 90 129 183 240 291 310 312 329
71 131 195 260 281 319 359 382 391 403
20 97 115 121 125 195 288 353 392 451
1 22 62 88 121 171 222 260 319 458
29 71 84 98 298 301 311 320 335 419
25 98 109 155 227 290 307 346 396 433
6 24 38 118 119 137 141 189 312 466
21 64 152 237 239 297 370 372 399 487
53 143 196 204 343 351 402 470 473 492
29 57 112 114 161 200 280 296 415 436
2 92 134 186 252 284 325 335 409 474
8 25 57 60 296 341 379 412 454 498
4 75 105 255 323 398 418 436 461 487
30 141 152 376 377 396 402 421 445 455
66 154 230 232 288 328 336 376 413 429
65 115 247 256 309 318 369 403 409 417
5 6 21 35 76 78 221 394 402 489
33 68 168 203 258 281 328 362 421 479
42 62 65 137 304 310 318 320 359 412
18 54 80 185 219 285 311 414 423 438
23 30 82 160 168 195 229 239 318 454
6 11 100 141 155 182 188 231 287 368
1 60 70 105 156 416 438 483 485 496
34 47 52 98 123 220 235 325 347 389
16 136 250 369 377 389 402 420 442 469
155 251 259 269 290 453 465 470 473 474
13 114 144 195 215 275 356 462 465 481
22 61 174 175 194 203 267 376 385 414
31 100 162 201 289 314 364 366 383 470
8 20 35 110 209 226 265 327 478 497
29 73 110 152 194 217 276 329 357 381
59 109 137 149 165 166 241 393 436 494
57 152 218 222 231 267 366 394 403 497
38 243 250 257 269 328 441 465 469 492
61 114 181 215 223 275 376 393 482 491
68 132 144 204 259 284 356 372 396 443
77 97 134 180 195 253 347 360 403 445
22 45 86 142 158 201 233 254 324 341
151 278 328 349 363 373 408 418 465 494
86 138 176 258 320 370 392 417 440 443
4 33 117 149 276 278 323 324 413 466
3 64 105 166 199 305 352 384 407 470
91 200 231 267 351 437 446 448 456 474
11 24 250 272 281 311 322 339 434 438
18 143 211 231 234 236 293 303 414 470
8 76 82 106 183 200 277 376 444 471
15 16 35 119 130 186 267 278 337 423
93 109 219 226 242 249 270 313 446 448
5 49 61 91 92 164 171 230 372 491
143 164 172 211 260 291 302 428 436 450
13 37 59 153 240 306 358 426 452 473
17 104 125 131 207 347 363 383 387 425
22 77 124 164 209 236 276 309 317 424
133 174 215 263 289 295 300 301 306 335
25 62 92 172 244 253 260 339 430 481
4 25 98 143 252 257 314 348 463 472
151 223 260 289 314 367 401 458 486 490
25 41 226 260 270 320 321 339 426 494
9 22 143 155 275 289 294 311 416 478
64 82 189 317 349 351 377 454 466 496
83 240 247 258 260 262 277 354 420 472
78 135 181 191 193 289 308 424 426 492
8 31 50 140 142 221 310 317 371 483
133 211 249 260 261 307 322 366 409 415
13 61 71 97 100 280 286 370 418 452
3 110 159 245 295 303 312 380 385 400
31 58 74 119 216 247 294 317 348 436
33 85 92 107 128 242 306 330 337 491
40 49 84 167 176 212 220 244 253 263
18 30 45 145 225 274 320 409 420 424
51 121 135 152 166 221 269 298 331 493
13 37 147 209 250 252 277 305 343 483
75 76 97 120 130 138 179 274 336 361
94 119 128 137 192 252 283 317 477 493
29 62 99 103 129 209 261 384 445 477
40 77 105 154 159 264 335 422 427 480
42 139 178 216 231 266 269 374 381 420
74 186 240 264 332 365 387 392 471 488
68 128 186 253 268 308 365 374 413 456
10 18 19 20 80 132 263 376 433 459
0 23 139 163 233 301 316 322 340 464
12 28 84 103 104 339 360 437 476 498
3 12 164 219 248 284 300 372 423 451
31 56 100 110 303 323 369 401 444 455
56 137 196 208 241 261 446 489 491 498
3 25 101 124 162 175 300 322 346 451
7 17 74 79 124 263 305 333 340 435
38 87 98 244 420 427 452 464 465 470
57 63 141 153 158 220 345 385 387 419
91 97 117 125 138 231 305 356 437 472
36 110 113 184 192 244 372 395 425 435
1 21 76 162 179 199 238 425 447 489
42 74 169 239 265 312 336 377 408 452
32 43 83 100 188 228 333 437 450 477
13 25 43 65 204 242 290 376 473 497
91 106 111 205 239 242 268 269 294 321
93 128 210 291 298 315 376 393 485 497
7 118 142 202 208 241 243 251 253 354
25 80 102 106 158 164 197 306 435 450
6 23 99 173 180 355 418 424 438 453
124 166 259 274 289 339 355 411 458 474 491
80 97 157 186 191 195 278 279 389 452 459
90 116 125 151 222 257 333 355 358 446 472
83 99 213 228 231 235 283 422 425 442 446
101 111 212 215 295 313 317 377 396 414 425
85 218 298 303 322 341 376 389 418 466 467
14 119 134 147 150 178 195 212 278 331 440
55 130 170 171 180 237 267 306 352 476 477
1 5 6 12 78 96 126 268 296 355 430
3 43 88 123 152 170 267 363 376 399 465
64 148 202 206 243 260 275 288 329 372 391
17 110 164 195 292 313 319 381 394 445 495
67 70 72 110 217 218 265 344 395 470 485
34 89 204 218 242 291 364 385 391 433 466
49 81 94 146 162 202 242 260 266 305 480
0 61 99 195 197 233 260 341 375 397 483
13 27 29 34 47 74 94 310 452 463 473
115 151 208 328 346 351 373 386 408 415 452
8 42 45 128 185 261 350 404 423 448 459
4 40 85 99 136 210 286 334 356 367 403
17 29 54 175 306 329 363 368 390 411 441
7 37 70 89 109 113 156 197 324 352 425
14 110 114 194 267 387 388 414 424 457 494
9 54 56 73 100 126 201 221 346 373 394
62 81 132 138 186 241 269 271 360 379 456
29 76 86 94 225 238 290 339 345 439 472
16 71 86 122 168 184 186 192 325 341 457
17 27 72 116 150 186 248 321 329 476 484
122 221 245 315 320 326 330 399 406 418 428
36 59 87 101 127 175 236 257 289 324 394
11 20 129 209 227 262 296 320 448 485 486
24 70 160 165 203 218 223 295 302 433 451
32 63 110 152 253 282 333 358 396 460 479
73 78 124 151 248 286 288 421 427 443 479
74 78 127 188 233 271 285 321 355 401 492
137 147 149 163 269 276 296 401 403 445 468
31 47 162 204 230 264 318 364 370 421 446
23 111 117 163 167 202 243 245 284 316 444
27 62 148 161 219 250 287 387 408 418 490
123 137 166 224 226 240 284 319 345 389 479
41 110 164 182 233 257 281 307 398 462 479
56 57 111 182 188 240 304 308 372 396 491
108 132 202 249 282 304 332 417 435 487 489
46 92 188 306 314 334 366 405 406 437 478
86 87 98 190 217 267 289 304 347 372 389
119 137 149 189 217 243 337 339 346 390 419
30 143 146 196 258 317 322 431 470 472 476
33 45 180 300 302 357 371 433 458 474 489
34 35 37 248 271 305 314 332 341 355 449
41 57 73 223 258 312 350 359 370 426 491
8 27 42 100 132 154 167 196 212 238 282
10 100 155 235 242 305 314 343 345 381 472
38 51 80 82 148 183 188 194 213 315 371
5 61 198 235 250 292 294 302 398 404 425
34 36 75 160 161 235 295 367 426 473 496
86 95 171 260 262 351 376 387 404 469 471
57 109 185 239 305 324 325 339 368 399 458
6 16 66 107 162 180 214 232 412 445 447
58 152 189 220 256 273 285 339 373 396 397
3 120 163 175 198 213 214 269 355 399 498
7 60 100 149 214 261 305 347 378 402 453
25 63 64 74 209 328 369 444 469 473 484
0 59 161 169 243 340 362 398 457 490 493
67 119 231 307 386 402 403 464 473 485 496
72 115 181 183 235 249 304 353 379 463 469
127 158 172 179 206 236 250 317 364 416 461
32 52 93 110 111 123 128 201 218 343 465
49 65 67 101 187 223 228 231 239 437 495
182 191 218 223 287 311 337 413 432 455 468
63 78 160 161 201 219 250 264 307 327 426
85 103 121 144 159 182 188 317 336 423 474
24 85 173 186 192 226 394 425 433 435 447
91 125 134 246 267 337 361 403 411 473 496
103 155 265 293 359 370 429 459 466 483 489
9 23 25 123 201 227 259 284 291 424 453
63 113 140 178 181 185 249 268 326 363 383
51 61 109 172 175 391 412 420 465 482 499
16 44 55 71 135 160 212 216 239 285 382
150 183 246 270 285 286 341 355 399 437 456
68 88 141 167 209 236 237 247 279 333 441
89 93 178 199 221 224 227 271 295 312 450
5 9 22 47 55 82 136 213 255 295 400
75 100 194 255 315 360 367 403 434 439 467
33 134 136 143 210 224 274 302 341 356 462
52 55 72 139 150 160 294 296 302 352 416
33 100 149 184 228 260 282 417 449 451 491
2 9 25 82 114 131 132 139 211 238 452
30 164 166 226 236 306 321 322 376 411 490
49 56 76 105 110 128 262 289 318 331 461
8 120 171 287 307 376 394 438 462 492 497
54 63 136 308 329 349 355 361 394 423 461
14 24 49 122 126 223 274 329 358 379 453
69 121 135 157 199 225 233 283 320 402 476
26 28 48 57 82 102 203 224 397 418 473
25 80 97 164 179 310 319 414 462 463 477
37 53 61 125 166 348 417 472 481 490 493
51 100 120 191 235 262 288 302 324 354 464
3 13 54 73 88 92 230 250 274 408 416
33 36 187 246 253 265 318 345 378 463 473
184 199 217 271 279 336 396 450 480 494 499
97 206 227 258 304 325 374 404 452 475 476
53 134 161 163 175 268 324 332 409 432 468
27 37 98 115 151 153 239 268 290 434 459
11 15 83 154 187 207 229 334 351 364 464
17 21 67 122 145 227 363 371 410 417 444
21 66 94 100 108 109 202 237 241 429 462
25 204 245 247 257 319 333 338 481 482 486
60 69 76 86 137 141 196 382 453 469 499
112 139 171 172 226 276 300 325 344 405 474
36 59 63 91 104 164 315 344 399 416 497
48 210 281 344 345 370 393 417 424 442 480
25 39 42 60 156 187 214 261 323 345 370
18 69 90 107 248 252 313 355 389 442 472
14 65 129 147 184 187 200 258 279 431 465
40 76 100 106 109 115 128 201 263 473 496
82 233 248 255 260 264 340 400 445 450 452
32 85 109 115 315 320 372 390 446 463 483
59 71 75 97 122 160 227 249 290 336 440
63 164 237 247 273 277 313 400 433 466 473
106 149 191 268 302 314 322 333 382 426 476
67 212 226 227 246 285 290 292 422 450 465 489
24 31 133 185 220 258 280 282 338 420 437 471
15 43 85 89 105 164 234 308 406 417 434 490
17 44 51 145 157 232 250 318 319 429 441 496
19 168 229 253 286 289 296 305 325 361 385 392
54 98 146 149 156 203 265 309 313 336 356 396
27 36 108 153 172 236 256 262 276 316 340 375
1 115 201 340 362 419 427 437 457 467 479 484
13 122 135 208 232 238 313 335 355 375 420 429
45 56 57 99 100 170 179 198 351 355 359 391
25 50 77 98 119 139 279 300 303 401 454 472
51 117 131 164 179 195 231 305 341 350 392 411
24 58 104 106 210 250 294 387 400 410 496 497
30 72 82 86 93 137 169 179 302 331 443 454
84 107 157 257 266 306 349 360 373 453 483 486
16 34 59 73 136 170 206 270 413 424 426 477
13 59 124 162 303 308 347 376 380 441 460 486
9 65 79 91 150 151 216 228 318 391 463 487
1 13 24 33 75 169 368 417 421 434 465 485
11 28 38 155 176 222 277 392 410 466 467 484
18 65 182 194 201 253 266 273 335 349 405 463
38 110 126 140 227 277 283 330 391 425 460 483
22 43 51 129 172 188 219 225 273 276 290 373
0 92 123 133 143 148 216 247 315 403 422 448
46 80 99 111 125 191 219 252 282 283 308 348
5 10 47 71 78 99 131 277 300 334 411 442
16 130 142 154 179 230 240 266 308 354 426 498
38 126 134 144 162 202 215 246 320 405 480 498
19 20 58 97 139 151 197 202 278 411 417 492
29 86 272 302 309 377 379 385 403 413 482 493
1 24 66 126 134 149 162 197 261 338 344 477
9 32 50 58 97 124 174 258 314 326 408 498
52 77 167 245 246 247 309 317 367 402 429 458
4 29 35 62 147 148 208 221 298 313 320 484
36 284 294 332 338 346 360 380 391 422 434 454
100 113 115 123 170 199 253 256 365 454 488 492
116 118 129 192 250 274 321 328 420 453 468 472
77 79 83 100 174 187 277 393 452 455 470 498
31 93 155 183 244 254 290 305 358 385 394 470
3 55 99 107 120 138 190 272 318 411 420 464
2 28 75 118 205 211 260 338 366 395 407 440
33 98 115 169 173 207 231 337 352 376 391 445
51 76 77 245 285 286 293 365 376 387 419 423
21 148 175 178 236 288 337 370 378 396 403 412
31 36 58 187 259 271 317 340 363 407 496 499
10 196 220 231 274 304 359 363 433 442 462 463
11 18 31 115 212 226 249 277 302 308 396 405
3 106 182 276 316 369 373 392 447 461 486 491
13 22 66 188 287 314 318 362 409 436 463 497
60 144 145 181 204 226 252 309 335 358 408 484
21 40 137 184 241 257 333 387 393 420 434 471
15 59 175 178 254 281 297 328 375 432 477 495
19 34 70 98 282 354 377 381 388 403 404 443
26 46 126 159 161 164 186 233 266 315 330 428
12 27 28 31 115 123 157 186 202 317 371 446
97 154 157 158 174 228 278 312 378 381 386 494
14 30 149 152 180 182 188 253 325 444 446 457
27 95 214 291 294 321 340 385 397 412 460 466
5 23 30 115 176 179 209 238 250 355 389 487
57 63 130 155 250 280 297 302 355 382 457 484
4 15 87 122 133 166 218 274 287 348 381 489
10 30 117 122 207 254 272 316 376 450 457 472
60 120 134 199 234 236 237 322 345 428 451 490
155 167 182 195 207 212 248 308 316 327 409 436
15 217 225 257 317 332 374 396 431 439 462 495
91 96 104 127 296 299 310 326 340 434 493 494
25 43 51 119 151 198 211 294 392 395 411 440
21 40 97 98 106 114 118 193 203 240 262 477
6 18 20 60 83 116 186 204 228 301 370 427
82 129 151 157 188 270 342 348 355 366 405 462
20 24 28 83 105 301 342 348 370 405 412 438
45 114 172 262 275 283 356 361 380 384 425 451
38 54 157 160 185 211 230 246 367 402 450 480
96 133 144 174 256 285 360 393 407 414 486 493
74 88 103 128 155 165 214 307 333 335 339 466
159 184 215 277 300 336 397 414 440 456 486 497
121 180 208 209 224 253 273 298 319 367 377 479
63 71 98 124 185 205 267 273 286 311 382 385
6 59 90 198 210 229 231 242 247 268 383 395
27 33 69 77 83 120 133 183 184 194 344 451
56 74 82 118 130 166 169 209 214 267 299 352
15 35 44 46 132 230 263 313 385 427 429 451
36 99 117 190 224 271 300 312 327 384 474 475
30 31 36 48 51 90 107 156 195 296 450 466
5 28 35 79 145 149 178 257 336 425 434 485
32 143 172 202 216 307 324 357 391 401 446 452
31 40 70 155 182 245 260 316 404 432 446 496
41 97 159 208 300 315 348 363 377 419 469 481
1 42 65 121 194 202 216 227 271 289 326 341
43 61 115 124 214 270 274 359 390 439 470 497
51 171 236 314 327 329 340 347 370 445 477 481
60 79 104 172 200 249 258 259 266 330 333 415
4 30 41 47 52 95 96 227 287 321 380 402
45 50 67 85 87 104 131 300 309 361 407 414
0 84 146 223 244 257 282 333 340 364 461 480
5 47 125 173 176 200 238 260 269 292 322 396
38 92 93 165 213 351 394 416 448 451 492 495
59 68 142 160 166 181 233 300 308 333 488 495
2 61 65 170 179 296 301 350 378 405 460 462
82 84 101 123 146 148 192 224 248 347 366 383
8 13 92 103 146 210 229 251 386 418 420 451
23 71 101 167 220 221 299 318 323 401 428 489
1 68 184 188 204 212 286 295 339 432 461 487
22 74 82 106 127 147 165 181 277 314 383 440
29 41 47 95 138 140 155 204 207 209 220 408
6 50 74 81 106 142 145 221 367 418 453 477
2 4 20 33 43 97 133 172 283 357 438 445
13 72 77 93 105 132 152 189 276 343 472 495
80 83 102 172 209 258 284 336 356 366 427 497
40 42 76 124 153 249 293 305 337 338 383 473
42 56 64 129 171 213 246 328 339 370 440 461
47 108 122 153 172 187 233 238 239 254 277 375
42 70 85 104 156 349 360 361 377 424 426 453
12 69 107 111 117 151 315 320 410 429 470 492
15 29 193 239 242 299 347 395 423 439 480 483
4 41 42 150 162 244 245 252 253 381 404 475
32 59 116 155 212 259 260 346 348 377 449 471
5 19 44 81 192 222 274 283 348 394 417 423
4 25 31 68 129 154 344 357 368 407 411 430
36 57 116 159 212 259 291 295 321 330 386 477
47 61 72 150 247 277 355 400 410 436 467 472 489
18 33 70 140 174 210 303 366 371 396 425 468 491
89 149 173 221 227 228 272 278 338 419 430 478 487
22 23 69 112 121 187 195 349 355 362 363 399 426
61 63 140 210 223 242 266 273 293 306 307 339 340
0 2 71 80 118 169 182 198 210 350 356 376 467
20 112 117 213 214 308 317 321 380 390 410 427 450
21 90 146 190 257 262 323 374 394 400 408 428 484
22 75 93 98 178 218 232 305 380 390 426 428 440
44 63 71 96 105 173 221 286 358 360 405 440 467
9 34 35 50 105 192 216 230 250 334 396 431 454
14 156 178 207 225 247 267 293 341 396 439 456 478
31 34 52 61 153 167 219 227 233 269 320 402 435
1 74 91 120 279 300 326 330 331 399 445 452 498
2 66 72 162 269 273 340 346 389 393 394 395 499
70 83 171 263 288 356 372 380 382 411 418 456 477
40 68 95 106 236 270 293 304 315 385 401 433 483
21 39 67 73 128 153 207 218 228 229 241 315 349
17 28 54 167 190 203 236 254 284 301 328 415 453
25 49 86 112 135 145 157 196 239 277 294 326 328
12 52 178 201 312 320 332 389 392 433 467 475 477
3 24 65 72 90 147 151 195 201 226 346 409 459
21 91 117 136 139 172 174 282 309 344 355 465 486
0 35 49 68 160 176 210 287 386 395 411 436 486
65 110 116 139 152 162 188 206 280 309 338 395 413
44 87 162 171 207 242 289 306 323 331 362 452 467
27 57 72 97 122 172 203 206 246 362 372 375 447
18 29 46 128 229 236 246 312 316 321 363 390 451
25 80 84 106 125 155 219 306 339 387 393 410 482
15 20 131 155 192 193 243 367 368 378 446 458 464
2 21 26 46 77 87 113 132 160 257 262 302 466
7 15 80 91 194 248 255 286 314 327 371 441 482
6 73 77 142 174 212 281 351 354 356 397 404 448
52 53 69 122 233 242 299 306 359 366 398 409 459
30 51 132 191 195 200 208 235 272 287 311 345 346
53 155 160 168 172 173 198 256 357 383 428 453 465
12 24 35 53 183 275 306 347 416 418 446 485 491
18 40 101 188 196 210 215 226 237 264 398 445 487
13 25 64 66 72 101 111 129 301 320 324 352 369
6 28 129 130 158 161 256 276 354 390 412 429 476
35 70 93 171 181 232 240 255 269 378 449 464 476
52 115 127 207 250 297 400 402 408 425 429 430 472
3 42 119 121 128 178 309 315 328 375 408 413 423
72 141 143 183 187 203 217 288 319 380 474 487 498
98 222 271 284 293 300 306 355 379 390 392 476 481
42 61 103 109 147 281 285 302 310 312 319 354 442
13 16 50 119 186 204 214 215 223 245 317 393 473
31 66 73 93 120 132 133 140 223 260 343 363 443
40 200 205 219 238 260 293 328 371 404 428 454 487
13 14 48 236 261 272 299 315 323 352 384 407 410
19 79 93 177 193 229 278 313 314 327 425 426 448
53 81 135 173 174 177 206 248 350 372 408 438 455
22 35 60 104 125 157 239 247 338 356 417 419 453
57 62 67 89 126 135 180 211 236 238 331 408 420
13 124 168 193 207 220 238 324 345 361 397 434 460
48 99 202 269 276 304 319 327 389 404 426 487 497
91 151 195 210 215 297 359 426 467 489 494 496 499
8 17 45 65 139 168 212 237 265 325 388 396 430
2 97 107 197 213 225 244 250 284 353 403 443 467
15 16 173 221 251 270 284 294 328 360 363 381 467
0 8 9 52 70 84 88 159 261 367 439 441 478
24 32 65 75 82 99 103 122 146 270 406 409 488
24 27 80 83 109 195 208 214 257 266 281 349 371
20 27 172 178 254 288 337 372 395 404 451 466 477
18 32 80 108 122 151 155 173 325 346 426 433 459
10 11 63 107 191 231 262 308 333 370 376 403 416
41 48 70 85 90 153 167 217 344 365 372 441 496
117 132 161 173 191 213 233 253 323 337 353 411 467
3 38 89 115 116 150 167 246 314 348 356 420 458
0 2 48 96 98 195 248 269 324 387 439 478 493
46 55 57 63 143 146 153 169 183 265 300 369 396
5 8 30 32 218 244 264 317 321 390 401 438 479
9 24 85 174 193 219 220 221 231 233 315 347 411
31 129 184 212 244 247 260 307 343 368 391 433 456
12 71 176 196 245 280 402 405 419 430 435 437 487
8 13 48 74 134 200 222 282 311 329 362 388 390
50 107 133 137 142 176 239 288 371 396 446 449 475
83 105 128 262 287 299 335 341 343 374 413 421 470
10 25 40 53 55 138 158 163 169 231 260 444 479
17 39 112 182 230 235 261 298 317 361 385 411 423
59 208 212 228 237 266 286 307 308 336 423 474 479
32 74 95 98 276 285 316 317 348 351 422 423 495
55 156 161 206 212 224 225 262 293 376 393 395 410
6 74 79 107 171 237 258 263 323 356 389 447 460
66 106 112 115 154 163 202 229 253 268 299 370 455
115 124 126 166 231 250 270 297 328 414 418 458 485
60 115 121 135 190 295 344 400 402 403 432 477 491
66 91 153 155 169 199 272 318 368 395 400 412 434
20 61 63 115 126 157 160 214 226 312 343 469 493
8 16 45 67 94 115 175 180 185 470 479 480 491
7 24 163 171 214 253 260 329 344 350 396 412 470
8 14 51 80 91 99 116 118 156 171 323 433 490
5 57 101 150 168 265 279 313 339 344 431 455 467
111 122 124 141 166 178 193 208 246 281 339 379 416
43 44 124 180 189 274 299 300 313 376 410 414 452
82 187 221 237 252 304 322 343 375 422 429 431 461
0 2 11 21 110 120 125 173 275 282 312 395 476
72 138 155 237 238 264 290 309 416 436 444 447 478
49 103 116 141 184 230 258 297 302 304 412 475 479
145 159 213 228 247 250 281 351 386 400 433 446 471
24 111 134 167 175 212 308 312 353 354 390 427 438
42 83 117 118 204 250 262 303 317 318 418 421 449
5 88 155 215 228 254 260 278 290 338 340 483 487
19 77 120 132 160 216 244 267 282 295 301 395 410
0 8 62 184 232 274 289 310 369 419 425 486 496
4 14 26 63 157 186 324 328 395 407 437 472 492
6 97 161 197 260 333 350 407 418 425 437 443 444
72 98 214 292 387 389 396 408 429 431 438 463 479
6 26 38 140 171 251 263 290 331 358 414 465 482
38 42 45 106 161 195 203 212 224 232 265 362 451
53 60 95 173 192 291 296 327 333 367 374 454 498
126 129 149 152 207 326 348 373 380 396 421 452 456
62 140 243 247 271 284 296 306 361 393 442 446 464
40 54 87 89 188 275 311 331 339 349 422 446 495
22 61 88 103 125 183 189 242 263 295 304 327 410
16 57 103 104 189 203 256 274 294 326 339 340 403
0 51 66 80 98 135 156 216 230 286 325 378 481
70 106 197 205 226 243 245 255 257 272 312 360 368
17 18 62 95 129 180 237 304 326 393 425 456 465
28 44 57 60 111 135 145 161 164 312 374 472 478
12 32 97 159 176 206 210 272 304 310 325 334 435 449
50 147 163 189 194 204 209 244 390 417 432 473 486 487
24 71 81 110 128 247 268 293 299 365 416 433 454 481
13 23 45 153 169 177 210 242 257 332 351 352 389 434
79 101 117 157 213 218 301 304 339 377 395 462 490 497
22 31 47 62 67 75 82 181 196 203 207 338 447 480
21 30 96 101 109 124 131 266 275 350 356 439 446 482
7 45 74 98 186 235 256 265 289 370 433 458 463 494
8 16 58 73 80 133 139 175 253 304 307 333 361 368
213 219 240 276 281 282 287 307 331 373 390 429 462 498
1 22 138 161 187 209 249 291 319 322 389 395 402 434
28 43 62 90 91 160 162 172 176 236 336 429 438 488
14 66 71 135 168 181 183 235 309 347 350 369 414 493
0 58 128 134 139 184 196 219 301 365 387 390 433 445
10 63 76 124 204 206 207 298 373 412 424 425 486 490
3 42 74 121 126 143 164 205 218 239 258 380 447 484
26 44 110 136 159 200 206 207 217 263 312 372 480 482
15 26 29 30 99 112 170 179 189 367 369 397 431 466
59 109 152 157 167 189 193 229 234 236 274 450 455 466
7 64 135 210 218 222 284 370 388 392 422 438 463 472
1 2 6 23 30 37 40 47 62 71 136 216 232 263
6 11 79 81 104 121 205 241 253 303 389 430 466 496
28 102 116 119 145 207 211 242 248 275 283 303 315 316
21 27 119 154 165 175 285 352 372 387 417 480 493 496
45 100 124 143 144 172 203 215 220 270 298 352 373 433
47 151 185 238 253 263 297 350 397 433 449 452 459 486
54 83 107 115 122 191 205 243 269 294 299 337 347 450
127 129 236 249 267 316 348 367 386 388 397 441 465 479
3 11 18 46 56 75 113 159 171 355 398 428 432 441
51 111 172 279 289 310 337 340 343 368 379 396 464 472
34 136 139 150 164 168 182 200 210 242 379 380 412 434
14 94 97 114 131 132 194 208 264 293 327 338 478 491
10 14 41 59 127 263 264 274 346 391 417 431 469 484
37 67 117 125 199 262 284 293 298 304 368 371 416 423
6 87 113 116 151 175 181 238 250 266 288 408 483 488
9 47 131 146 149 187 213 236 243 264 274 350 427 479
34 54 156 180 195 214 245 290 354 375 388 391 471 481
20 64 89 110 117 190 209 214 276 291 326 384 423 451
35 67 85 105 162 284 295 301 302 320 362 390 437 489
9 80 120 143 219 222 279 378 409 414 417 418 466 488
17 102 133 188 227 319 330 334 369 370 410 449 462 497
51 126 132 167 183 198 204 256 340 344 366 404 437 482
11 29 106 133 165 198 220 261 302 319 361 395 417 442
2 78 106 127 169 198 215 300 316 337 407 436 441 471
5 11 71 140 189 218 249 265 301 316 319 325 329 381
15 77 83 104 187 200 215 242 247 307 316 328 364 412
61 70 79 119 268 298 384 393 401 414 430 443 457 478
46 58 96 117 120 189 262 337 367 379 393 407 414 436
9 30 68 90 105 176 184 270 274 325 391 422 455 465
11 29 100 153 176 213 221 277 292 322 327 350 392 393
56 126 146 189 245 253 255 271 290 363 371 392 438 489
11 25 36 48 102 156 205 207 218 249 292 353 383 482
28 36 40 59 162 250 267 278 311 356 409 464 471 485
29 30 47 69 118 153 170 341 356 363 384 444 497 498
1 83 101 151 156 162 233 262 312 337 344 360 439 495
13 57 69 80 137 171 245 254 316 327 352 373 377 493
46 63 138 226 247 259 275 338 359 360 385 454 470 482
42 43 53 131 161 169 177 182 204 263 334 336 402 404
12 26 35 110 180 189 365 392 420 432 437 440 486 490
23 32 77 131 181 192 226 300 332 346 362 380 413 492
25 39 98 133 149 227 238 246 272 325 382 388 432 476
8 31 75 118 120 156 213 243 247 250 259 281 330 344
3 25 45 105 129 154 202 206 214 252 373 377 392 431
2 3 14 28 34 128 179 194 204 227 256 408 491 498
52 53 58 75 86 178 317 366 388 398 409 425 458 466
48 86 100 112 173 198 218 239 256 320 389 425 439 490
13 30 50 86 94 103 110 123 129 179 287 292 299 402
37 49 71 85 156 186 232 243 317 327 329 406 425 471
14 15 16 138 142 153 162 166 167 196 294 316 334 454
0 22 41 46 189 233 273 305 372 373 387 389 448 474
115 116 125 154 212 234 251 254 265 275 312 316 404 450
62 75 95 136 146 171 178 221 259 292 365 381 406 442
50 69 113 114 123 124 159 169 211 221 328 404 460 496
24 47 110 135 188 223 261 285 296 337 357 370 379 410
129 141 194 196 255 273 289 307 362 423 427 430 462 467
37 50 60 79 88 113 128 136 162 209 264 266 388 395
31 34 57 65 140 181 206 213 307 370 382 465 468 475
114 115 135 157 172 209 224 238 284 355 361 398 450 492
32 51 71 140 152 228 253 265 266 387 400 420 453 454
9 101 180 181 203 208 247 277 299 324 344 408 421 494
60 72 79 133 154 190 279 290 342 358 367 435 449 467
16 17 37 103 109 257 292 325 357 361 370 423 427 430
27 28 44 95 111 140 146 159 197 263 320 345 432 470
35 58 73 93 99 111 203 224 225 306 353 355 444 475
20 32 66 98 112 170 194 225 244 266 391 445 463 494
65 85 108 131 133 150 196 214 220 262 284 326 450 473
33 75 116 125 149 163 245 266 270 290 313 337 483 494
46 53 55 76 113 114 219 243 251 308 355 382 394 407
20 83 102 120 121 174 178 191 201 220 245 295 342 351
40 74 99 120 170 236 243 299 321 367 391 424 450 480
15 43 107 127 173 182 196 202 219 243 266 341 375 495
1 38 94 216 223 228 274 358 396 397 400 453 460 485
0 43 72 120 121 156 164 284 300 308 359 402 422 452
25 54 60 67 91 123 208 243 293 309 388 408 413 499
7 70 78 182 191 207 217 220 254 256 266 422 427 444
81 109 116 130 154 224 342 360 376 380 384 419 453 489
50 83 98 119 133 148 204 245 274 377 389 396 418 459
30 74 102 125 139 219 221 224 243 291 373 420 452 487
1 34 38 107 126 141 178 180 214 283 287 288 356 455
21 72 151 154 222 252 264 365 376 406 407 425 462 483
11 26 46 72 105 113 115 256 272 305 351 412 414 466 471
94 143 181 208 250 288 347 381 390 417 434 442 461 464 476
20 26 40 166 185 250 254 255 289 307 338 350 361 447 479
23 37 77 82 116 146 153 166 308 316 360 389 400 437 474
17 27 80 87 91 109 136 166 254 276 307 320 383 408 483
17 38 103 122 131 133 145 162 170 255 275 313 405 439 488
14 18 36 50 53 267 311 375 383 387 408 412 425 487 497
28 31 66 77 111 122 138 252 271 285 310 356 359 384 398
25 104 115 124 146 164 175 254 435 440 447 456 458 477 490
28 56 75 97 107 188 190 231 295 296 343 391 400 479 495
46 70 126 163 188 255 298 343 358 361 378 431 456 472 495
10 64 85 95 123 235 256 259 262 304 335 412 436 465 472
52 93 135 229 241 249 289 315 381 392 400 417 428 456 487
21 40 80 114 167 293 337 345 367 402 428 464 472 475 489
12 23 52 60 70 173 208 244 253 274 289 306 392 404 446
8 40 128 210 221 224 232 241 249 257 274 383 426 455 478
30 60 72 94 142 153 154 229 263 285 308 351 377 397 415
39 50 116 118 148 180 238 241 251 262 318 320 334 342 429
87 115 125 128 156 190 213 271 300 320 327 377 458 483 492
40 61 215 221 226 244 296 299 333 370 374 375 398 402 448
21 29 76 96 113 126 139 156 202 235 245 300 308 393 427
6 45 80 139 140 187 221 227 320 350 352 399 438 456 467
17 23 63 64 86 103 177 213 286 303 377 388 409 447 477
45 83 173 184 236 250 291 299 377 392 396 419 422 423 430
18 56 60 133 136 145 146 159 182 234 329 364 399 452 457
20 63 122 137 189 192 266 321 322 331 347 363 396 414 442
24 29 45 124 127 130 132 156 239 255 372 382 390 446 476
6 90 98 99 104 125 135 146 213 296 321 374 400 406 429
0 33 85 113 160 262 263 265 266 284 326 347 385 416 441
15 110 111 163 181 215 295 314 388 401 445 447 451 466 488
134 207 223 249 254 270 273 290 295 324 367 381 414 486 493
110 177 186 274 308 322 339 364 386 391 395 428 447 475 477
81 88 116 152 163 177 223 254 275 281 439 448 460 465 478
74 75 79 111 222 255 256 263 284 319 359 386 412 453 468
10 56 91 93 106 132 194 272 276 379 393 413 416 442 489
5 68 69 73 78 96 112 141 170 181 182 224 315 447 483
31 36 55 105 112 137 152 158 165 213 232 315 325 356 369
62 138 148 171 230 263 266 292 301 348 392 400 405 431 435
10 38 92 98 207 236 247 287 295 310 364 378 442 473 489
25 76 84 123 136 153 196 333 356 370 412 430 458 479 491
36 42 82 105 111 133 145 179 190 258 272 283 366 399 475
27 226 303 310 337 349 373 374 377 378 383 392 393 445 471
85 109 141 250 260 282 311 324 356 388 393 417 459 460 486
21 47 53 62 91 110 187 193 292 308 353 362 397 414 454
22 43 91 122 219 302 324 348 356 395 400 403 415 424 429
7 65 89 139 151 255 263 297 361 385 389 395 402 467 495
42 44 46 50 59 117 186 220 248 283 347 373 402 405 458
5 29 67 69 74 111 112 115 175 182 204 242 318 364 486
10 14 21 35 98 144 229 237 246 285 356 387 400 479 481
19 20 123 125 188 226 243 292 339 355 377 422 464 496 498
10 37 45 97 101 194 208 231 281 306 314 315 358 372 424
37 49 70 158 190 192 240 263 276 333 356 360 383 434 435
28 37 58 60 84 94 108 151 186 198 257 294 376 382 443
50 88 142 159 214 259 303 323 326 331 342 428 439 443 489
18 28 43 108 123 167 176 249 260 285 324 331 394 442 487
20 79 100 129 142 170 178 218 253 298 408 429 462 469 489
29 47 73 102 130 169 226 264 291 352 354 406 427 459 498
3 5 49 67 109 115 118 123 131 151 212 231 428 429 442
15 110 127 137 160 168 205 233 261 314 332 336 359 404 417
39 143 144 157 194 233 248 272 276 300 344 384 445 471 482
1 56 85 105 156 192 240 317 321 325 327 379 388 429 463
11 47 64 73 106 109 135 146 163 223 232 261 344 350 436
41 42 89 113 120 148 251 259 277 347 377 386 391 405 482
3 14 57 144 173 184 186 213 237 246 330 349 380 383 421
28 60 81 100 159 179 190 201 276 371 397 430 478 479 490
22 57 84 109 113 160 164 223 246 282 299 341 364 377 435
4 42 96 98 126 134 145 154 246 306 310 329 401 439 452
11 82 113 118 123 138 156 272 304 322 333 336 369 405 478
8 14 122 143 168 179 195 252 296 384 402 466 473 477 489
142 180 249 270 275 287 289 306 338 398 423 451 467 495 496
21 34 57 135 230 234 321 354 426 430 450 469 474 476 483
51 68 93 100 120 139 214 234 299 308 412 439 454 465 485
4 10 30 53 114 134 136 143 212 270 297 374 412 435 442
5 16 100 129 166 232 245 258 363 378 388 408 432 445 482
56 63 84 110 121 140 277 299 304 327 418 430 465 466 479
34 188 220 245 254 338 348 375 394 407 425 459 465 472 491
102 117 125 200 210 247 272 296 373 420 446 447 468 485 493
13 15 56 79 97 150 182 211 215 218 222 223 262 306 417
28 43 78 105 115 151 250 258 292 298 418 473 481 493 494
1 36 75 122 125 185 198 204 240 281 308 328 348 384 388
4 42 53 147 152 161 219 225 282 284 349 355 419 422 442
43 86 90 104 123 156 170 176 266 278 353 364 414 432 472
2 3 77 151 185 244 245 319 350 357 393 413 435 452 454
51 57 162 175 186 196 204 222 242 247 328 345 456 457 474
61 80 81 90 111 128 131 189 191 220 232 260 263 365 490
11 176 227 228 229 281 285 307 319 345 364 376 471 477 492
14 21 102 106 107 119 120 137 153 173 176 199 244 332 457
30 115 145 181 207 216 220 233 263 373 421 422 450 462 472
19 41 84 170 186 273 287 294 359 422 424 437 452 463 487
18 29 85 102 108 126 157 199 258 282 323 420 427 487 490
50 58 148 149 157 179 202 259 338 349 415 423 441 445 459
20 23 58 61 66 70 72 87 192 193 274 287 306 382 480
57 79 120 180 206 213 227 336 348 363 394 432 435 470 482
51 76 93 146 149 224 225 254 255 274 393 397 462 479 489
112 121 126 151 161 174 192 193 359 424 457 463 466 477 494
2 70 72 105 139 181 213 257 269 293 361 390 420 442 490
20 128 161 168 203 223 224 237 252 262 298 361 371 385 495
26 57 120 153 159 175 202 275 284 306 324 334 389 394 402
36 50 58 69 76 150 264 283 284 318 325 357 379 432 467
115 147 168 176 182 201 230 262 301 355 380 401 446 473 486
5 44 64 69 90 108 158 224 265 322 337 348 368 387 479 490
104 105 108 223 232 240 246 263 282 304 313 351 384 397 412 419
119 131 177 196 275 277 300 336 348 353 363 364 376 424 448 466
3 9 51 81 111 138 168 169 196 238 274 293 336 400 427 428
19 25 35 86 172 260 332 338 355 367 390 401 402 444 449 484
51 75 121 140 155 167 254 301 311 326 343 350 372 410 469 482
4 57 115 156 177 212 220 237 243 284 291 341 397 428 457 467
14 53 77 92 123 126 160 192 223 240 300 378 429 462 468 487
1 47 71 149 185 194 195 233 270 328 334 394 410 432 443 453
4 14 72 102 186 212 242 262 298 314 316 334 341 346 396 428
57 58 199 228 245 281 294 315 323 340 355 370 398 413 476 494
6 64 89 91 135 139 142 261 298 313 328 337 358 395 417 439
16 60 65 90 103 145 166 271 316 345 371 406 423 431 487 498
34 89 107 108 139 214 250 258 266 305 310 360 447 448 460 476
18 78 132 162 185 187 200 218 221 245 259 310 342 372 424 464
3 80 151 210 256 281 283 286 312 352 372 382 408 435 441 449
50 65 82 86 115 152 167 199 254 260 294 309 321 370 406 488
5 34 84 95 96 178 241 253 262 278 353 379 415 444 452 476
23 51 60 71 100 108 134 154 222 229 239 243 246 340 382 427
126 128 131 174 186 189 199 218 254 289 331 365 442 460 493 496
9 23 57 62 102 119 213 238 252 257 272 321 409 458 490 492
2 12 33 49 158 167 229 265 331 356 364 378 397 403 440 451
37 96 136 168 212 250 267 275 283 284 302 342 371 420 481 485
1 14 25 85 110 139 163 173 201 257 330 363 387 417 427 447
38 80 87 110 187 200 229 240 242 296 351 404 414 424 435 473
3 4 83 139 210 226 247 271 278 285 327 333 351 356 447 496
34 64 68 81 107 197 204 234 262 273 310 336 357 377 407 479
38 65 86 129 216 219 290 292 294 329 370 454 458 464 472 495
39 73 135 164 180 191 195 212 227 286 306 330 386 400 468 497
53 56 132 161 181 212 218 225 230 233 296 316 339 380 408 417
40 56 67 73 120 130 133 216 278 279 389 428 431 435 436 442
11 63 81 228 236 280 292 330 335 337 345 366 379 436 441 487
2 41 51 68 122 135 175 204 207 212 242 299 366 449 451 469
48 67 101 136 182 185 256 266 289 292 328 341 344 351 409 484
8 14 19 74 84 86 108 150 157 170 291 314 319 320 371 487
4 44 125 170 172 219 224 261 320 330 338 414 437 469 483 486
29 40 63 75 98 113 300 308 342 351 372 375 394 403 415 454
9 47 52 70 80 106 121 243 273 295 300 329 401 460 470 490
67 116 119 147 185 199 205 238 242 244 277 310 384 402 405 423
17 40 57 103 133 209 235 271 311 312 374 397 401 416 449 488
52 157 170 183 242 296 300 311 353 356 357 377 385 418 450 456
26 28 63 85 146 161 199 243 382 391 406 416 420 431 469 485
20 62 112 198 227 238 299 309 335 345 353 365 415 446 481 486
58 70 101 254 282 286 307 322 338 377 398 405 415 439 476 484
26 51 76 103 109 111 141 145 188 213 238 256 305 358 467 480
2 30 51 116 129 149 162 210 250 334 357 371 379 451 473 481
8 42 94 95 132 177 212 214 232 257 300 317 385 444 473 483
43 48 80 100 105 138 151 181 268 277 285 385 405 420 462 474
47 84 151 168 203 222 266 278 290 309 312 329 370 418 461 480
28 40 58 59 141 208 239 282 284 349 358 366 384 434 456 473
19 21 84 98 115 197 253 319 388 397 412 477 479 482 488 490
2 71 93 115 136 162 208 229 231 234 241 271 361 375 475 476
1 10 16 18 57 120 192 195 261 279 299 318 338 343 460 481
10 28 46 50 65 70 81 110 125 207 245 246 358 399 438 482
6 32 69 89 194 204 262 278 316 345 362 379 384 409 415 477
6 13 23 40 57 103 114 130 230 242 348 357 380 386 395 454
17 55 64 65 103 109 112 157 239 242 250 258 382 387 442 446
141 161 170 258 272 273 282 330 345 354 359 364 407 414 440 471
77 88 89 103 120 130 151 215 279 305 338 458 463 476 486 494
14 60 104 116 171 190 273 287 327 331 355 369 388 400 402 418
95 106 121 126 140 162 279 283 356 389 429 448 453 472 477 485
0 68 99 103 162 178 193 194 222 228 299 366 405 444 480 496
24 34 39 74 116 157 177 180 181 183 269 322 364 389 398 483
0 27 58 160 168 239 279 284 289 294 399 404 409 450 472 491
31 89 94 97 111 161 214 253 260 266 273 293 306 363 411 484
8 56 66 106 114 119 154 175 185 219 259 387 394 444 481 495
6 20 40 51 91 94 106 142 144 247 280 318 335 378 439 488
12 20 122 143 232 292 322 331 358 364 401 408 412 413 465 470
9 94 169 191 193 264 277 290 300 355 383 396 401 404 408 435
26 32 81 117 149 195 230 234 249 262 292 295 357 396 404 476
26 67 71 73 76 77 127 191 201 232 246 251 311 393 435 475
95 122 141 200 210 212 271 280 312 346 378 433 465 479 490 494
43 70 96 132 140 172 204 257 313 332 362 388 424 469 483 487
32 43 62 119 120 154 179 204 267 275 286 367 434 436 448 466
25 98 127 148 188 198 205 214 233 306 352 382 397 415 435 479
0 13 25 83 112 119 218 250 297 309 339 351 370 445 458 473
17 23 64 68 91 137 166 200 209 263 323 328 371 381 415 455
8 91 122 126 127 142 156 181 245 254 327 355 361 373 392 478
32 49 69 78 91 122 201 231 243 247 250 279 293 303 389 492
14 104 117 147 181 213 228 357 369 372 376 404 406 425 460 466
53 191 202 225 269 308 320 333 337 342 360 419 420 438 439 480
3 14 73 114 153 163 168 170 255 258 273 280 299 315 338 349
4 13 70 111 117 131 138 144 178 249 251 286 312 318 372 474
10 25 37 51 92 99 104 146 217 234 266 297 304 324 343 435
60 66 114 120 124 133 151 236 300 312 335 370 378 382 388 495
3 31 43 136 158 179 229 264 266 370 395 410 432 464 480 485
27 42 81 124 134 154 166 265 285 297 345 371 396 467 486 497
61 76 90 124 303 308 330 334 341 366 403 404 453 455 471 494
13 74 80 85 106 153 165 180 246 249 299 320 336 475 480 483
8 104 116 121 150 159 207 247 268 276 291 346 393 428 489 492
1 33 235 269 272 273 307 350 354 398 405 412 419 425 484 485
27 46 104 108 117 122 123 168 170 221 230 261 277 432 453 486
6 45 91 101 133 219 228 313 332 362 380 387 411 421 422 426
59 76 125 197 220 223 230 268 344 358 363 365 431 433 437 475
17 22 30 123 128 192 226 241 247 270 288 324 326 412 413 459
1 183 196 219 266 302 306 307 328 330 348 391 408 452 466 498
71 123 127 224 244 295 309 315 317 345 374 380 430 463 472 487
106 121 146 171 270 309 353 366 369 380 382 424 428 474 494 498
2 18 22 118 129 179 183 234 306 314 339 343 382 405 432 442
9 109 143 166 187 190 241 270 341 350 410 423 435 466 467 477
16 17 43 58 82 87 213 231 286 294 302 319 369 422 428 461 482
10 41 64 67 91 94 118 146 152 164 239 255 312 368 436 462 481
12 73 80 81 122 138 163 299 304 314 325 326 375 377 472 477 494
8 58 86 91 184 219 232 234 237 284 339 369 378 448 462 470 497
5 19 117 122 127 128 146 149 155 164 178 266 307 339 411 415 436
83 125 180 215 263 268 270 275 289 295 320 324 344 365 369 452 459
7 53 169 198 217 225 247 269 276 322 336 346 349 403 411 447 462
45 66 93 102 111 153 160 170 216 306 339 359 392 411 422 442 464
20 53 58 163 206 239 259 316 319 342 353 372 386 421 468 475 493
79 102 147 187 208 225 265 292 316 345 364 423 433 442 453 473 491
34 46 59 105 116 120 205 223 245 257 261 288 304 321 328 462 495
70 119 132 144 146 168 176 274 288 320 322 365 387 402 436 445 464
31 32 35 55 61 104 156 166 218 219 221 245 305 366 382 429 451
37 102 111 139 151 169 198 206 224 280 355 372 429 431 454 479 494
13 14 15 38 58 139 141 166 259 274 318 351 365 366 371 406 438
58 65 75 97 137 159 171 200 201 220 259 307 453 472 476 480 486
25 26 59 102 125 172 187 191 193 293 300 338 340 359 374 385 425
13 19 46 48 75 219 242 250 251 275 286 302 353 379 392 416 463
15 21 76 97 134 143 189 193 280 303 312 317 338 369 432 447 481
60 75 102 202 228 249 286 293 301 316 341 388 400 417 425 432 475
23 55 78 95 135 195 199 227 260 262 272 310 351 365 456 480 491
40 54 58 97 103 121 122 155 171 206 256 264 270 318 341 379 395
19 41 56 76 80 98 116 131 203 214 305 321 328 369 403 473 496
39 47 90 93 123 138 160 168 257 261 287 308 321 353 365 424 466
15 39 59 65 92 158 276 284 310 324 336 382 396 440 477 481 493
42 72 159 175 176 187 191 210 233 260 264 269 299 315 323 447 486
38 51 118 180 207 218 282 335 342 352 364 373 374 387 445 470 478
6 105 136 145 146 154 228 275 301 316 366 387 408 415 445 448 491
4 42 56 59 120 137 176 179 247 272 283 305 328 423 439 452 481
33 45 83 113 136 139 207 216 219 260 309 348 365 411 436 456 462
15 58 84 88 130 179 219 262 267 280 281 370 416 417 443 470 474
7 56 68 120 177 184 190 192 195 307 319 380 395 414 420 469 491
93 102 105 113 172 307 313 323 341 348 350 356 370 389 422 479 484
3 39 81 117 147 165 171 209 215 245 281 293 305 326 348 362 403
6 31 35 69 75 178 231 237 294 309 318 346 397 409 410 417 483
43 62 94 133 145 190 219 242 326 334 348 358 376 384 464 471 494
25 46 48 62 146 154 173 174 255 270 301 306 345 393 419 459 487
7 15 89 131 161 171 227 242 255 299 309 324 329 330 344 446 463
0 44 61 63 120 122 178 184 264 328 365 401 421 443 458 464 498
5 10 85 101 135 138 182 192 255 256 324 329 334 338 347 393 498
12 24 28 38 68 73 247 285 317 321 334 352 385 440 452 458 485
19 28 94 96 113 115 179 264 302 335 347 364 393 405 437 443 454
10 23 27 40 41 133 158 173 199 205 209 233 325 369 397 483 484
25 71 82 127 145 149 177 181 214 299 321 325 347 375 431 461 473
95 120 163 167 229 245 248 253 379 404 457 461 465 480 487 493 497
33 39 95 104 122 136 142 199 263 280 300 317 350 352 358 425 430
50 123 125 148 154 184 185 217 230 240 275 278 294 300 413 415 492
35 61 69 104 112 114 116 132 212 231 246 270 297 306 316 374 464
8 92 103 143 178 193 228 232 254 297 324 346 347 395 455 469 495
21 25 53 87 98 133 137 212 231 241 267 302 371 401 447 468 475
11 41 67 72 115 139 151 163 164 179 194 220 232 344 405 409 419
62 68 160 222 233 271 275 279 344 373 388 397 425 437 446 478 495
17 24 36 38 65 90 134 190 221 245 346 348 369 414 431 478 491
68 155 177 216 236 243 247 272 281 307 444 447 464 469 479 480 493
35 41 46 156 176 191 202 344 346 366 370 394 397 419 463 476 498
29 65 87 127 174 233 263 265 279 298 311 348 371 381 413 415 497
22 27 71 99 109 149 227 237 252 312 349 391 396 400 436 468 489
38 63 69 101 122 131 135 160 189 206 237 345 395 398 415 461 479
29 51 53 75 79 111 125 165 208 213 228 277 310 390 433 473 476
50 56 62 71 125 137 162 167 271 279 297 299 307 394 429 460 477
6 33 34 51 73 308 355 358 383 402 429 445 451 453 475 486 492
25 65 74 101 112 189 204 223 233 270 272 306 325 358 392 474 488
8 72 145 202 213 224 270 285 294 306 309 373 388 404 441 463 490
0 25 36 41 54 55 79 103 123 136 164 228 327 385 395 431 458
6 23 28 76 88 103 196 204 209 213 256 267 344 361 379 395 412
17 26 133 179 191 212 263 298 318 363 379 384 424 462 464 481 484
41 48 56 58 125 157 188 248 324 328 352 415 432 448 464 472 491
38 86 89 104 127 176 192 202 228 244 260 333 338 359 363 425 485
19 51 55 85 87 93 122 137 165 235 258 260 272 381 428 439 489
16 19 52 64 131 188 216 302 346 436 453 460 463 487 494 495 499
19 50 56 64 69 73 124 181 211 260 301 330 409 453 466 488 496
4 27 63 73 76 129 160 172 190 208 238 247 308 335 350 435 470
2 41 71 88 96 103 117 198 205 223 265 291 328 348 355 409 429
115 157 164 197 241 267 300 319 332 341 343 368 372 386 389 414 462
37 67 70 96 99 129 159 169 228 230 266 302 324 345 360 435 494
5 9 45 84 102 133 173 242 247 249 268 299 334 375 420 447 470
22 104 115 154 156 188 215 242 243 299 334 338 374 397 419 492 498
2 6 7 18 82 85 91 105 153 182 271 285 298 325 327 462 482
38 56 69 70 78 122 142 185 193 279 307 308 352 413 431 469 478
51 102 107 114 154 186 188 191 256 285 291 341 347 353 411 456 495
13 27 117 126 213 214 238 262 269 290 319 391 439 444 448 468 493
11 28 39 95 99 125 148 151 209 217 269 271 305 306 322 412 433
77 96 139 146 192 202 215 226 255 275 290 298 321 412 429 434 435
70 99 118 124 133 177 182 187 198 217 232 323 412 419 450 453 498
13 16 23 32 97 112 143 214 258 266 271 290 325 391 402 411 475
25 35 89 114 119 133 149 251 285 287 318 344 362 401 438 457 485
2 17 56 110 119 135 165 185 187 221 300 302 337 357 361 368 432
33 114 129 135 156 159 167 231 242 264 316 372 380 396 405 460 467
7 10 27 42 47 56 104 143 166 258 326 367 374 414 432 486 488
14 40 63 66 78 118 136 138 220 231 335 349 380 381 398 455 456
1 3 31 52 74 97 121 122 138 192 210 243 316 333 386 432 435
22 65 95 102 152 154 183 201 223 253 304 340 400 406 416 441 481
30 35 59 67 84 90 112 163 178 257 313 333 344 352 380 395 442
4 29 61 66 119 130 210 219 248 284 291 309 388 413 430 440 469
16 36 61 109 117 126 135 179 190 221 295 323 333 418 445 456 481
13 31 62 151 174 196 216 218 237 283 297 388 396 405 416 421 477
2 5 44 126 129 133 171 234 257 273 295 297 333 338 396 448 482
11 105 129 152 160 178 225 229 246 270 310 330 347 423 453 466 489
2 6 9 35 64 102 104 126 144 160 241 244 342 349 407 461 464
66 143 183 207 214 255 267 294 325 356 374 397 420 437 464 473 484
42 55 66 75 133 153 157 184 212 254 261 263 276 298 360 390 400 425
1 46 51 65 67 117 203 236 245 287 292 311 327 356 357 431 447 467
19 28 29 74 108 150 163 165 170 194 231 232 270 275 289 321 338 370
1 80 93 100 104 150 155 165 166 179 271 273 317 333 412 418 420 482
11 47 69 104 114 115 142 144 208 235 244 286 315 331 338 353 471 486
7 47 51 66 72 73 74 80 149 200 205 225 259 290 301 309 360 403
7 62 83 108 118 149 159 220 240 242 247 368 397 420 436 446 484 491
4 18 39 144 157 167 176 210 212 260 302 336 357 373 378 387 440 456
3 10 26 51 84 91 130 143 171 192 199 241 251 272 325 451 452 480
31 93 98 101 130 181 182 228 258 301 323 328 346 375 437 456 471 480
35 50 89 158 160 169 256 276 279 287 299 343 350 370 381 411 412 420
8 15 19 30 61 112 135 149 174 230 240 260 278 351 439 460 467 492
5 31 38 59 82 88 90 100 118 189 268 328 399 424 447 453 465 480
55 119 134 173 186 203 205 270 284 292 297 327 365 398 399 435 450 488
17 27 56 72 95 111 123 127 157 188 210 305 319 340 368 428 445 479
22 33 86 95 199 243 248 279 309 315 352 397 417 444 447 449 464 467
8 21 53 71 73 105 129 189 205 265 273 319 322 395 418 426 484 488
17 25 27 52 67 72 78 90 111 140 167 172 213 238 264 289 371 487
6 18 35 38 59 68 85 95 158 171 245 253 324 346 372 419 440 451
43 73 80 157 158 180 182 232 261 340 344 356 358 359 372 374 460 465
54 93 152 200 203 220 239 261 272 294 299 313 319 336 339 352 392 495
74 84 89 137 176 199 288 338 351 368 369 395 405 410 413 444 479 499
9 22 24 53 78 135 157 175 182 195 233 284 307 309 342 394 449 467
47 115 132 140 156 159 164 185 187 248 250 398 423 451 463 475 495 499
39 40 65 81 111 117 141 152 160 199 204 214 256 305 377 452 453 481
52 64 68 142 184 188 233 270 278 291 301 307 317 348 371 417 471 496
4 34 48 59 94 122 139 197 251 273 314 316 340 397 408 469 470 491
10 27 49 57 63 90 100 165 221 237 273 301 380 387 438 490 493 494
32 50 64 65 72 78 104 107 147 151 310 372 376 405 428 465 488 496
7 10 16 23 50 84 204 309 322 331 332 345 353 378 426 455 483 486
8 59 60 72 81 100 139 184 204 263 305 327 342 365 454 470 474 488
37 44 73 77 86 104 105 130 162 205 233 246 275 334 364 365 434 486
14 20 26 94 168 182 213 220 276 293 349 367 370 434 440 460 461 489
21 41 73 86 87 115 155 158 161 171 200 202 254 316 358 367 411 453
60 85 98 106 124 203 204 216 345 347 359 371 377 404 416 469 495 499
15 17 55 121 136 200 204 205 211 234 235 294 309 354 401 414 443 482
88 113 114 118 134 149 167 183 198 224 227 274 313 323 337 342 363 409
13 18 26 62 93 140 172 198 202 255 264 267 327 328 334 370 449 492
6 25 56 57 108 114 144 149 241 303 306 345 350 406 410 438 440 451
52 59 64 120 122 123 130 161 166 176 221 227 237 272 323 348 466 492
42 46 47 52 54 60 72 86 138 178 192 195 249 287 299 331 345 380
21 80 114 125 171 240 248 249 253 281 302 323 330 355 363 375 399 466
14 32 33 49 77 101 151 217 252 263 281 310 326 343 383 428 470 493
0 30 67 71 96 118 120 123 127 170 175 203 208 267 301 377 441 487
32 65 72 125 178 192 222 239 257 270 371 384 421 458 475 476 480 488
17 52 122 146 153 188 207 233 239 258 267 322 343 352 382 430 455 481
27 112 116 147 148 166 175 177 218 273 276 287 297 298 387 409 425 478
83 129 157 166 250 281 299 306 331 338 346 353 386 396 421 445 495 499
6 78 117 118 127 163 216 221 234 248 260 278 304 378 398 417 453 498
67 96 114 131 137 207 213 215 234 271 290 305 312 321 335 363 385 458
4 22 54 56 141 164 192 256 279 286 388 416 418 430 444 485 494 499
123 147 174 176 213 254 273 314 329 330 333 363 366 403 457 459 471 487
36 52 74 76 92 208 240 284 321 322 353 377 387 431 452 464 489 498
37 42 67 99 103 158 164 167 202 213 227 255 267 280 425 433 456 477
1 23 67 120 134 140 150 159 192 308 324 328 363 364 404 448 453 473
1 45 61 72 97 159 183 184 221 224 253 330 345 375 422 435 439 495
32 81 145 199 216 242 255 269 283 323 327 349 362 388 395 428 446 483
38 51 62 65 142 160 187 218 250 266 273 296 299 305 362 386 402 435
18 52 83 89 170 176 184 219 247 266 280 282 292 321 341 357 411 489
31 36 54 68 75 110 114 149 245 306 324 327 340 350 357 358 378 402
15 40 52 71 114 139 142 184 223 276 295 346 384 388 411 441 453 472
41 46 48 96 182 212 214 219 226 229 269 312 315 333 396 451 452 498
20 23 57 95 97 130 244 263 265 280 292 293 304 352 375 378 438 441
16 27 38 72 87 105 146 165 170 230 245 260 281 289 300 318 476 477
20 35 43 54 67 100 170 183 192 199 256 266 374 405 409 414 436 451
60 89 124 130 142 200 202 203 254 270 288 298 311 357 371 393 423 495
54 65 143 185 196 247 248 289 296 300 305 309 317 389 411 490 497 499
12 14 41 51 103 105 119 136 160 180 194 213 219 225 353 438 450 493
36 63 72 124 161 188 245 277 278 306 307 334 347 407 412 422 467 488
14 15 53 65 83 99 179 185 216 257 305 332 373 384 417 435 454 469
6 71 82 113 126 137 144 154 156 179 180 248 290 370 378 445 449 479
86 110 129 135 151 162 189 228 238 243 253 297 342 353 359 455 461 469
1 9 10 13 21 33 47 161 264 286 289 313 329 350 361 370 390 395
14 57 72 115 120 122 165 202 250 279 282 294 346 369 382 396 476 489
41 47 107 115 120 155 180 200 231 252 327 370 410 444 446 451 479 490
6 29 50 76 83 215 252 270 294 316 335 349 355 356 414 466 471 492
12 77 87 114 130 142 148 175 190 191 207 262 268 282 286 429 454 460
27 45 74 95 119 139 144 170 176 179 183 186 237 293 311 378 445 455
34 85 87 102 104 140 184 215 236 274 275 334 361 363 437 451 470 490
33 104 152 168 178 189 195 216 272 286 303 344 345 398 405 432 472 479
16 47 132 142 143 145 210 222 225 229 259 264 297 328 381 386 398 498 499
18 35 40 45 52 167 175 180 272 308 338 377 378 387 397 404 455 458 487
3 9 52 72 111 112 132 152 219 223 235 256 262 315 344 381 396 425 454
0 17 48 56 123 258 274 291 301 308 374 384 388 394 409 417 446 463 489
23 47 86 154 170 172 179 180 237 279 283 367 373 380 396 405 419 424 444
36 58 73 116 123 153 158 232 257 260 265 302 317 327 334 362 371 384 433
45 48 92 127 148 160 209 220 237 263 268 300 330 336 345 357 383 471 486
58 105 170 173 227 229 240 262 267 285 295 297 358 367 386 412 428 456 479
29 86 101 112 183 201 242 252 285 289 325 336 363 425 476 483 484 485 495
12 61 84 116 120 185 206 249 252 270 272 337 353 379 380 382 389 396 474
4 23 25 118 131 137 147 164 174 200 252 360 381 382 389 394 410 458 496
9 29 48 56 77 100 189 206 217 218 243 284 298 309 382 399 425 462 493
16 25 41 62 114 129 253 275 309 325 346 390 414 429 432 449 450 458 465
7 28 48 108 149 166 177 203 219 229 320 359 368 390 392 412 414 468 496
19 45 64 69 129 174 196 203 229 272 304 306 333 349 358 368 389 445 470
10 17 65 96 104 150 190 191 208 214 224 236 257 267 334 344 363 367 373
25 97 113 158 206 220 227 247 255 290 302 308 312 340 342 380 391 448 486
68 86 95 96 147 190 224 251 278 295 300 305 332 339 347 415 419 433 458
9 32 45 49 65 85 110 116 119 160 175 228 255 370 380 399 420 421 454
20 49 241 242 264 291 296 301 313 325 331 337 356 390 403 454 458 477 496
6 8 27 31 32 52 83 105 119 129 174 176 180 228 324 355 435 483 488
16 22 52 97 147 167 184 236 280 299 328 334 389 425 429 446 448 489 497
2 14 52 65 98 170 179 234 289 305 357 367 383 431 437 448 451 459 469
2 47 74 75 84 95 96 119 126 192 201 242 263 353 366 406 407 428 468
31 43 78 90 150 165 177 178 222 227 230 231 238 247 260 276 366 375 410
12 31 54 61 100 101 165 166 183 227 228 238 293 318 335 360 428 431 486
6 21 48 55 89 99 120 209 263 276 280 282 303 319 405 407 477 483 485
11 18 36 58 97 151 167 242 243 285 343 383 423 428 430 431 433 452 468
20 47 55 64 103 176 223 240 247 262 268 327 369 389 412 438 440 468 469
10 23 74 88 99 106 171 232 243 257 292 303 330 380 428 430 470 472 495
22 34 47 68 84 91 127 185 191 309 310 334 352 402 445 454 476 480 495
17 36 45 105 119 146 148 210 242 366 385 398 401 428 431 472 480 496 499
25 53 67 74 91 98 139 199 205 284 292 297 333 381 407 414 432 463 474
7 15 43 48 147 152 169 181 235 274 275 291 307 358 373 434 442 445 477
0 12 21 25 40 42 85 114 151 197 234 239 250 282 331 363 365 463 482
22 27 30 31 58 118 148 151 185 209 264 293 329 331 338 388 394 432 439
0 5 13 21 53 60 73 81 82 177 219 266 277 329 343 344 459 482 490
60 66 80 88 122 193 212 239 266 281 282 303 316 342 357 374 420 443 471
22 30 46 65 80 85 135 259 302 316 317 329 332 363 364 384 446 455 464
3 26 44 99 123 137 159 213 217 225 246 278 282 294 332 333 423 437 443
5 20 75 118 148 168 175 204 207 212 227 234 344 347 391 447 459 473 476
19 34 46 51 64 76 86 131 171 173 210 216 279 318 325 335 394 434 485
2 8 163 179 198 203 205 216 264 312 364 397 407 426 431 453 460 479 481
24 34 68 93 113 134 145 190 232 257 271 275 277 325 373 405 465 470 492
1 22 46 51 63 71 101 135 257 258 280 285 345 356 361 432 444 462 495
3 10 50 65 88 114 180 206 231 246 251 252 294 302 347 381 394 485 489
20 25 36 44 68 71 74 94 103 121 126 169 177 183 217 318 383 434 442
14 48 50 70 91 119 164 246 248 268 275 319 365 373 397 419 482 483 487
31 66 91 108 125 134 173 221 247 295 317 326 332 338 395 401 446 459 486
6 31 68 69 78 90 97 132 158 177 242 279 305 322 341 414 431 435 445
19 106 150 207 231 242 245 247 257 281 314 346 395 402 422 441 443 477 484
36 88 115 134 159 165 240 248 264 290 336 342 347 353 389 416 425 431 447
19 44 56 59 113 128 143 209 239 254 263 297 299 322 342 361 362 398 458
20 28 88 92 129 153 247 253 279 281 282 333 341 396 434 440 450 460 496
12 26 45 57 58 71 169 215 227 258 274 313 345 390 401 402 453 455 478
1 3 8 39 46 82 87 90 180 190 236 297 306 334 347 349 377 393 397
44 48 133 178 181 190 201 224 241 260 272 324 329 366 376 410 436 456 477
30 38 51 86 126 141 142 234 317 326 351 375 391 392 394 405 428 447 492
4 18 32 96 108 132 137 181 184 194 205 209 272 331 357 378 439 456 479
6 22 52 82 91 118 132 146 175 196 202 217 219 276 310 322 358 430 448
3 23 55 58 78 146 148 207 261 289 304 327 329 349 354 382 410 443 476
14 30 67 93 101 106 161 199 216 246 252 275 337 396 413 442 480 495 499
63 148 168 204 205 256 257 272 296 320 345 375 383 393 448 456 483 489 490
26 87 88 100 101 199 290 316 317 352 382 383 401 413 414 415 423 472 496
5 40 45 83 132 134 251 285 287 316 328 339 408 440 442 459 471 488 494
61 71 175 176 203 209 214 296 309 318 341 344 359 402 412 444 446 455 480
19 56 93 114 118 136 140 157 160 218 258 320 335 358 364 408 410 469 491
37 61 81 106 140 148 154 158 237 257 263 287 290 293 309 312 348 378 424
1 42 62 72 73 94 116 135 149 193 216 224 245 274 287 298 326 367 373
6 43 74 81 83 118 129 131 205 252 305 328 333 338 372 374 456 467 475
3 35 37 72 93 137 191 224 228 258 303 318 338 358 379 391 431 479 499
3 67 68 111 121 149 170 224 245 280 292 295 309 346 347 353 358 382 463
23 69 96 137 143 181 186 198 236 257 306 320 325 326 336 353 366 466 486
6 47 52 64 92 159 161 221 232 234 268 326 330 332 394 407 410 443 474
27 54 75 99 143 153 155 191 209 227 255 286 306 386 407 439 453 472 481
32 57 60 103 121 151 199 200 209 323 348 373 397 402 403 406 430 438 444
72 92 112 147 151 163 183 211 225 243 254 295 349 393 395 402 428 439 468
7 11 67 71 102 117 127 149 184 197 238 264 303 308 321 332 343 356 422
2 27 29 42 50 70 73 82 109 157 177 189 278 293 327 333 397 427 471
9 10 47 56 98 112 142 165 202 213 249 272 336 337 346 382 430 433 435
67 81 135 165 203 263 298 300 321 343 359 363 364 388 395 403 404 433 441 484
6 12 31 88 89 121 143 162 166 174 201 213 287 308 382 406 419 421 470 494
4 16 33 43 80 85 88 132 134 176 218 247 343 356 367 368 376 398 411 469
9 14 56 107 127 153 193 262 285 293 315 341 363 370 392 449 456 469 490 493
21 26 28 87 127 135 145 160 167 191 199 222 236 250 258 298 329 332 431 440
12 21 46 66 119 128 181 195 260 271 314 321 329 352 372 381 383 390 447 458
13 26 43 50 93 123 142 153 231 239 242 253 324 330 400 418 421 429 437 495
4 23 29 46 47 172 199 203 207 208 209 241 285 297 312 319 355 418 422 423
19 20 82 109 214 237 271 282 297 305 309 313 332 381 382 407 420 423 470 471
1 25 37 79 94 128 160 164 179 247 290 306 307 346 378 406 443 457 466 481
0 5 26 46 54 64 73 98 117 121 184 226 386 393 398 419 439 445 448 451
19 25 41 55 89 101 116 135 219 239 243 254 258 316 335 367 388 408 415 492
24 35 56 72 83 97 142 186 190 194 204 207 232 247 262 311 335 410 451 494
6 7 9 19 43 46 56 82 142 238 242 245 267 308 325 335 362 365 487 493
19 33 44 101 120 137 150 151 163 174 219 222 231 267 300 304 307 401 464 481
21 29 79 120 121 135 160 166 180 189 199 222 235 246 313 354 367 435 464 498
4 13 21 28 53 71 81 113 141 142 180 202 225 263 297 333 358 410 421 433
1 13 45 90 94 96 133 154 187 234 256 270 318 323 366 370 373 391 471 490
9 28 29 47 102 170 191 201 260 274 308 322 324 361 397 405 451 466 474 499
5 46 62 73 92 107 109 140 148 178 181 194 203 236 257 285 300 369 434 443
5 28 38 39 88 97 106 116 137 146 149 186 209 217 223 336 337 352 403 457
10 27 77 112 113 167 169 203 269 300 316 318 323 329 373 384 405 440 453 454
5 50 96 112 126 155 190 191 210 233 247 248 266 268 269 280 310 320 376 481
20 54 77 99 133 135 148 155 176 199 204 209 283 308 354 365 400 426 470 483
14 23 55 99 119 135 164 178 256 264 279 289 290 327 330 350 362 411 412 433
69 111 137 174 181 198 206 238 240 280 286 305 323 340 369 441 455 474 477 479
4 16 21 26 35 102 110 111 131 195 220 238 259 308 327 360 384 395 484 499
16 164 221 235 251 253 255 283 292 362 379 386 406 424 431 436 439 443 457 475
42 72 73 131 215 228 242 252 267 299 321 338 339 366 372 395 412 416 424 432
3 94 124 138 141 234 251 292 357 358 359 365 369 385 400 413 422 462 485 494
6 8 41 49 67 70 106 107 128 141 195 196 208 301 317 371 401 445 467 493
2 34 41 45 59 133 186 204 262 282 299 301 308 328 336 347 390 459 486 494
51 55 93 97 107 165 201 204 216 232 252 325 345 388 405 418 423 445 472 491
6 22 31 46 50 51 97 168 177 206 211 220 331 344 376 386 405 411 451 460
11 46 99 116 148 151 154 177 186 190 233 244 268 277 294 316 398 441 453 483
26 60 64 120 134 159 215 235 247 293 315 345 366 367 401 402 413 416 422 440
21 40 45 82 129 146 190 216 245 246 248 249 298 299 303 337 361 382 387 443
0 1 8 20 27 84 142 150 157 193 207 239 259 314 328 352 375 381 421 432
5 56 87 104 145 150 160 210 262 299 313 314 321 340 399 418 468 471 475 480
58 60 88 103 106 107 162 165 180 207 208 224 284 298 351 368 415 424 485 494
4 39 78 89 91 154 162 230 242 273 274 278 285 294 319 333 371 391 422 489
40 77 80 96 97 105 117 157 170 175 203 217 228 236 354 368 371 421 464 481
4 29 45 48 83 109 149 153 156 202 263 286 295 307 322 345 400 442 464 481
6 65 70 87 145 168 198 226 260 274 282 326 366 373 405 411 429 438 443 460
20 82 90 97 121 149 198 210 275 278 280 284 302 324 347 355 408 429 451 482
20 22 59 84 91 97 103 114 159 220 244 253 288 313 324 332 386 431 489 493
24 62 66 91 93 153 157 207 208 209 213 229 268 271 314 325 379 419 450 496
10 17 21 52 56 94 103 132 189 233 307 316 336 356 357 373 374 385 410 461
8 63 120 130 183 186 200 235 241 270 333 336 361 418 425 433 442 458 476 477
23 27 31 99 104 193 220 236 245 254 257 261 283 302 309 401 402 406 410 473
87 117 125 239 241 256 271 277 301 310 316 320 342 344 348 376 392 405 410 424
4 34 89 104 160 167 198 207 236 248 264 291 307 353 374 395 402 464 482 498
22 70 77 185 235 247 249 251 317 318 339 348 366 399 402 405 418 454 489 492
19 21 38 41 52 54 88 119 140 164 179 205 279 301 353 406 421 426 465 497
37 59 92 128 175 242 256 280 286 306 349 350 377 412 434 437 446 452 488 496
21 22 26 35 47 60 93 105 112 128 130 148 172 186 224 236 303 320 356 494
8 41 56 64 146 149 191 212 223 232 236 265 267 301 310 380 452 454 468 497
27 50 58 73 86 112 151 155 170 172 213 214 222 256 306 326 366 393 397 440
8 15 101 116 120 121 166 180 185 197 251 260 337 400 403 417 433 466 474 491
58 99 112 159 163 178 203 225 232 234 235 240 312 357 360 419 429 482 488 490
1 21 23 28 71 86 115 125 127 164 181 195 210 316 318 377 390 440 456 475
60 65 73 91 151 156 169 182 236 237 238 240 251 269 316 331 343 394 419 452
1 70 78 89 90 92 118 175 180 216 219 230 236 249 289 292 341 352 415 453
26 40 92 116 154 163 213 242 260 264 279 283 298 373 424 436 473 477 478 486
0 77 104 110 140 145 178 234 239 253 265 277 284 310 321 344 386 403 457 476
8 46 62 70 73 154 187 196 217 235 236 269 281 356 364 380 415 439 456 481
51 54 88 113 138 140 160 174 213 229 311 315 341 359 374 417 421 427 429 460
54 57 82 104 107 116 198 204 248 292 293 302 355 382 395 399 404 438 446 478
61 96 111 143 156 160 210 246 247 254 267 349 366 435 442 453 454 456 465 487
10 31 45 76 82 131 160 163 172 190 246 259 270 300 334 362 384 389 425 488
4 37 70 121 137 186 214 231 241 287 314 374 375 389 403 450 453 470 478 482
22 23 76 98 165 176 182 192 224 258 264 268 322 347 357 403 455 466 487 497
4 9 57 80 84 96 102 109 124 166 168 170 264 272 285 329 336 445 475 493
107 132 135 144 176 203 214 228 234 257 267 270 275 277 285 291 292 367 455 495
16 41 43 58 72 135 153 180 191 194 273 276 327 351 353 380 383 408 416 465
4 29 52 64 168 171 189 198 212 227 230 289 344 350 371 420 437 465 466 482
28 29 101 109 124 150 211 213 215 230 232 246 268 270 295 331 372 406 417 480
2 118 214 235 284 289 291 294 301 326 334 360 361 362 381 430 437 442 469 498
67 104 113 159 165 166 175 222 244 268 290 320 327 348 372 404 443 451 470 491
9 27 32 45 136 152 227 228 236 243 264 267 272 298 302 312 396 413 467 479
