482 488
165 193
407 412
350 399
217 241
164 171
388 389
273 280
310 317
312 347
467 472
412 417
408 436
17 44
63 79
286 289
307 311
51 53
229 242
353 388
305 310
0 32
495 498
135 148
361 388
59 93
156 193
426 427
83 93
222 246
310 323
160 162
107 116
195 199
296 298
391 395
453 470
286 295
468 488
84 93
301 311
428 434
395 398
269 283
252 281
440 444
117 141
408 447
205 224
311 344
360 364
9 22
356 395
212 237
209 244
356 368
306 334
309 311
173 175
488 493
152 156
307 314
205 245
26 37
35 36
361 384
3 24
333 340
371 384
103 141
423 427
414 433
184 198
312 313
173 184
53 86
405 410
5 49
24 37
63 90
364 368
323 330
126 140
154 164
250 256
375 383
62 92
423 440
6 48
208 226
132 146
410 417
66 74
172 182
57 63
15 35
109 135
35 42
450 462
429 442
366 376
2 36
115 118
441 447
317 337
109 126
458 489
25 30
256 271
308 339
7 20
359 383
52 68
0 23
368 375
55 71
302 334
67 73
32 42
269 272
235 245
222 223
266 297
2 26
156 162
66 86
373 384
350 393
242 246
476 489
339 341
200 227
377 391
314 333
261 286
170 185
408 437
168 187
205 235
215 237
465 480
161 179
411 416
357 397
373 374
59 70
414 437
11 16
356 392
363 386
352 388
437 444
316 328
407 441
408 445
303 321
79 89
113 114
4 39
12 33
305 307
54 65
190 197
206 210
475 485
477 485
403 408
411 430
75 98
463 484
370 397
8 30
271 275
237 246
421 430
92 95
352 372
315 323
411 414
74 80
205 240
123 124
354 364
231 243
374 383
15 46
255 293
194 197
156 199
413 425
156 177
154 180
9 19
158 165
471 497
259 264
151 164
155 168
179 189
335 344
389 391
120 145
261 288
317 342
156 166
253 269
117 142
216 242
244 246
304 332
432 443
206 212
159 195
458 465
208 220
302 334
372 373
393 397
75 99
400 431
267 270
467 493
70 72
266 274
166 191
405 447
355 369
160 173
406 412
477 480
455 498
463 480
484 486
327 349
454 466
21 37
464 480
435 446
161 170
456 492
170 171
286 293
8 10
307 313
17 37
360 379
407 421
391 395
176 186
403 416
464 466
68 84
330 332
270 272
265 267
204 233
459 462
471 498
416 445
321 324
400 430
61 82
402 405
162 189
28 48
459 460
304 342
26 27
330 342
177 178
403 426
270 297
330 345
403 437
320 337
3 14
368 373
17 32
8 29
230 241
0 33
85 99
316 322
255 262
362 384
93 97
55 76
171 183
159 191
118 122
457 458
251 288
404 431
461 487
468 491
455 498
252 291
50 73
53 87
312 319
280 466 485
1 23 312
165 194 419
416 418 447
176 185 471
271 469 471
332 346 428
120 130 483
141 380 381
13 297 299
165 185 258
216 453 458
213 217 230
175 185 281
17 21 289
166 184 396
209 244 420
187 282 284
120 137 157
112 124 457
83 98 495
307 476 479
13 46 441
370 420 448
14 390 397
348 415 445
296 462 470
108 130 368
65 70 208
113 170 199
102 412 436
107 145 149
1 390 395
296 354 360
168 461 478
6 25 182
302 330 394
354 368 373
52 75 196
82 92 190
112 256 297
339 453 488
214 226 327
198 350 375
135 213 215
37 46 144
377 383 443
129 143 464
233 348 349
260 294 295
421 439 465
8 53 55
226 228 290
83 364 379
106 138 142
228 242 486
349 375 383
1 40 166
10 133 144
17 464 466
472 474 479
15 49 390
13 15 487
51 286 294
6 315 336
201 351 391
223 228 369
372 386 440
115 124 135
251 298 450
114 127 448
216 257 297
261 291 423
265 367 380
61 79 331
248 260 286
344 415 446
152 184 372
48 253 281
17 37 41
302 332 384
345 454 476
56 80 139
189 353 396
318 326 442
295 452 472
45 459 499
86 96 152
209 244 429
15 24 45
317 362 386
383 388 398
439 460 462
1 39 463
105 315 346
183 187 465
6 450 463
136 373 383
93 457 491
62 76 249
185 201 239
221 417 429
24 107 117
116 139 378
3 21 25
35 78 79
323 347 383
225 228 247
72 91 371
418 430 480
130 140 407
62 63 163
63 202 243
0 22 38
326 341 353
96 418 443
244 330 341
401 418 475
179 183 445
236 378 390
82 160 192
60 63 145
207 234 360
15 160 199
73 90 167
195 199 269
166 298 299
237 406 445
39 104 110
15 47 252
51 58 69
250 323 346
61 69 139
261 287 382
117 118 442
405 449 468
172 333 345
152 356 390
259 332 336
272 292 317
268 276 441
364 381 487
66 206 216
150 162 368
84 414 448
65 91 155
3 200 210
8 44 126
7 15 458
3 7 110
163 289 299
417 434 441
187 421 441
5 11 87
206 473 482
76 454 489
224 258 290
20 26 142
365 452 472
139 350 373
18 106 126
377 435 449
56 97 246
7 113 144
307 344 376
160 199 350
204 236 248
59 423 432
145 420 429
210 253 276
61 69 408
150 173 183
244 246 485
230 456 485
28 40 324
26 66 99
127 312 329
230 235 258
14 30 94
211 228 294
259 277 374
163 411 435
74 82 376
229 241 416
363 375 395
105 204 230
130 438 449
65 387 395
76 87 166
193 423 432
45 226 236
366 390 401
51 94 265
154 194 393
111 389 393
90 473 495
262 279 325
98 362 368
7 34 482
55 98 161
3 37 432
5 177 182
15 17 445
54 137 149
202 246 293
267 268 461
92 96 458
418 421 453
159 198 363
446 467 472
37 38 95
353 394 486
116 125 287
348 353 394
301 486 496
67 90 423
51 59 495
197 363 385
170 195 212
157 404 419
33 36 70
435 450 477
146 260 284
59 434 444
15 451 467
64 456 468
214 366 379
242 442 446
56 63 270
213 216 469
11 102 136
331 337 373
467 492 499
13 264 272
21 28 424
1 28 265
234 450 497
215 258 272
52 215 240
19 33 243
62 413 419
24 46 220
173 226 249
59 330 332
69 71 74
69 252 292
262 293 359
1 18 388
10 110 143
73 88 495
146 351 389
300 306 329
300 318 338
14 409 435
41 116 132
305 308 326
100 355 381
404 409 433
151 192 302
9 26 109
3 20 481
246 362 385
137 163 168
286 293 317
3 29 489
84 94 348
186 189 234
33 43 433
157 190 271
396 451 454
1 14 272
111 131 438
29 64 95
295 303 308
241 463 498
102 105 130
258 268 272
151 261 283
29 85 87
103 305 314
360 387 420
155 187 270
218 360 394
10 253 267
49 371 382
129 138 488
89 432 448
213 337 339
250 259 425
103 113 334
363 365 485
221 228 392
357 370 391
225 310 328
12 48 452
307 328 351
262 291 352
222 224 425
1 140 143
22 53 67
221 232 240 453
63 82 354 375
110 400 414 425
61 110 232 248
30 355 358 406
29 304 335 391
11 55 404 431
29 155 190 493
1 115 130 325
91 219 236 241
123 124 287 431
29 117 123 163
16 35 272 431
187 314 460 471
78 144 161 187
7 59 86 430
52 54 115 245
252 365 390 400
164 255 415 422
35 46 71 402
155 193 369 379
122 337 347 483
188 268 409 432
241 244 320 347
12 53 86 160
169 312 484 488
302 319 378 467
341 362 375 379
158 165 422 448
127 129 235 399
61 287 364 382
190 274 455 473
50 202 229 295
287 359 399 417
124 303 333 347
132 141 348 453
66 258 262 448
24 164 175 268
23 166 301 314
250 282 362 411
22 174 177 426
54 446 448 492
122 130 204 230
80 92 334 482
96 318 368 394
154 164 240 444
143 341 346 426
57 92 122 282
140 260 271 450
19 263 280 289
210 221 223 426
43 154 156 184
112 127 360 382
52 60 258 385
15 203 209 310
55 64 109 215
236 239 285 487
212 345 478 487
68 87 256 269
117 145 148 218
190 219 304 338
24 235 437 439
352 361 437 467
105 229 265 266
4 6 104 350
17 57 98 176
6 17 251 266
154 378 460 492
234 243 459 484
255 306 332 388
147 372 460 484
163 181 182 382
13 88 320 328
123 256 298 436
250 252 253 376
256 260 284 370
86 91 291 292
337 359 384 451
69 72 433 485
23 183 250 278
175 192 340 420
66 82 97 437
103 115 178 467
75 80 128 460
55 66 135 182
79 95 179 331
110 196 373 399
79 83 87 407
139 141 283 304
164 355 420 445
108 117 418 487
380 398 470 499
312 315 416 459
85 89 183 473
26 41 174 346
17 37 107 406
111 463 475 494
42 266 269 437
60 82 261 482
268 296 306 408
14 210 242 402
116 136 267 281
353 363 371 378
192 336 343 439
161 175 225 365
203 248 273 459
36 208 240 341
129 130 253 341
213 247 314 483
27 44 45 288
400 414 449 462
237 261 262 476
366 376 389 469
55 88 366 384
23 117 208 246
47 48 343 483
108 256 283 397
126 202 209 250
30 92 364 389
16 209 242 321
129 141 373 400
125 182 189 193
424 445 485 497
14 245 249 415
200 213 256 343
122 139 220 363
35 89 305 318
20 129 188 199
32 293 300 304
248 413 470 493
62 174 198 456
101 118 192 267
153 381 407 440
51 52 87 105
157 161 163 461
28 40 61 445
152 207 227 252
43 169 189 376
128 168 180 326
243 303 327 474
34 307 357 396
6 10 469 473
19 232 490 493
157 178 259 284
88 205 401 443
157 175 225 427
264 266 273 476
166 171 279 353
294 415 426 486
38 176 196 362
49 345 418 434
254 296 299 461
51 267 429 449
116 304 326 451
253 279 326 412
60 316 321 465
1 32 95 214
247 352 357 461
33 45 103 145
114 148 411 419
429 447 470 475
261 284 354 377
313 433 458 494
35 59 78 320
50 59 181 238
208 210 308 320
52 305 317 348
113 172 184 199
262 364 367 487
9 87 90 389
67 85 90 253
190 351 354 363
206 220 375 394
190 281 286 405
118 131 145 386
42 61 88 465
39 46 47 377
37 186 195 197
154 168 193 314
25 310 340 474
50 173 218 225
101 105 134 361
116 157 182 312
2 214 473 485
352 397 454 489
14 28 285 387
328 382 394 428
16 229 265 286
113 355 358 396
35 457 483 492
10 15 42 289
95 381 432 434
55 61 96 260
7 72 96 345
20 25 157 490
201 406 444 476
12 31 46 413
46 156 173 189
48 394 479 489
1 44 84 442
153 238 452 480 484
115 175 424 430 441
24 57 98 129 462
156 198 217 286 390
4 311 347 400 433
62 205 230 311 431
75 97 271 452 467
237 276 402 427 435
155 424 425 470 474
11 34 56 285 352
51 203 233 250 401
62 63 245 301 451
135 250 406 414 436
65 176 410 440 482
184 287 355 451 459
83 144 153 171 442
52 85 95 252 419
53 104 111 131 342
16 57 93 330 337
265 272 276 314 408
19 286 287 290 295
94 205 267 278 322
121 144 219 342 478
126 374 380 384 490
292 342 355 358 399
4 165 186 222 431
103 155 198 411 424
127 176 192 206 213
112 163 187 197 351
5 11 120 246 499
19 36 138 388 493
19 50 64 462 464
63 114 135 144 386
205 207 351 440 468
103 187 192 343 449
84 86 123 196 421
143 148 270 408 460
54 82 185 271 272
117 162 182 362 387
62 100 149 261 432
86 87 337 379 386
105 165 181 228 244
14 243 283 296 310
117 169 225 241 480
40 49 248 273 445
21 210 257 276 349
187 317 354 386 430
10 33 61 72 427
112 149 241 321 389
47 87 298 475 491
172 238 261 302 317
61 189 193 444 466
4 117 143 406 490
27 95 128 141 311
118 146 254 459 461
53 84 175 257 387
73 94 124 152 238
163 166 170 328 423
177 217 354 368 467
67 309 346 389 468
104 148 311 312 368
23 128 131 209 334
30 209 236 314 467
11 22 111 352 461
3 279 385 466 499
149 171 205 426 435
0 5 12 131 167
75 98 362 397 433
0 4 246 445 454
112 123 294 441 468
37 137 171 383 385
56 117 155 169 467
140 224 250 255 310
78 180 221 235 342
114 132 251 369 443
2 80 255 307 343
9 21 179 389 394
244 283 406 437 443
68 137 271 379 384
21 113 192 336 347
111 256 321 323 330
263 267 410 411 420
77 83 213 360 365
52 117 132 264 333
150 172 288 453 480
112 168 315 324 413
81 192 194 486 487
106 158 159 428 477
27 91 99 314 381
313 361 400 442 487
47 361 368 380 421
71 126 143 161 239
368 389 405 426 481
91 226 235 324 461
180 183 188 441 457
88 196 324 415 416
90 156 195 280 398
83 247 385 485 492
391 395 405 461 493
283 301 317 334 493
12 55 90 252 383
151 271 326 465 493
69 119 357 374 465
91 204 225 263 353
65 361 450 480 488
50 164 183 247 409
3 5 24 48 154
126 158 230 249 467
89 172 185 252 420
85 104 117 185 271
181 241 296 353 380
11 23 26 136 314
1 13 26 260 446
51 183 232 241 258
4 201 278 373 399
32 102 152 181 192
191 192 308 336 367
72 124 161 174 385
41 190 326 344 421
68 172 338 438 439
89 91 261 339 380
71 169 328 331 370
9 32 398 423 474
30 47 167 448 499
112 114 292 328 338
52 80 174 231 246
49 85 116 270 276
19 40 361 364 399
50 165 173 408 426
80 81 176 195 290
42 355 370 388 460
131 375 407 451 460
154 276 311 400 409
101 121 136 372 472
91 128 182 266 287
83 219 249 254 468
108 109 139 435 444
12 53 54 280 346
317 319 334 363 390
34 406 453 482 486
264 274 292 379 467
138 143 165 220 288
56 58 78 320 410
64 202 204 208 209
3 78 101 114 376
188 204 211 303 429
35 216 243 349 496
211 228 253 272 370
200 233 280 390 474
8 58 247 363 376
211 226 362 373 430
57 91 221 250 431
119 149 172 248 336
150 162 219 421 442
72 89 234 333 491
204 215 226 292 420
182 196 231 375 377
84 181 308 477 496
156 215 353 413 419
128 200 220 233 320
100 101 141 186 299
15 19 196 360 367
119 131 308 337 446
73 357 379 381 404
11 21 46 223 324
54 134 347 372 398
6 23 47 168 290
31 319 405 409 421
272 293 333 387 440
122 337 352 377 417
47 167 178 267 289
121 315 396 450 479
81 182 414 457 487
18 297 308 459 464
208 315 390 490 494
150 280 287 364 497
45 66 90 181 439
13 17 35 214 351
244 300 307 374 467
207 237 269 273 431
60 371 382 462 469
42 347 358 382 431
182 198 217 272 408
106 126 326 395 479
114 301 316 319 326
145 253 272 274 471
108 186 213 241 330
160 218 316 320 340
24 44 63 133 165
347 427 451 457 481
57 264 276 303 470
1 12 57 253 333
33 39 157 266 400
210 318 355 479 490
41 229 300 326 406
264 318 333 359 471
17 45 168 341 362
40 64 403 411 420
37 59 410 433 486
94 163 310 319 465
88 313 344 380 473 493
102 148 265 272 327 448
133 159 197 286 407 409
205 248 267 351 358 460
51 79 284 354 427 434
6 43 146 150 248 328
2 31 205 230 389 421
4 134 141 318 353 394
25 188 275 293 298 437
71 146 301 305 334 346
20 167 171 210 216 483
146 173 214 242 256 354
19 59 67 102 118 479
1 41 52 425 466 485
295 322 361 386 470 487
76 86 211 294 374 482
118 137 139 149 228 393
5 29 30 71 105 401
183 261 291 338 462 467
27 35 45 92 481 496
13 27 187 299 464 494
59 166 353 377 394 427
78 245 271 283 352 453
233 237 302 364 406 418
156 219 253 280 370 459
27 39 116 384 473 490
15 29 126 177 248 386
174 287 339 408 409 431
75 105 148 365 435 490
19 121 175 190 195 216
20 316 395 413 443 449
0 42 63 191 450 479
52 62 203 242 359 367
58 72 164 215 242 483
221 286 304 319 349 476
100 126 327 340 364 499
37 85 94 280 437 441
222 263 292 398 460 493
14 16 17 209 362 390
6 48 118 299 330 376
0 13 46 109 114 285
34 123 201 226 355 492
16 35 46 114 144 246
47 127 223 229 353 389
72 213 235 257 328 347
211 232 243 287 440 473
80 108 109 220 444 493
27 76 88 265 288 294
5 242 263 299 426 475
91 176 260 262 409 447
22 163 172 177 430 435
72 109 144 145 388 392
69 293 319 328 366 477
160 163 165 173 220 405
246 294 413 440 458 484
3 228 295 296 368 424
8 35 177 223 323 465
60 92 324 331 470 498
214 251 369 431 445 464
6 23 57 98 165 398
43 150 214 240 347 389
14 24 28 35 129 143
97 322 377 466 491 499
9 174 188 205 243 373
50 167 169 219 264 318
206 279 291 343 395 463
46 136 157 160 187 353
28 87 133 425 434 449
174 185 308 327 386 431
2 18 62 202 455 462
167 180 194 331 445 498
26 50 315 317 405 409
23 60 267 430 454 474
106 203 333 383 459 473
363 374 393 409 411 488
96 107 148 169 324 485
103 330 360 378 472 479
108 163 228 244 413 423
15 24 46 152 369 390
53 205 206 210 290 390
17 114 149 172 296 468
24 44 167 207 256 468
28 146 158 198 255 440
103 107 124 140 223 313
114 115 127 177 336 386
271 290 295 385 447 449
8 39 111 144 145 228
1 4 21 132 254 387
267 276 304 312 408 495
235 247 452 454 496 498
30 165 202 223 459 475
26 241 306 326 337 438
32 147 156 162 293 308
85 162 164 256 295 466
182 302 321 323 334 382
38 239 342 412 420 450
146 421 446 450 455 461
25 212 462 486 494 497
171 194 222 257 388 471
1 20 39 41 170 428
22 74 200 310 471 492
72 111 120 161 165 398
226 241 280 355 412 493
13 43 159 332 344 384
4 27 102 287 359 406
121 204 250 282 309 333
283 294 358 363 380 408
21 30 31 82 127 358
68 85 213 242 426 431
45 171 250 432 445 497
17 189 354 360 479 490
127 129 136 285 309 433
106 145 309 470 472 483
6 264 337 398 476 480
37 65 205 418 424 446
15 25 90 293 397 443
38 152 417 474 482 483
192 201 205 208 282 470
32 229 309 411 414 432
133 175 187 280 448 499
10 119 133 309 327 408
108 153 246 300 337 489
59 68 96 135 322 413
2 109 118 248 396 449
60 159 173 265 320 337
28 61 67 403 428 442
16 100 216 335 340 463
60 65 153 324 468 494
59 61 178 186 328 483
65 128 329 389 392 478
122 150 309 338 465 470
1 47 173 175 225 424
43 211 241 253 256 277
55 106 108 122 137 254
8 145 149 261 265 311
42 75 192 244 309 313
217 237 250 261 427 444
23 87 228 411 440 456
74 110 116 191 477 488
7 28 67 79 316 399
109 139 295 402 454 461
3 78 214 265 293 426
28 70 235 400 418 448
64 65 91 177 281 286
93 205 227 240 304 465
136 167 177 253 357 368 393
18 19 67 233 259 291 367
277 309 340 388 391 401 429
273 287 405 436 467 472 490
17 85 113 122 186 415 481
171 206 208 252 284 412 441
36 100 335 346 368 375 475
69 79 118 160 161 451 489
69 136 214 225 273 317 389
26 59 260 265 269 292 456
57 100 408 418 430 435 449
236 250 324 422 456 459 485
9 299 355 383 385 448 485
53 116 132 138 276 336 408
35 238 292 410 413 417 424
2 38 43 169 248 282 404
184 229 358 391 392 412 432
75 110 136 149 367 383 418
22 96 142 326 343 406 417
83 158 309 366 382 398 442
194 205 330 404 411 425 459
89 229 231 280 332 381 399
53 86 108 117 141 360 403
95 102 277 297 303 319 344
15 33 39 171 179 229 267
32 56 77 400 407 429 447
94 187 216 249 335 337 492
80 279 332 350 398 411 413
0 119 167 196 272 361 371
49 74 95 129 364 469 477
6 14 191 204 291 299 432
41 60 91 156 206 339 360
60 83 239 268 299 324 485
27 44 86 205 237 393 478
34 201 211 316 320 387 393
89 112 179 188 293 364 391
14 171 264 320 341 384 499
141 155 233 359 374 394 493
29 36 242 244 312 324 383
219 253 311 318 393 470 494
72 194 211 311 421 423 474
25 82 90 125 131 310 477
5 41 61 67 176 235 368
127 131 147 206 221 421 430
18 204 211 246 248 300 386
75 84 157 282 462 480 489
84 95 251 276 301 351 395
51 87 196 234 239 389 448
24 143 302 350 374 382 489
233 243 256 389 451 454 459
21 200 202 206 220 476 496
19 201 210 227 233 272 428
10 127 140 218 245 412 428
35 44 64 85 234 350 483
13 18 70 187 195 312 377
35 62 172 178 298 318 322
15 91 118 124 179 393 406
10 38 268 366 377 416 483
63 67 189 191 226 260 367
80 207 267 274 308 412 450
7 76 81 106 144 347 429
62 253 303 361 380 431 457
19 39 40 47 83 315 358
29 84 133 142 145 273 425
105 216 357 474 478 489 495
77 89 109 225 403 415 435
149 168 191 274 294 398 441
8 141 210 239 257 267 348
24 56 128 240 241 459 471
1 9 19 82 124 244 289
86 104 201 216 255 288 404
24 60 222 232 279 383 413
72 180 196 279 287 297 414
55 83 103 122 136 151 206
106 124 157 188 295 415 442
167 184 230 265 292 393 396
84 211 246 302 328 388 471
3 4 52 53 239 279 428
174 217 279 361 411 423 448
87 105 166 185 301 377 439
11 27 33 55 115 146 209
99 185 262 323 356 364 377
102 108 134 346 410 433 454
69 71 96 109 276 452 479
23 139 308 315 340 427 441
275 331 363 437 465 482 493
354 413 429 438 466 468 480
40 150 160 193 213 291 347
12 51 120 145 250 272 429
1 140 159 237 302 315 328
58 142 151 185 263 313 319
8 26 93 151 291 347 447
22 142 157 162 203 337 440
54 115 224 232 334 338 448
83 90 93 173 188 289 341
62 77 117 218 312 332 384
56 85 162 286 353 361 482
7 66 111 117 147 148 444
6 21 251 294 324 345 419
8 56 78 87 97 284 383
99 112 155 170 312 413 430
133 148 156 313 330 443 483
28 54 83 141 156 229 260
37 83 88 90 118 242 255
69 211 270 302 316 334 468
44 264 280 337 404 469 479
52 184 237 260 277 355 482
1 89 121 172 179 246 347
26 29 194 227 281 285 367
10 33 110 132 240 340 492
27 271 332 349 351 359 468
69 70 176 238 325 362 427
266 275 317 329 392 399 450
172 206 374 378 389 453 462
79 229 243 340 358 393 435
92 135 228 362 375 382 395
325 328 335 356 360 381 391
17 62 65 153 178 291 440
1 75 81 121 150 153 276
22 48 64 347 357 426 427
23 29 75 185 245 356 413
168 277 294 314 356 390 455
57 142 206 263 366 381 399
3 43 214 220 332 340 386
127 221 329 342 345 356 372
237 250 252 256 364 412 430
132 312 323 387 403 409 431
8 12 100 113 362 419 422
9 19 27 284 367 393 409
61 142 144 225 289 300 328
25 37 57 73 113 133 229
5 18 43 102 170 178 375
44 72 80 85 156 170 467
26 43 53 170 274 391 395
88 91 160 180 185 197 217
10 21 238 265 377 456 457
69 180 240 264 288 292 316
37 39 113 281 288 335 442
88 209 279 281 348 354 448
24 43 72 90 142 217 379
44 158 165 199 270 282 392
87 133 206 331 422 443 447
100 218 229 266 296 414 451
6 155 160 164 297 417 425
23 153 218 345 413 453 477
96 182 198 235 263 316 395 447
35 38 82 84 93 316 341 482
10 85 145 157 189 255 363 480
249 261 279 286 298 392 423 449
62 69 264 265 367 387 388 420
82 126 171 175 190 225 249 296
61 80 142 235 407 413 439 440
10 24 74 133 187 248 261 470
103 112 134 176 334 339 354 469
12 33 40 60 253 276 314 417
87 88 204 233 289 292 295 318
20 91 98 163 165 201 352 410
0 126 148 192 381 387 395 398
24 191 201 213 246 261 355 456
56 71 82 132 138 140 152 463
41 57 98 125 187 335 383 485
55 153 313 317 343 376 461 471
52 146 161 180 248 321 358 467
104 119 329 361 451 457 466 493
179 272 364 366 411 418 421 436
106 136 175 209 253 267 295 327
55 75 111 113 283 465 485 487
6 23 32 75 158 228 233 416
46 104 138 178 183 298 323 363
63 78 122 289 313 345 414 457
98 150 178 192 275 316 338 424
104 111 196 288 353 435 449 489
182 195 210 388 457 467 470 477
143 149 206 208 214 271 308 313
15 188 220 292 306 317 325 432
28 152 193 227 248 305 346 474
21 149 152 204 259 452 461 480
108 222 228 249 314 332 338 460
66 80 142 228 281 384 443 444
66 163 187 216 233 234 246 414
76 135 259 275 314 366 421 497
52 82 100 126 171 197 255 398
17 48 57 98 142 217 225 429
15 153 204 275 280 298 423 441
4 60 61 72 75 255 303 340
8 102 280 292 338 377 441 447
45 64 72 190 259 364 479 486
79 203 216 235 250 285 329 483
19 95 154 244 272 328 336 354
94 197 228 232 249 369 459 461
34 123 187 207 211 227 352 397
5 99 156 164 187 207 418 498
13 28 71 129 259 382 393 459
4 74 128 143 183 212 216 264
56 116 296 305 361 454 475 485
28 139 265 310 364 391 468 473
50 77 193 229 236 335 347 397
67 80 119 231 237 361 371 397
176 187 251 256 315 405 407 484
1 39 45 96 204 272 409 410
137 159 206 235 283 351 388 403
5 18 28 170 224 256 272 295
36 61 105 172 415 432 476 488
101 151 183 216 231 331 372 417
100 117 179 326 352 402 411 484
18 23 34 66 211 292 338 373
240 318 402 428 438 454 457 464
15 234 316 320 379 429 438 487
94 104 121 142 305 383 491 494
83 87 194 413 419 425 442 483
50 92 148 267 312 411 418 444
3 60 70 161 284 359 371 462
16 112 185 261 329 332 342 396
51 60 81 106 118 284 314 479
42 115 120 169 383 389 414 477
75 162 192 202 233 237 293 461
179 189 196 197 273 286 371 481
8 31 227 236 292 402 442 453
9 22 161 245 264 458 480 484
12 29 39 124 319 425 436 439
48 73 163 165 214 292 326 384
49 92 127 131 170 265 295 310
33 83 100 124 206 230 246 312
35 83 95 200 201 205 256 276
197 239 303 341 347 446 454 499
27 84 165 173 269 292 428 487
41 119 209 357 358 382 412 449
66 70 92 130 241 298 326 473
74 78 88 206 230 304 331 470
80 86 156 255 408 409 443 487
126 191 260 363 409 460 476 477
78 106 133 205 218 249 402 491
24 105 118 149 160 203 204 266
41 111 216 321 322 329 414 465
26 83 133 164 187 309 364 475
132 148 183 185 194 253 297 329
51 102 121 126 223 318 337 462
15 258 325 329 364 406 484 487
106 257 279 288 294 396 422 451
83 105 209 248 363 386 433 435
37 74 116 271 450 452 485 491
93 164 173 335 382 405 428 443
0 20 216 264 267 407 445 450
98 199 229 337 348 396 426 428
18 51 133 221 243 369 428 496
120 157 187 287 311 333 464 496
200 236 248 310 323 332 416 491
47 95 101 109 136 164 388 435
10 39 124 271 328 423 447 476
107 161 263 275 287 327 338 393
8 33 54 182 359 464 467 474
61 75 88 219 241 300 319 389
8 97 227 250 265 352 358 427
147 219 328 350 355 399 471 479
42 68 81 89 103 133 297 459
5 17 196 219 226 381 430 478
19 32 45 81 148 198 445 491
105 234 265 273 295 350 477 487
51 67 141 351 355 398 418 433
76 249 260 339 410 424 445 471
83 110 115 122 203 351 414 427
48 61 372 378 387 393 453 472
15 40 47 81 187 233 327 484
4 132 269 277 278 419 422 437
21 115 171 273 339 372 382 438
101 114 142 188 225 303 318 397
12 35 201 218 364 390 428 448
11 62 65 71 154 263 299 356
25 64 117 208 306 358 434 435
223 301 313 333 381 382 427 481
102 165 228 277 394 466 471 490
7 121 211 326 379 404 463 479
69 179 225 235 246 288 447 464
154 162 177 182 275 279 327 351
9 81 157 353 366 388 389 424
5 67 74 211 259 299 310 334
162 218 274 300 402 407 425 428
9 32 111 147 169 317 357 476
47 68 151 162 174 175 322 406
21 32 68 163 197 244 271 331
157 207 226 262 283 344 403 426
68 223 307 406 421 429 438 448
131 170 204 259 326 333 375 456
42 129 207 226 315 419 459 477
294 316 338 359 363 380 385 400
78 195 271 337 419 453 468 470
202 222 249 324 413 458 463 480
20 222 240 335 350 368 457 474
35 37 141 202 224 257 450 469
14 101 216 246 373 386 407 440
29 41 54 76 115 202 295 436
9 101 186 212 213 270 273 325
49 52 82 130 217 410 418 420 441
32 47 203 285 317 362 373 460 468
64 77 91 105 128 136 138 239 376
87 104 187 200 219 379 384 396 493
106 152 209 378 393 452 462 481 491
154 169 193 210 241 244 340 382 436
91 111 123 152 160 268 378 421 455
39 45 118 134 201 297 305 399 426
91 92 133 243 269 371 401 425 429
13 72 73 86 160 167 269 342 461
35 46 68 69 194 280 282 295 419
71 188 191 192 310 312 344 382 459
42 90 96 180 228 258 365 394 438
185 206 231 243 245 358 448 471 480
70 72 126 179 288 350 378 414 457
125 163 178 246 311 336 412 414 458
69 147 259 403 432 435 447 475 481
7 9 55 78 91 95 326 382 486
2 59 120 135 159 206 213 242 375
59 73 93 118 158 244 259 274 391
50 214 260 265 363 425 452 465 469
9 10 14 108 181 230 361 392 430
32 54 83 90 157 164 170 399 436
26 94 177 272 275 288 307 402 464
42 87 133 151 267 308 342 439 469
0 64 65 72 75 99 225 452 478
49 225 241 248 294 298 402 425 460
54 85 87 307 308 339 380 428 493
38 67 256 298 329 416 437 445 452
160 175 221 239 252 297 315 362 377
73 84 99 119 177 225 341 345 496
10 62 158 171 202 236 301 424 446
4 52 99 111 134 253 356 360 418
133 149 191 203 210 459 461 492 498
32 102 135 140 186 314 401 450 465
7 20 50 58 71 405 418 440 495
28 77 104 115 161 258 433 440 461
42 113 124 127 217 248 383 459 480
90 153 164 165 180 209 228 282 405
7 28 31 163 170 262 314 462 474
87 139 178 250 266 389 433 479 497
4 54 60 70 86 99 128 177 225
52 61 92 154 228 231 283 365 370
82 108 112 132 134 273 303 424 448
76 167 200 230 231 255 394 442 496
83 129 339 421 424 439 443 468 499
5 98 113 201 228 237 240 287 313
14 49 133 146 182 244 374 397 412
90 177 201 205 251 261 362 378 456
13 14 188 250 308 374 388 410 466
260 266 276 280 367 382 407 420 497
8 83 86 105 202 297 319 461 474
3 12 24 35 121 192 256 286 339
8 164 176 249 268 270 286 450 461
80 91 155 253 266 289 465 473 496
69 80 185 192 216 318 334 420 463
100 109 220 243 246 272 310 348 459
10 21 31 47 342 380 476 480 499
34 91 151 221 233 281 325 418 460
195 218 219 251 260 274 321 351 427
256 293 294 350 351 403 416 431 490
131 132 220 221 229 295 368 467 478
13 118 178 309 326 355 417 452 476
75 104 138 150 162 198 326 401 494
70 166 316 337 397 406 410 443 487
88 123 176 179 199 212 225 240 308
62 167 173 208 310 317 417 454 474
44 84 176 231 265 399 410 424 475
47 164 219 222 235 318 327 360 447
26 45 198 205 287 293 305 344 387
32 65 225 228 238 282 375 389 447
76 140 150 159 182 256 411 424 428
14 22 52 71 75 84 289 349 447
2 14 39 46 110 130 148 158 178
27 50 204 265 296 423 455 462 474
41 73 112 152 175 187 246 312 421
19 42 100 128 176 223 251 262 302
30 54 167 181 201 290 337 386 420
239 244 253 337 342 355 360 397 488
25 89 108 148 166 169 250 258 267
54 118 163 164 212 230 337 423 449
116 139 175 304 316 391 405 419 464
29 82 162 163 316 328 355 414 498
4 5 27 81 258 454 465 471 493
4 62 89 109 151 157 249 374 477
68 76 176 297 359 372 452 462 473
55 57 142 155 202 311 323 344 350
71 78 80 138 215 223 328 463 492
133 157 164 178 227 311 367 431 443
103 127 169 211 214 227 355 361 420
12 23 71 150 219 337 403 405 476
23 32 114 220 364 410 455 463 474
6 26 257 328 349 360 425 426 475
12 108 110 268 293 465 479 492 494
102 253 314 337 344 348 414 467 496
1 83 87 107 208 340 373 474 499
51 56 98 159 167 199 256 299 395
32 67 131 296 395 458 463 482 499
21 45 217 220 243 270 382 397 496
6 26 30 294 325 331 351 352 476
35 135 146 153 165 173 184 267 490
3 30 186 192 228 363 378 384 407
36 48 50 51 68 223 236 248 353
2 41 137 162 191 192 211 296 358
29 77 89 152 206 254 263 462 495
100 104 163 221 250 282 337 339 414
76 92 114 133 293 405 429 492 494
110 194 196 238 296 305 344 371 400
27 30 91 95 155 227 280 321 326
18 42 141 172 215 401 435 461 497
22 26 73 97 179 186 228 485 494
40 61 114 132 137 145 247 423 452
42 114 115 269 320 365 387 436 483
13 62 117 135 356 444 460 468 469
28 54 112 145 327 334 411 412 443
119 133 144 179 236 302 303 330 437
29 90 246 336 386 402 428 430 481
55 90 99 133 259 318 347 440 496
102 131 174 203 292 358 378 409 432
56 184 188 194 217 254 401 420 490
103 123 143 193 324 410 422 446 487
213 242 256 281 283 284 324 346 485
109 128 156 228 284 296 297 413 470
63 191 206 287 289 330 448 459 486
113 181 224 226 257 264 278 280 457
10 175 180 229 238 245 279 301 335
151 159 170 312 360 362 370 376 417
58 69 163 217 344 367 436 439 489
24 27 66 120 284 306 353 380 435
48 225 342 345 361 412 423 429 444
9 16 42 151 163 174 192 435 482
19 23 39 163 173 213 328 444 465
98 120 140 150 185 188 197 231 423
28 30 60 110 132 157 351 393 490
32 54 61 107 111 169 306 322 444
91 102 160 344 398 404 451 484 490
11 29 40 126 157 200 343 359 439
215 224 242 243 394 408 445 450 494
52 99 171 175 186 209 282 306 346
83 137 155 172 224 234 255 417 487
115 118 197 231 301 319 357 413 459
147 213 234 241 307 419 428 437 438
18 159 165 198 272 290 300 403 405
76 160 202 213 222 277 309 352 441
42 62 134 154 155 272 281 298 470
65 95 115 236 248 347 360 398 467
2 17 29 91 217 383 449 463 471
2 36 37 169 196 231 358 386 439
105 212 213 275 280 399 440 452 465
29 96 99 178 278 301 312 316 461
44 82 202 213 262 317 358 385 466 483
33 40 112 123 240 337 378 409 423 493
31 92 93 313 331 370 414 438 492 493
0 38 107 147 242 255 306 326 435 498
146 254 260 262 286 304 319 460 488 498
17 58 110 132 141 287 305 375 379 455
37 123 213 223 232 327 343 410 489 499
53 89 106 126 173 205 291 415 480 495
8 152 161 279 283 289 320 374 387 419
11 86 133 185 207 296 324 405 420 439
103 131 158 182 197 314 364 382 388 426
42 51 118 162 259 264 270 319 367 416
30 84 101 109 182 243 316 332 349 473
73 97 151 201 320 342 371 394 417 445
13 22 35 273 302 361 374 406 414 463
3 192 201 249 367 386 398 413 460 483
22 118 132 159 192 229 262 284 300 301
2 32 120 121 149 305 324 345 383 413
61 86 105 285 292 304 319 327 383 462
49 51 156 176 245 258 308 329 398 476
4 7 69 145 149 171 180 184 409 426
114 178 209 215 236 243 350 442 463 498
43 69 164 177 248 253 279 379 390 437
30 99 188 198 342 389 444 459 474 481
81 83 97 117 124 151 205 226 245 432
1 15 99 259 299 322 328 373 437 464
11 12 43 225 255 336 338 419 442 461
15 122 142 183 186 207 269 271 309 486
27 40 46 66 155 165 224 398 438 489
3 16 106 113 141 282 302 346 360 392
10 55 61 169 194 209 217 353 361 482
130 145 151 261 355 360 362 363 405 453
99 178 189 201 224 332 374 392 441 485
8 142 186 251 269 297 308 323 333 486
37 75 135 139 180 203 206 308 329 390
0 7 47 72 89 317 375 434 443 499
26 49 114 125 233 385 388 438 454 475
119 167 227 231 255 257 363 402 491 499
32 45 73 224 246 258 327 374 393 408
66 87 119 204 213 264 312 314 324 361
1 10 20 206 242 349 360 417 440 497
15 33 237 243 280 305 378 458 461 487
18 98 109 179 208 286 324 345 411 424
95 128 228 245 248 314 336 337 426 491
65 96 111 141 215 247 281 322 330 490
73 128 133 315 317 363 386 427 455 491
0 59 66 152 177 186 287 303 317 468
37 60 63 87 217 278 288 431 444 478
31 33 67 265 312 367 396 419 441 450
12 63 135 142 187 193 321 350 375 426
25 44 119 227 237 250 359 376 389 425
0 18 95 135 216 240 360 409 494 496
137 238 240 344 347 348 410 447 454 485
4 20 29 39 85 91 255 300 394 456
51 93 129 212 277 310 372 380 476 497
12 32 140 208 246 264 270 283 322 401
8 28 112 138 142 224 243 304 371 395
32 42 131 155 211 232 278 327 399 471
99 116 131 194 245 352 380 402 409 420
55 68 103 106 205 208 359 462 467 472
0 3 7 24 32 40 134 137 393 491
82 102 106 140 266 285 313 350 376 472
28 32 36 68 136 177 278 329 388 462
25 100 107 143 183 313 316 339 360 453
78 94 138 165 200 214 237 300 308 334
81 127 175 205 232 305 370 385 481 499
227 267 316 318 385 417 431 441 462 499
74 128 178 327 400 417 424 445 446 456
5 9 97 118 208 231 248 332 438 477
116 211 241 244 262 307 315 330 368 451
96 117 142 242 324 329 393 402 403 427
8 67 79 86 203 255 258 359 437 476
70 82 191 207 376 429 440 444 458 474
20 103 113 164 175 230 237 330 378 428
3 22 82 85 168 210 269 369 422 464
8 145 173 267 276 282 343 352 406 423
28 33 34 106 136 181 265 331 468 499
35 41 59 73 226 331 399 474 484 488
101 139 143 149 171 212 242 292 321 425
30 155 174 180 247 253 275 288 337 421
88 203 221 301 328 333 384 390 424 473
49 56 66 90 275 295 322 325 367 444
100 105 117 118 182 211 276 293 336 382
40 175 230 247 249 372 426 448 450 452
33 196 228 266 304 351 353 358 434 463
40 54 65 74 164 209 242 386 431 493
55 68 108 142 160 198 263 333 365 395
27 60 66 81 167 201 282 323 366 438
138 259 261 263 269 306 350 358 438 472
57 68 95 174 279 317 326 436 456 480
67 82 99 194 198 206 213 242 386 387
32 47 145 211 280 367 379 392 466 498
2 93 237 249 288 371 384 428 466 487
8 25 65 66 173 192 270 291 318 457
22 162 166 200 231 278 376 400 422 479
23 193 215 222 334 386 399 410 413 493
27 52 119 159 186 241 332 365 418 433
75 243 267 312 318 319 339 368 383 474
1 13 61 154 186 307 310 366 403 443
13 41 122 188 212 227 255 367 393 401
207 217 231 278 320 347 380 414 468 472
37 132 136 313 391 393 399 416 430 471
198 240 299 318 403 415 431 436 476 488
37 222 229 240 241 243 257 268 290 481
49 154 159 189 207 250 284 289 330 343
19 94 128 137 207 399 404 412 465 469
0 132 209 248 259 299 408 431 444 498
37 76 142 200 211 220 243 268 334 456
34 41 81 188 198 265 309 345 426 439
45 130 201 231 304 318 327 387 466 467
67 70 173 187 193 272 308 345 478 498
5 11 17 151 173 197 289 330 394 489
57 59 77 99 118 235 281 320 354 412
34 74 86 136 153 183 266 297 462 475
85 165 169 325 340 412 426 434 455 494
34 39 58 85 102 219 346 410 427 458
56 100 131 133 169 199 255 300 382 474
31 42 200 223 237 295 358 362 364 408
16 37 57 73 96 203 313 438 448 453
122 166 244 261 279 297 308 309 424 428
25 57 95 98 151 155 157 241 255 270 365
2 29 99 115 124 128 175 186 188 277 281
95 198 211 324 325 338 339 352 361 362 416
167 176 195 270 282 298 311 319 399 454 484
13 20 26 61 163 187 202 209 249 336 341
6 17 24 155 174 178 220 276 382 385 489
22 104 120 142 183 236 248 389 436 442 464
1 21 37 159 166 218 296 298 357 361 467
124 134 147 164 171 189 312 355 379 413 472
50 51 75 195 209 221 261 267 340 422 471
44 87 113 177 188 195 258 267 285 330 441
9 83 149 241 365 367 409 438 460 484 493
39 252 253 282 295 354 355 364 439 457 498
79 94 143 214 264 306 312 331 349 456 490
12 84 98 116 201 308 363 386 388 395 408
20 52 109 117 170 253 320 338 404 439 496
11 14 259 275 277 288 294 425 440 459 479
65 106 108 119 128 141 150 212 265 292 489
1 15 40 135 169 230 277 290 292 299 305
106 158 283 321 349 382 419 424 427 449 461
14 62 83 91 151 203 209 240 301 338 376
13 31 75 94 108 140 147 331 343 388 406
17 48 107 139 155 206 232 297 320 322 343
36 50 75 100 114 131 376 381 412 459 477
93 185 189 279 285 294 316 406 448 467 481
35 45 85 146 150 159 175 182 201 363 384
117 127 186 218 252 257 360 426 438 442 447
77 169 172 186 217 257 345 371 400 437 457
28 75 117 120 140 193 240 253 258 432 465
87 167 168 254 258 266 286 345 371 412 488
69 91 217 227 234 239 244 250 298 402 440
130 131 213 270 281 383 399 412 448 459 483
10 19 24 196 258 268 304 360 389 409 461
30 54 78 149 164 196 216 221 233 444 465
40 87 168 169 242 287 411 422 440 467 470
57 176 196 222 286 298 353 378 391 471 480
24 73 102 181 317 338 424 438 439 464 492
49 59 92 118 172 272 386 447 463 487 494
4 20 21 29 30 121 131 139 188 211 468
36 62 115 204 255 256 257 281 405 436 464
11 55 63 66 79 185 194 313 335 455 494
21 26 106 117 141 184 196 278 384 399 408
3 24 35 75 98 165 245 252 255 371 415
48 117 149 165 261 414 441 451 465 486 497
56 129 147 190 196 199 256 258 410 442 467
33 102 133 140 183 218 270 337 367 378 469
5 16 29 107 155 159 204 229 241 299 312
8 29 122 143 150 176 179 271 328 386 414
0 12 132 140 165 189 226 287 297 362 445
1 88 110 148 374 387 414 417 428 433 457
135 155 198 258 293 327 363 376 412 423 433
22 32 33 39 94 141 144 162 257 379 383
92 134 142 170 307 308 329 391 393 413 477
22 27 90 99 186 210 264 265 321 467 494
13 105 177 230 283 328 337 341 386 389 446
98 114 213 290 309 310 312 411 429 463 497
49 70 81 175 240 267 316 333 340 356 429
30 31 33 41 63 139 236 270 385 399 466
127 150 153 155 201 273 326 412 452 486 488
77 206 209 218 232 315 316 323 366 432 487
10 49 52 354 357 381 386 404 431 437 440
16 153 253 350 403 419 420 424 432 437 453
3 7 14 88 167 223 266 290 329 383 403
85 88 93 123 178 260 269 270 387 398 438
91 148 185 196 219 299 303 375 390 392 472
54 107 126 189 209 236 326 338 348 467 487
13 46 112 142 201 264 304 307 342 344 422
67 101 253 282 294 308 338 339 422 425 430
31 96 108 125 145 166 171 192 221 313 328
3 38 99 229 244 245 266 400 403 453 465
26 34 52 110 120 197 258 304 337 409 477
60 101 108 114 135 193 250 341 342 467 489
8 38 72 91 106 160 228 289 308 325 407
58 115 127 194 212 237 271 330 355 394 399
1 45 131 132 149 236 284 313 375 388 457
102 110 143 162 174 188 267 299 302 348 449
2 14 49 101 122 184 279 296 436 476 494
83 107 116 142 258 300 324 387 431 478 493
52 110 116 127 140 150 180 197 305 343 474
21 136 153 201 220 239 300 315 317 490 495
7 65 82 251 262 265 350 381 415 462 473
49 92 186 339 404 407 421 426 458 485 489
4 8 39 101 116 242 247 270 337 481 491
114 137 226 296 321 324 326 414 438 484 489
23 79 114 170 186 261 289 337 362 392 427
80 173 192 207 216 230 235 253 383 460 494
4 7 19 44 122 180 181 286 328 348 426
51 100 104 210 229 238 339 351 395 404 418
72 81 115 222 226 283 345 375 393 397 474
11 19 73 217 282 373 383 449 489 494 497
50 58 73 129 134 256 272 305 324 476 499
5 19 53 59 170 250 268 347 392 457 484
22 25 100 140 142 145 161 180 194 246 459
4 45 68 73 127 160 216 318 393 479 493
99 124 126 165 185 192 209 304 387 450 496
19 42 83 139 195 249 401 404 407 433 471
3 83 92 125 155 182 254 278 372 386 474
81 167 186 213 240 280 408 455 459 481 489
25 29 32 149 173 185 188 224 373 452 464
9 59 147 187 214 242 281 285 337 409 433
4 23 42 69 150 230 248 265 268 284 348
52 148 182 229 237 238 286 336 353 397 409
23 143 165 189 236 324 382 407 415 469 487
7 54 59 109 118 146 204 228 231 236 238
26 32 78 100 105 139 225 277 332 432 439
7 36 88 107 154 168 197 268 300 312 444
115 261 289 295 332 401 402 424 431 460 498
9 55 58 78 112 141 335 344 440 449 496
114 197 204 227 318 332 338 394 418 445 499
12 55 77 115 180 210 260 261 296 445 462
18 37 57 91 164 364 378 381 391 392 467
140 149 312 331 378 392 394 402 436 485 490
105 113 170 177 178 187 197 287 424 461 470
46 72 99 118 145 266 301 302 321 361 372
10 16 73 113 116 180 251 260 294 354 402
4 21 85 195 294 303 353 411 425 444 480
52 130 189 256 265 317 338 404 406 407 493
50 67 76 124 210 222 333 364 413 447 450
87 106 113 128 227 228 300 336 351 370 491
4 30 58 67 120 136 273 302 371 415 435
30 60 86 100 237 306 335 379 381 413 455 493
52 155 212 241 263 267 289 347 378 416 464 488
20 21 188 246 261 309 324 357 383 384 385 398
28 81 138 179 236 305 346 361 377 395 396 495
105 190 204 244 250 303 379 396 436 455 458 484
31 95 161 169 185 190 197 308 330 350 408 475
71 76 128 152 259 348 360 385 400 411 430 431
20 35 40 55 72 92 105 116 250 321 328 366
21 92 129 134 164 215 224 275 337 349 397 466
95 128 191 241 249 336 342 354 428 429 440 482
54 60 70 98 129 162 163 242 277 356 385 463
15 128 143 247 270 284 357 431 449 461 465 495
38 69 85 180 191 304 327 340 354 390 394 445
61 103 147 207 230 247 334 371 385 455 471 487
19 26 39 149 187 266 283 313 372 409 459 497
0 143 176 180 259 285 300 316 333 345 409 462
60 131 147 202 221 324 330 400 402 433 456 487
20 247 250 332 336 340 346 411 441 462 471 472
5 13 25 39 184 221 281 293 314 322 463 487
52 167 250 299 300 320 332 336 360 469 487 494
40 128 171 180 191 203 226 238 270 278 335 379
93 109 116 118 171 180 304 308 324 340 471 478
2 27 35 61 118 137 158 221 226 231 415 453
91 104 113 138 143 184 200 285 287 359 415 453
6 53 98 127 129 210 223 247 334 350 389 397
32 97 116 140 158 241 360 361 394 447 479 481
11 17 46 72 144 260 273 288 331 393 401 489
39 137 178 244 271 282 317 324 367 388 406 414
7 32 55 77 101 120 141 154 186 254 333 489
90 135 140 209 226 235 341 423 449 451 476 498
20 42 111 128 154 221 225 254 276 361 392 446
11 21 43 69 196 211 212 227 286 369 378 495
15 42 135 156 157 172 223 225 227 232 305 454
61 66 67 84 158 176 188 275 321 427 436 459
1 86 143 147 165 292 294 388 394 396 404 487
13 102 166 276 301 311 313 344 435 463 483 489
0 135 155 174 256 258 262 268 296 422 430 465
6 133 140 161 174 304 319 326 377 402 459 463
37 40 119 174 278 299 377 388 404 410 419 479
28 78 135 169 224 264 270 322 358 381 395 495
0 10 68 86 207 214 307 335 358 372 436 476
15 46 111 121 127 140 171 227 234 272 278 421
2 7 67 80 116 141 228 337 340 390 458 487
40 69 94 105 111 113 133 167 204 245 246 415
22 69 108 195 199 242 246 258 280 365 367 456
16 49 93 125 207 231 309 351 360 374 381 393
37 114 123 136 168 179 253 272 327 436 445 458
69 154 198 239 291 322 346 360 402 405 421 458
20 31 79 90 111 148 150 232 325 353 445 485
11 99 105 148 198 200 211 236 310 323 354 402
60 71 123 163 167 315 375 410 415 465 475 479
17 107 116 124 129 216 227 244 280 353 361 449
71 89 94 115 196 207 267 344 406 471 479 493
43 45 54 79 112 149 299 335 417 454 482 496
36 42 51 69 108 127 198 201 223 412 424 437
11 47 48 51 67 106 185 313 363 369 446 490
59 96 169 216 279 288 296 323 341 350 478 494
11 59 64 66 95 123 190 202 341 451 491 498
0 8 26 59 111 119 123 148 222 232 267 291
17 21 29 108 155 161 238 260 324 343 397 496
9 57 71 109 120 149 185 329 383 395 401 440
18 95 118 120 287 337 351 389 404 429 460 481
12 21 41 108 160 170 276 326 448 449 464 468
76 129 156 182 183 247 329 373 412 422 470 498
58 76 188 204 230 312 343 395 396 450 455 473
33 92 138 140 145 177 258 289 328 453 473 486
18 51 63 93 120 162 191 311 354 361 449 451
60 84 120 140 152 155 229 327 339 372 393 452
12 53 119 137 256 258 350 382 397 414 479 497
50 61 163 193 199 309 316 332 349 392 413 477
26 68 142 163 188 206 220 352 400 412 421 479
59 68 75 99 105 112 126 188 264 284 370 488
5 126 135 159 176 192 206 226 235 388 430 447
176 220 231 235 267 268 276 295 455 459 470 491
55 84 90 113 177 231 256 302 360 456 464 482
24 70 81 158 193 343 355 405 452 459 478 496
11 20 24 33 82 167 217 256 291 351 483 490
118 166 190 249 275 278 331 332 355 363 413 449
77 105 117 144 163 165 170 200 216 369 438 453
18 26 96 194 295 325 371 385 390 439 455 465
24 108 113 122 151 182 213 281 288 402 431 457
68 82 106 111 150 177 198 291 361 383 432 495
25 124 202 242 267 277 360 362 368 378 454 482
78 110 201 305 307 317 339 342 351 376 456 494
161 210 243 279 285 343 366 402 405 422 429 487
46 65 83 90 204 215 230 249 286 369 379 401
40 47 119 120 272 347 351 370 419 441 460 467
12 91 139 152 163 186 309 315 334 419 433 475
12 17 56 59 143 248 249 296 352 402 410 485
22 55 189 210 263 268 283 296 314 428 485 486
44 124 199 261 294 320 386 395 415 444 476 496
1 34 63 86 102 177 277 360 369 423 479 486
8 24 96 158 162 219 237 337 417 473 496 498
60 155 173 174 192 240 256 261 459 464 480 498
20 22 150 167 280 286 309 369 371 420 430 450
6 34 44 123 137 248 290 310 451 460 469 493
67 153 161 272 301 304 330 337 386 393 401 458
35 59 103 222 265 276 280 363 370 372 393 408
185 192 201 204 244 337 357 394 412 472 495 499
26 33 82 161 164 193 213 363 470 475 483 491
51 60 188 253 303 324 341 344 370 429 437 485
14 31 47 186 241 246 259 308 314 418 468 491
16 54 91 98 106 143 159 174 213 273 459 489
12 41 43 55 66 71 95 163 171 331 376 430
76 127 163 173 275 282 353 356 390 490 492 499
60 80 111 173 193 260 300 349 351 354 357 479
12 15 35 40 104 116 159 164 287 305 324 434
9 13 15 62 239 254 296 299 324 404 407 489
170 179 202 296 314 329 352 366 387 427 440 478
31 159 163 171 189 236 315 368 391 438 446 466
86 149 179 205 242 291 308 427 439 454 465 485
11 39 50 52 98 243 299 338 345 400 425 490
74 83 97 193 194 249 254 272 281 301 303 496
10 32 57 105 119 146 199 236 283 332 491 495
11 82 87 106 154 178 250 362 444 447 484 489
38 166 176 189 198 209 261 306 349 352 375 410
109 122 133 134 194 252 345 359 380 421 451 487
0 20 48 160 184 265 281 301 337 344 482 490
102 112 123 135 149 191 240 281 301 414 445 448
78 112 197 198 255 281 351 360 366 397 452 460
18 133 144 155 187 188 207 250 276 281 310 391 422
0 3 48 137 160 170 186 194 199 313 334 384 476
22 51 77 133 135 143 146 175 225 256 332 343 457
11 47 82 149 193 206 242 279 330 333 339 428 492
44 52 75 143 150 210 242 314 325 408 432 467 471
37 65 75 84 95 115 241 253 260 332 342 366 482
35 43 105 204 212 260 305 312 318 340 419 438 447
66 103 117 175 180 181 232 262 266 298 379 435 448
21 43 45 66 88 123 150 214 285 301 363 364 383
42 90 117 159 166 275 277 280 315 354 359 375 419
158 241 245 246 254 270 286 295 341 361 364 367 390
23 45 55 65 132 229 261 273 302 321 382 478 496
60 87 125 236 238 251 253 326 327 345 367 440 460
54 56 59 86 107 166 173 201 229 247 329 363 374
20 34 59 253 282 302 310 379 388 432 454 472 492
42 56 106 189 232 253 269 308 317 345 358 421 449
40 99 154 211 273 277 282 313 396 440 441 477 494
69 127 145 169 206 313 318 328 387 409 410 462 477
20 75 149 188 210 259 314 321 331 354 393 437 465
10 23 143 144 165 178 227 336 348 437 455 463 485
7 23 64 100 101 145 182 199 201 230 312 337 467
5 64 117 118 126 150 198 377 433 467 472 475 478
50 60 74 76 85 144 150 195 289 368 404 426 492
122 127 129 131 156 251 258 388 428 438 452 473 477
6 81 83 98 102 215 274 275 295 352 447 455 476
8 15 28 30 47 172 176 256 373 411 414 471 499
19 103 165 187 189 240 251 287 303 306 328 395 486
29 41 155 206 282 295 317 318 327 369 406 442 494
29 80 102 138 194 203 254 268 293 294 348 384 489
14 73 144 161 167 168 206 223 313 316 322 353 471
53 113 114 191 252 272 293 302 315 317 365 392 396
48 76 87 108 119 249 279 300 326 334 337 346 476
66 96 112 116 130 187 223 292 315 343 369 371 398
4 98 163 169 173 177 260 323 328 330 391 436 496
32 94 114 115 157 242 364 400 403 410 427 456 499
163 194 198 220 258 263 296 299 322 328 349 373 445
3 15 188 271 275 283 311 331 357 366 445 464 495
160 176 183 191 224 274 312 317 378 400 434 465 498
79 97 99 135 187 199 208 242 261 344 349 388 469
4 5 104 176 179 194 209 216 244 285 314 464 494
22 45 58 89 123 229 231 275 276 318 451 455 479
10 45 62 164 166 215 223 281 289 421 433 461 486
57 80 109 110 183 370 397 413 418 428 451 465 474
29 124 166 201 308 361 381 398 407 418 436 489 492
3 113 149 169 174 264 313 382 412 448 451 488 495
11 30 36 53 75 77 159 191 198 344 358 369 477
13 34 84 108 113 126 166 167 254 388 430 451 489
38 95 177 182 206 229 244 245 259 318 326 470 485
13 34 40 44 74 81 89 128 199 246 348 363 399
46 101 184 211 216 241 246 248 249 278 350 355 466
45 81 126 145 155 198 278 316 317 385 427 429 499
37 53 106 185 252 284 313 431 461 464 472 474 495
26 36 47 62 87 106 116 176 228 302 390 460 486
38 42 128 172 217 231 251 254 291 366 431 432 439
104 115 202 227 254 270 284 306 342 360 371 399 454
17 116 160 319 364 406 407 408 413 430 451 453 473
64 97 112 120 145 155 162 196 259 379 393 468 472
78 79 86 98 107 173 177 358 420 431 481 495 496
13 34 59 83 94 113 141 174 215 227 327 389 482
15 35 143 153 195 236 276 282 342 382 390 394 395
58 63 66 139 148 153 163 177 193 214 232 471 497
5 61 93 178 198 225 264 268 323 327 350 447 461
11 36 101 192 226 282 363 406 408 437 444 458 462
23 78 103 105 124 199 254 284 349 433 438 456 471
9 77 83 103 132 268 269 282 348 375 376 452 460
112 140 161 216 227 231 249 272 316 326 340 407 485
2 14 33 67 70 84 109 137 176 272 426 428 473
58 88 98 104 173 195 321 328 332 357 442 470 493
10 103 110 134 177 241 264 286 298 308 423 429 443
19 47 191 217 219 321 345 372 400 424 454 470 482
17 190 193 234 240 249 321 373 396 426 432 458 479
17 108 161 175 215 222 227 265 314 341 386 400 437
0 3 41 202 211 274 298 309 324 340 360 437 485
29 74 133 146 243 372 396 402 417 419 447 466 468
53 59 107 142 161 192 264 296 315 336 395 404 461
47 90 99 111 159 197 288 292 374 377 385 406 447
32 58 77 147 158 224 242 298 319 346 385 387 427
23 24 36 62 176 192 266 270 339 373 388 392 431
7 132 148 162 249 355 393 430 432 444 446 449 474
85 128 144 175 176 207 210 276 346 379 395 413 471
40 50 86 94 125 181 207 223 276 290 323 380 449
58 127 129 206 259 273 290 384 403 405 418 478 491
58 65 67 104 173 193 198 260 274 280 338 361 395
16 56 72 84 189 196 197 246 339 342 348 439 449
6 22 46 118 191 196 201 288 371 409 432 441 495
14 40 143 176 201 204 230 315 328 336 369 377 417
19 99 121 213 237 265 293 307 321 326 328 332 384
51 56 100 109 159 168 173 201 204 382 398 440 478
3 12 31 32 44 196 198 218 285 307 377 416 418
117 119 174 219 249 261 285 288 290 361 431 444 479
23 29 83 84 102 156 166 196 230 287 347 377 498
6 118 120 143 198 221 248 311 358 366 408 426 456
15 57 63 66 98 147 158 190 215 252 336 421 493
52 111 113 122 158 235 272 293 426 442 455 489 494
10 14 15 18 40 75 176 252 312 360 399 453 496
9 22 53 56 77 127 137 151 178 214 245 302 435
111 209 216 226 229 230 241 277 351 375 381 419 443
51 106 130 145 148 153 239 306 347 390 409 426 434
101 108 124 146 167 169 174 185 273 291 302 370 387
4 30 149 195 256 259 322 404 409 449 452 457 477
12 69 96 112 129 151 252 302 306 423 438 470 481
8 22 49 56 68 91 183 202 232 234 379 389 495
65 99 101 123 131 171 250 268 338 426 453 465 495
35 48 94 102 250 270 297 305 341 366 373 393 440
128 183 206 216 225 239 262 324 394 409 425 448 486
33 44 61 71 78 114 126 193 199 268 354 360 386
47 111 116 131 148 164 197 245 255 299 380 394 441
14 66 229 239 256 300 312 332 363 367 375 391 445
6 57 58 67 157 194 255 272 294 402 421 475 499
7 25 60 121 125 149 300 301 362 374 383 444 458
28 65 70 73 81 97 128 201 240 269 316 349 402
29 95 119 193 231 246 266 284 293 350 443 469 495
96 104 117 138 148 199 216 244 308 383 413 455 458
103 115 133 190 275 315 330 380 383 448 453 464 475
20 31 68 111 174 186 207 306 356 391 428 463 480
124 144 169 231 233 237 241 271 275 372 390 422 490
201 214 225 233 300 302 310 325 344 409 415 421 498
35 107 139 158 232 263 319 330 366 450 460 477 480
21 31 96 246 262 276 317 350 358 366 441 455 484
30 56 83 123 141 157 290 301 310 354 385 416 490
40 87 171 179 211 261 300 341 343 366 371 412 414 495
15 52 102 116 135 141 197 243 254 309 311 323 328 354
58 123 152 156 192 216 224 273 312 365 427 439 484 496
70 115 127 130 149 196 200 213 231 233 275 296 323 404
6 66 90 117 131 210 232 267 327 350 376 477 489 495
2 12 51 73 137 142 231 235 299 347 360 390 417 496
32 55 61 71 80 103 122 130 167 235 375 397 418 472
44 71 108 160 246 267 306 308 329 360 364 385 469 478
56 111 191 215 223 230 274 277 321 330 399 421 433 484
19 54 56 80 101 110 120 131 145 250 301 308 330 357
13 14 24 28 31 37 147 172 184 279 323 388 390 468
116 169 190 191 200 242 284 311 323 341 401 432 434 468
58 83 118 123 145 160 214 259 270 282 315 454 464 480
10 95 100 102 109 121 158 180 225 315 405 449 465 488
41 73 81 94 100 198 250 252 271 278 286 291 407 470
23 58 61 64 100 106 132 140 205 210 238 415 472 480
46 52 55 73 137 239 248 313 357 360 366 387 451 475
78 98 157 193 242 264 273 274 278 356 377 404 479 496
47 63 128 139 140 202 260 286 307 340 418 432 484 488
57 71 84 103 132 149 173 188 200 255 330 416 461 469
18 70 77 153 194 197 267 307 341 366 406 420 452 467
29 39 90 145 154 194 205 219 248 255 269 309 438 446
69 164 172 196 237 242 285 295 304 321 340 424 438 461
62 64 100 155 156 173 191 197 224 302 396 416 440 458
4 16 21 76 83 182 198 204 259 298 299 416 420 494
26 45 61 68 82 120 133 181 186 229 362 396 471 489
59 74 82 99 118 134 183 196 236 263 337 437 452 486
90 131 142 165 185 216 244 260 379 390 410 414 446 471
50 61 89 93 100 102 128 172 291 311 381 444 488 499
109 117 142 156 168 177 197 200 228 281 366 395 482 491
22 57 70 102 115 132 146 166 273 281 297 450 459 481
16 35 44 54 118 162 174 178 183 185 289 347 400 475
5 32 46 88 95 142 187 248 263 294 368 389 427 447
41 77 140 158 194 201 250 299 341 343 445 446 489 496
14 116 148 193 199 206 215 247 310 312 321 346 392 486
0 147 155 180 209 241 252 264 269 275 353 367 422 477
3 15 73 113 115 150 152 179 185 293 364 409 414 485
16 30 55 88 123 176 214 262 284 308 309 389 408 468
3 24 58 115 133 140 194 210 257 335 361 409 424 445
70 100 132 147 154 274 336 339 401 450 473 474 482 491
40 45 139 151 169 197 249 261 263 375 379 412 417 479
23 44 65 77 87 131 254 266 301 306 376 379 396 469
26 47 51 64 67 97 102 143 194 256 332 337 456 496
56 114 127 133 148 174 175 218 259 281 282 298 390 428
23 101 106 113 148 149 154 252 351 416 439 490 496 497
30 35 100 126 161 176 226 265 334 375 389 406 459 474
71 105 212 253 266 268 282 296 298 303 327 333 357 378
33 43 48 49 69 87 117 176 184 193 283 288 320 375
46 58 59 110 137 157 172 182 232 295 348 401 445 472
62 133 147 193 242 247 264 308 312 347 380 395 396 467
17 85 86 114 115 160 285 303 306 310 319 356 367 466
21 23 92 109 155 168 170 210 325 332 354 360 479 481
1 5 45 65 66 68 114 123 294 361 426 445 497 498
82 203 267 270 278 333 334 339 352 371 383 422 453 458
53 57 130 156 243 259 272 282 318 327 361 392 407 422
8 80 89 96 212 237 270 336 390 435 436 465 467 495
6 79 88 116 137 226 251 283 385 390 409 427 437 458
51 96 116 125 180 225 233 238 307 312 325 411 439 489
19 68 82 87 91 120 199 263 275 279 282 292 414 488
16 37 91 95 151 164 222 240 246 277 319 398 407 435
14 22 25 70 83 89 121 267 275 295 312 340 353 366
52 123 162 167 173 174 202 223 244 295 302 352 394 494
25 64 70 172 174 184 210 344 345 353 355 390 396 499
61 64 99 145 160 227 253 276 282 361 366 388 415 427
43 88 101 102 106 134 182 196 255 257 305 346 373 486
17 23 104 145 147 214 254 310 320 329 340 425 443 450
26 30 56 134 135 193 247 253 268 290 297 365 374 457
64 136 148 181 262 301 302 305 354 363 372 373 407 468
74 136 157 162 164 191 203 210 212 265 339 388 407 422
84 100 130 172 188 203 280 284 353 383 450 458 466 468
3 59 80 169 180 192 204 234 263 276 307 423 446 478
29 37 63 76 148 151 156 322 344 406 409 416 419 447
74 96 123 131 170 192 197 211 290 336 374 376 442 496
113 218 253 261 262 287 288 294 329 342 346 456 473 479
56 170 195 269 281 308 322 335 337 349 410 449 470 491
5 48 62 118 137 205 227 240 250 255 281 304 332 343
51 73 144 149 156 209 289 304 310 347 414 436 455 462
43 61 103 106 135 159 173 195 242 275 293 457 493 499
32 54 67 90 111 140 208 239 250 288 324 349 461 467
9 100 116 136 141 197 204 268 313 367 392 401 409 461
20 30 100 104 134 141 145 217 256 397 407 438 460 480
0 73 93 95 101 178 274 276 284 370 384 394 455 484
2 7 19 69 89 210 222 289 308 335 359 397 399 475
8 13 107 137 141 144 151 165 245 258 277 290 338 373
22 34 60 61 65 84 94 150 191 198 202 293 356 363
61 68 97 121 123 192 208 217 218 245 253 296 328 348
11 32 86 130 213 216 234 285 315 319 354 405 424 485
171 181 195 235 241 257 263 304 337 366 466 487 488 490
65 76 77 98 140 229 231 318 327 352 354 438 484 491
9 55 136 165 173 177 208 233 254 257 278 320 348 420
41 53 139 148 168 209 216 245 334 342 369 440 442 470
5 23 58 102 104 155 181 211 235 260 311 355 453 464
43 60 63 143 190 264 272 304 378 401 416 464 474 476
97 105 135 147 168 205 265 323 351 407 430 443 448 454
5 152 181 244 267 302 314 323 327 336 381 416 436 463
22 47 51 104 145 238 240 244 285 321 329 342 368 401
55 108 158 196 214 216 220 240 343 346 363 397 446 493
31 66 94 110 215 250 296 307 312 328 333 417 423 487
69 78 99 124 130 152 227 286 305 332 355 416 476 481
2 161 169 189 236 274 278 304 343 350 373 391 481 490
22 37 46 174 184 213 318 319 368 413 441 453 455 472 486
110 156 183 211 225 245 280 417 430 445 457 460 471 481 487
7 81 107 132 162 170 221 312 318 350 369 401 415 423 436
67 80 173 187 189 209 279 303 310 389 393 400 422 426 496
32 69 77 111 150 177 240 258 306 333 381 384 424 479 495
50 93 147 163 175 179 195 264 285 327 345 388 401 423 430
27 98 108 152 174 223 271 318 320 397 399 416 430 469 478
118 132 149 173 178 183 205 304 305 336 373 398 400 427 438
33 51 52 57 93 94 236 270 310 319 349 374 388 414 478
3 92 113 131 144 145 228 241 314 319 322 350 378 401 460
60 90 104 147 221 236 237 322 346 349 370 372 399 440 493
105 157 165 171 196 204 205 285 290 383 397 428 443 458 479
119 138 183 199 205 243 269 302 335 370 395 401 422 484 486
18 33 46 64 167 252 273 278 311 338 399 443 456 485 499
44 45 81 152 162 198 207 235 260 261 356 370 394 472 477
0 13 26 107 163 173 188 203 208 218 223 231 308 328 454
4 19 76 80 114 135 179 189 191 303 328 372 385 469 484
33 49 62 110 132 151 159 214 297 309 318 349 372 413 473
86 105 139 150 236 254 256 259 266 306 312 367 419 432 452
27 31 59 67 77 135 162 171 232 288 327 337 367 420 483
56 74 122 159 186 191 202 272 314 321 338 411 427 435 442
13 45 70 107 122 172 182 208 245 258 411 476 482 483 484
5 12 90 102 109 125 178 192 236 275 317 322 440 444 455
38 67 78 126 134 148 243 244 252 262 280 281 316 440 491
32 79 100 118 133 265 287 315 335 347 370 383 417 418 474
4 106 138 186 211 222 233 267 269 280 297 314 362 379 468
43 59 104 145 146 193 197 238 352 422 436 453 469 492 494
16 71 100 125 130 162 167 172 174 292 298 308 318 376 490
3 25 33 38 65 137 153 256 311 358 360 385 392 408 468
16 54 77 170 178 282 285 310 400 403 429 440 456 466 476
38 115 142 183 212 233 272 277 278 339 371 381 386 393 417
106 108 123 131 180 205 214 240 344 402 426 430 436 460 486
0 153 203 244 271 277 322 336 346 413 418 430 432 448 464
79 216 226 234 261 266 284 298 333 340 352 365 389 419 424
5 14 49 52 84 113 133 139 141 152 159 176 241 305 380
19 20 38 103 114 153 154 160 177 191 262 340 392 450 454
17 26 131 175 199 256 259 264 275 346 379 393 431 467 473
52 78 91 133 157 159 168 197 217 222 270 333 388 389 403
12 34 68 76 160 170 184 207 212 268 334 373 383 435 443
25 94 96 188 214 228 231 309 379 386 435 437 454 478 480
45 49 64 73 122 265 274 281 287 296 312 334 344 404 414
21 43 107 202 219 294 311 316 355 363 375 395 465 482 497
60 71 133 156 204 218 225 231 236 251 295 385 401 422 472
35 86 120 124 155 220 247 252 255 263 276 390 424 443 489
10 11 24 50 81 99 143 182 270 276 301 306 308 400 439
0 8 19 21 25 79 106 134 170 238 248 297 300 315 499
22 69 79 92 96 100 113 153 171 175 261 326 365 402 474
38 48 72 99 104 136 256 258 290 353 387 430 450 479 486
4 105 128 136 169 254 257 258 271 285 336 367 381 410 433
72 93 101 136 268 269 273 307 327 344 367 389 397 416 493
27 59 75 81 87 110 178 187 253 314 326 342 417 451 463
16 19 110 137 139 151 169 179 201 215 233 248 254 383 430
7 47 87 106 139 163 168 197 210 214 259 267 346 348 493
29 37 51 108 133 141 172 302 303 338 384 386 436 457 468
100 137 161 171 172 192 260 277 299 302 321 346 351 357 465
1 6 11 104 116 122 246 272 285 302 306 397 407 411 431
25 28 79 80 97 179 229 275 292 315 360 439 473 474 477
58 61 70 122 140 164 190 283 293 331 349 352 396 479 484
3 8 19 155 191 208 232 243 311 351 375 384 392 398 477
1 45 79 84 107 239 352 382 421 432 471 474 480 494 495
8 108 130 212 216 271 317 324 334 349 392 417 421 426 489
27 101 106 126 154 220 257 286 307 368 413 431 444 463 476
57 135 190 206 252 261 317 331 354 369 382 424 448 450 476
13 39 49 83 129 186 199 298 350 362 377 379 390 416 429
2 7 14 83 125 143 153 168 188 199 268 274 360 405 471
30 74 96 102 123 125 220 232 258 273 300 312 328 343 377
23 48 118 191 238 322 350 358 381 386 441 466 477 489 492
28 41 131 141 160 171 198 239 283 349 407 413 422 473 483
1 7 16 26 28 109 183 190 191 196 254 298 302 454 455
21 24 45 46 52 112 171 218 222 234 275 287 297 450 474
59 67 84 116 179 189 202 285 292 306 330 367 392 464 484
35 36 59 65 121 134 151 165 181 237 244 319 383 432 463
12 40 58 70 149 263 274 278 282 305 314 327 404 428 431
20 42 61 81 92 188 227 243 309 318 323 392 454 461 475
46 122 132 145 164 181 198 248 272 277 358 362 412 477 489
7 33 59 66 124 148 149 197 200 272 380 396 424 427 469
61 63 94 141 170 203 231 243 285 313 353 360 388 390 474
22 78 95 106 149 214 241 274 278 369 424 432 434 449 452
37 48 69 126 128 187 204 253 350 374 401 416 455 488 489
44 86 92 124 147 193 226 252 259 281 352 361 389 425 471
0 23 126 146 227 248 297 329 378 384 430 454 465 486 496
104 122 144 152 157 188 280 283 302 369 375 387 426 489 493
7 11 24 34 74 118 133 166 167 309 386 401 403 442 461
2 151 195 228 262 272 288 290 293 298 402 430 446 448 487
29 96 109 155 157 168 208 221 248 266 275 332 380 411 452
90 112 122 137 160 167 185 196 213 224 275 305 456 460 488
5 29 62 91 98 155 178 248 276 285 308 416 430 464 491
9 44 45 84 103 118 125 130 160 214 250 324 372 455 471
3 26 53 62 66 68 75 78 87 163 281 296 399 423 476
8 17 41 52 59 79 80 94 168 190 206 264 363 407 482
80 84 94 100 107 112 249 264 276 290 381 457 465 475 497
97 104 127 181 216 236 245 247 268 281 301 307 312 404 406
7 14 60 63 145 177 221 229 231 256 271 302 456 457 499
45 46 52 112 122 162 191 202 258 266 278 288 407 461 486
8 108 129 156 184 218 300 329 335 354 423 452 469 477 491
18 83 145 178 187 222 256 275 302 344 399 461 465 492 499
0 22 31 42 146 176 180 202 221 240 241 254 286 326 438
57 75 159 180 245 292 302 305 308 321 347 394 396 415 483
14 22 44 59 62 95 119 122 203 287 296 378 423 424 442
26 28 150 155 217 219 270 308 336 341 368 402 434 440 497
47 50 51 58 89 108 169 197 280 283 376 378 403 458 478 480
31 54 56 58 62 79 161 179 185 192 224 274 281 385 388 391
7 19 75 79 85 96 103 114 182 197 235 269 301 329 341 388
15 42 63 89 104 126 153 159 165 166 171 279 308 321 345 488
13 36 53 70 73 121 192 197 278 307 405 417 447 448 477 487
5 28 39 52 76 90 119 124 128 171 227 434 443 462 469 491
44 67 79 116 117 132 245 261 272 281 287 312 313 360 394 401
24 25 100 156 159 162 165 185 201 322 349 376 389 463 466 470
68 71 109 190 193 209 221 289 304 306 318 407 413 453 458 495
38 42 70 73 81 107 143 147 197 292 315 369 388 413 438 476
65 72 103 205 216 292 294 297 376 392 462 466 476 479 486 497
21 31 120 150 212 260 281 289 364 365 375 386 425 440 443 466
13 21 28 41 52 110 145 166 212 299 305 364 413 432 439 450
7 17 44 143 144 147 184 198 295 296 308 321 323 349 366 474
38 98 116 119 135 168 192 195 205 234 284 316 349 442 449 464
47 75 104 123 141 167 170 189 205 264 308 368 371 374 394 456
28 59 96 160 167 184 219 304 305 352 359 407 446 456 478 481
38 48 56 103 134 155 204 253 270 303 308 314 319 357 370 450
60 140 150 196 197 202 228 241 249 255 276 296 302 318 352 381
30 72 75 111 164 190 322 360 372 387 410 425 429 433 461 484
15 60 75 85 167 193 204 259 291 367 379 392 404 431 433 477
9 70 104 114 135 154 209 235 248 281 314 373 393 403 432 491
4 15 90 153 194 203 259 278 284 307 360 395 417 454 478 499
2 7 46 53 169 173 205 213 224 237 259 261 390 397 454 498
77 85 106 137 140 214 316 327 363 368 372 384 403 404 427 464
95 103 108 120 158 169 174 198 240 248 283 423 435 449 473 475
18 76 119 123 159 162 185 221 230 232 272 274 296 367 376 379
31 55 81 86 111 146 148 176 238 293 350 383 396 416 456 494
9 37 38 45 54 77 91 164 332 364 367 389 410 418 484 494
10 48 62 86 125 143 231 253 277 315 338 369 393 401 482 495
59 82 119 126 148 227 229 284 311 325 335 376 392 420 444 447
32 53 54 61 82 85 86 104 147 178 213 272 273 424 447 485
26 43 50 93 214 240 293 335 353 360 367 380 389 405 454 468
5 20 46 108 160 162 231 236 262 273 314 401 416 427 443 498
55 97 137 151 181 202 204 209 268 321 374 378 394 403 445 457
92 120 165 181 188 204 215 234 245 280 301 304 340 370 443 488
1 23 41 43 57 132 135 237 258 284 331 349 380 393 395 476
19 23 63 117 121 134 146 236 242 269 272 314 323 385 438 455
36 123 134 156 178 180 186 205 213 285 315 361 373 386 391 416
12 19 26 57 59 108 127 133 135 137 349 362 408 409 448 481
21 38 41 95 113 191 233 237 242 306 316 323 325 366 433 447
58 69 71 101 105 141 145 159 184 238 245 367 375 415 467 475
15 43 46 101 115 150 154 187 203 277 295 351 358 363 385 394
17 21 28 84 102 141 206 211 221 286 306 321 341 359 389 481
10 26 42 90 93 124 126 152 209 228 252 265 279 286 388 409
26 36 46 54 90 152 187 189 218 257 309 352 364 385 389 441
13 16 66 224 308 310 329 362 365 372 387 409 414 427 435 447
87 93 209 211 216 226 261 264 331 351 352 384 434 455 459 465
2 32 40 53 72 80 121 134 200 234 246 278 322 325 334 355
1 43 56 87 125 197 206 212 315 393 402 432 433 444 483 486
0 1 54 92 169 207 246 292 297 324 353 373 399 406 416 460
15 111 127 241 245 246 266 284 288 292 317 329 342 351 474 490
10 43 109 129 208 258 260 302 305 306 326 362 400 423 434 494
14 46 53 117 120 157 164 183 194 266 271 274 379 410 456 484
14 24 55 108 112 156 188 190 200 253 361 448 452 462 469 494
1 33 47 65 87 96 118 147 163 222 236 333 337 350 381 395
26 33 50 74 95 222 231 255 267 313 342 351 369 404 421 425
7 51 179 206 235 240 338 376 381 385 393 435 473 477 483 493
54 71 74 81 127 133 178 182 190 227 333 345 347 373 454 465
34 38 43 204 227 251 269 366 385 392 403 417 421 427 438 449
167 178 185 189 255 293 294 314 323 367 372 429 450 464 473 497
25 27 51 70 131 151 290 312 314 319 365 371 458 461 471 499
16 29 46 79 115 126 179 259 267 281 282 323 328 336 390 401
30 46 49 51 54 65 78 126 211 239 313 325 374 383 459 493
11 20 42 76 103 111 161 192 240 271 280 297 360 459 462 496
29 116 145 157 179 219 237 286 297 331 419 458 470 472 479 485
22 30 93 119 123 196 321 332 358 364 411 414 446 449 456 458
27 91 98 150 165 190 221 270 292 333 334 360 374 385 475 479
60 86 97 125 137 207 221 285 299 304 319 328 337 440 452 471
3 44 58 66 73 75 88 108 134 157 165 190 245 264 330 333
44 53 94 164 183 201 231 282 364 367 384 417 445 453 457 492
32 43 49 56 74 175 211 302 311 346 359 393 410 430 491 498
15 55 76 98 144 180 210 220 245 326 338 341 358 413 420 459
106 208 251 284 312 326 333 339 359 375 380 408 420 439 476 484
12 43 77 91 177 178 199 217 297 299 301 326 361 414 417 472
9 44 71 90 97 109 149 229 233 300 308 310 330 406 436 477
5 7 25 115 125 143 159 168 193 210 216 254 336 393 395 414
2 18 26 61 146 151 161 171 181 184 228 233 385 423 487 489
13 18 116 121 138 181 183 221 270 280 285 364 366 380 406 474
26 60 83 89 126 146 166 295 298 316 337 403 429 442 447 460
63 84 95 119 160 178 180 209 281 355 356 360 396 397 406 407
26 47 184 196 199 237 249 259 267 316 371 376 390 442 449 460
2 16 57 66 105 200 225 254 285 287 333 368 419 436 457 479
0 6 11 23 138 154 201 267 288 314 349 393 396 477 478 486
2 11 30 43 92 113 247 253 344 407 411 434 440 467 472 483
1 14 29 86 93 144 181 183 219 248 288 292 315 346 478 499
16 43 54 90 108 112 125 182 235 357 367 389 402 432 465 473
59 128 160 171 200 235 238 253 263 299 316 328 344 359 404 463
15 115 122 130 145 180 277 302 371 394 420 421 425 441 454 473
40 120 122 141 145 180 196 199 275 318 346 364 379 457 462 485
58 64 100 109 150 179 251 263 297 309 348 350 382 403 431 432
28 84 179 232 278 295 302 316 318 341 383 437 453 464 468 489
59 82 161 196 204 211 270 353 370 389 402 412 443 455 468 488
0 5 12 24 60 80 84 116 254 262 304 313 351 358 368 382
162 164 168 198 205 237 266 271 276 313 382 401 407 408 436 498
27 45 76 140 214 235 238 272 284 297 369 440 446 465 467 492
35 57 95 103 104 122 147 204 205 251 314 316 324 423 442 461
1 66 68 118 144 146 162 226 260 295 333 400 428 466 469 497
20 30 79 94 185 186 188 195 324 348 378 385 470 482 487 490
2 64 188 197 224 272 289 294 296 317 359 379 408 430 458 460
14 28 75 84 86 127 132 166 208 230 353 362 407 415 448 449 494
66 100 115 127 146 162 174 175 197 242 270 347 379 383 425 436 473
14 43 46 125 146 152 158 177 186 196 236 317 363 371 375 433 464
88 101 125 133 189 207 226 231 235 269 309 335 362 376 391 418 490
17 72 74 98 100 107 115 148 154 180 234 268 290 305 382 440 488
3 30 54 73 87 99 154 175 190 290 320 322 367 405 412 418 476
35 70 112 134 157 175 267 293 299 323 332 354 365 385 390 441 491
51 52 72 85 106 182 240 255 311 313 357 360 376 411 474 481 483
35 76 112 116 131 144 158 172 189 282 291 297 325 334 373 407 437
32 39 198 220 262 265 298 321 377 380 435 465 471 483 489 495 498
0 53 113 135 141 176 194 201 276 296 297 326 413 416 442 459 482
48 71 111 126 153 179 216 230 243 282 309 326 336 368 400 404 413
1 21 44 67 153 156 183 242 243 305 338 422 447 470 481 487 499
4 29 53 69 121 141 279 288 339 342 399 405 439 456 462 488 494
19 72 115 152 193 228 232 256 317 330 335 361 375 454 482 485 497
0 36 51 145 201 271 293 306 317 329 337 344 348 377 413 444 469
40 81 88 121 126 127 149 242 264 284 315 332 356 359 381 469 496
53 105 110 111 148 186 268 281 293 306 307 311 319 391 414 492 497
7 44 61 79 147 148 207 209 273 287 357 364 383 417 425 463 497
6 21 42 62 93 123 167 186 191 195 252 263 356 393 420 442 466
24 35 37 41 71 78 90 109 163 193 247 307 329 385 410 477 499
63 87 105 111 125 177 190 203 209 244 269 296 399 448 492 493 499
28 71 79 87 201 209 218 235 237 238 246 247 325 354 392 400 415
0 25 43 63 75 141 145 187 192 230 254 315 379 463 487 492 495
28 67 76 203 214 282 298 305 340 360 366 384 403 418 419 483 494
3 16 43 125 135 174 189 192 226 235 267 310 360 399 451 467 476
55 65 66 101 197 213 227 257 263 278 294 301 352 360 399 435 441
77 85 148 150 198 201 214 262 267 281 323 355 367 398 409 426 499
3 6 15 16 38 58 64 71 91 97 233 332 368 371 384 461 492
25 35 38 146 180 214 257 280 336 341 379 398 408 416 453 472 476
12 35 74 89 99 151 200 216 253 259 270 369 389 394 427 459 488
12 48 53 69 90 93 110 179 222 318 337 393 397 407 414 418 449
120 163 169 216 302 310 314 318 320 359 375 393 421 422 428 435 449
13 15 36 81 82 147 165 176 219 227 267 333 346 385 469 475 484
34 53 54 68 85 128 143 183 202 324 328 342 357 358 412 429 453
4 33 41 65 96 110 114 183 224 228 238 275 343 359 443 467 472
15 27 32 57 63 76 80 98 209 239 244 289 381 384 411 462 477
38 111 139 171 180 207 227 268 276 303 309 360 380 413 416 424 465
21 31 84 133 143 215 217 239 241 266 377 395 435 441 465 472 485
7 24 29 63 95 214 290 325 388 394 404 418 425 439 451 458 469
6 10 31 39 68 86 105 143 211 223 231 296 349 409 431 468 469
19 26 51 55 103 111 152 169 207 211 232 276 317 338 369 405 472
9 27 102 122 127 223 266 291 293 295 304 328 346 396 440 474 496
50 56 80 129 138 162 170 242 287 374 389 393 400 412 424 435 498
70 82 105 127 155 159 168 234 255 269 284 285 364 371 401 429 431
6 99 107 198 251 269 279 288 296 297 336 381 389 414 418 470 485
30 91 92 100 165 191 216 240 249 250 291 299 375 397 400 418 477
8 18 31 62 65 67 109 116 134 140 149 200 254 281 376 411 429
2 41 51 58 64 94 129 192 251 281 354 355 385 393 401 406 448
8 70 71 86 95 160 196 217 222 226 294 318 352 373 386 468 487
28 48 109 133 180 182 239 272 275 302 320 352 361 363 368 394 405
118 133 197 199 209 238 286 295 300 348 356 357 387 402 412 468 497
10 39 52 74 121 170 184 186 268 307 346 359 378 391 398 427 450
114 134 233 237 282 287 294 299 300 303 383 386 396 401 408 435 444
90 151 157 158 159 198 209 213 221 236 272 287 364 369 370 408 441
37 55 77 133 145 222 227 249 286 312 388 398 421 430 449 460 476
24 42 74 97 154 204 213 237 247 254 277 286 329 362 429 433 453
21 56 73 114 120 239 242 252 269 278 312 331 373 401 443 446 469
8 23 52 64 81 98 108 122 125 133 146 164 234 314 318 398 449
65 84 119 217 256 273 282 371 375 395 407 414 427 437 466 477 492
0 5 38 44 90 93 107 146 236 269 303 314 318 322 383 413 423
14 27 72 90 181 183 187 226 235 245 262 299 328 362 437 474 496
2 56 60 62 69 81 101 182 193 200 256 316 327 328 378 438 472
42 60 92 124 148 170 172 174 191 196 226 267 372 447 466 469 476
17 38 42 67 99 111 226 260 277 305 322 347 363 407 412 462 478
26 33 62 63 223 263 280 287 291 312 344 385 401 423 434 457 480
4 79 104 111 147 166 199 220 245 286 297 321 390 426 484 491 495
56 99 125 129 182 235 245 253 262 283 304 327 396 398 455 479 499
4 49 54 96 108 112 115 223 224 278 286 349 358 400 406 442 457
57 64 66 73 152 192 193 210 221 234 244 245 361 370 380 412 458
49 94 164 196 209 229 244 249 267 277 332 342 344 348 358 455 471
2 6 60 81 133 145 160 172 224 229 271 335 424 447 467 489 498
55 65 68 103 114 135 139 140 175 198 302 331 348 381 421 431 472
5 56 62 63 99 113 157 233 242 279 304 387 398 445 460 468 486
49 71 83 124 125 133 138 145 213 221 228 235 239 258 327 357 410
29 106 124 142 143 155 169 174 176 285 325 330 331 340 408 447 486
124 202 212 216 234 238 243 255 325 350 356 390 418 443 444 448 469
78 137 163 180 238 267 274 283 294 295 335 433 459 462 473 479 498
6 44 80 81 108 116 126 209 270 276 321 326 331 336 349 417 438
60 62 91 126 142 149 157 238 257 261 277 296 300 307 389 395 427
6 105 121 136 165 217 246 327 330 331 371 402 407 413 457 472 483
119 138 154 203 210 222 223 234 265 299 320 354 420 439 446 467 498
33 47 54 56 73 84 124 146 154 180 200 208 231 236 254 330 438
2 8 21 34 49 58 68 69 75 179 198 206 264 272 321 392 491
116 180 192 233 251 266 283 300 302 313 330 344 348 354 488 496 499
33 106 129 161 168 178 180 221 244 281 332 339 341 369 372 457 466
12 123 137 141 151 183 191 199 211 215 238 256 261 288 368 453 473
70 73 82 88 126 156 166 197 258 312 313 315 326 367 383 430 458
32 36 47 67 79 216 228 232 235 250 252 281 284 286 320 399 494
2 151 191 214 216 223 224 302 320 357 369 370 388 420 448 452 474
21 41 62 127 219 257 267 278 318 412 413 414 421 445 470 495 499
37 61 122 131 162 189 218 219 226 239 257 275 382 392 410 427 498
15 19 48 56 57 277 292 307 317 325 326 331 405 411 470 478 498
52 94 113 245 254 258 271 296 307 327 410 415 444 445 451 492 494
52 60 75 80 93 149 162 183 197 206 220 240 244 314 383 393 398
54 66 74 111 199 261 279 297 355 396 400 402 414 415 428 488 498
12 56 89 94 100 108 166 196 215 304 307 317 423 437 444 465 487
73 93 96 106 124 165 215 232 245 332 342 373 404 421 428 456 465
7 10 15 21 35 38 191 200 245 255 256 294 300 304 432 434 490
5 12 77 97 105 130 131 211 213 234 261 291 301 378 431 463 487
26 31 41 44 76 80 107 133 160 162 183 192 248 295 300 405 454 492
28 42 96 115 144 188 193 254 302 316 324 334 366 372 448 473 475 486
8 48 57 62 86 106 119 126 131 135 147 163 193 214 323 329 383 409
16 52 115 122 193 194 195 214 276 298 349 360 380 381 415 424 451 473
14 39 46 65 72 133 168 172 184 196 251 281 287 339 390 398 468 481
2 65 67 71 106 116 139 162 175 190 259 312 359 380 384 412 417 426
30 40 59 76 171 173 204 219 232 249 267 313 332 352 366 378 393 455
12 60 76 111 119 144 148 190 191 221 306 346 347 360 422 462 480 499
8 59 62 92 134 172 174 185 208 286 300 334 358 370 371 458 462 478
87 138 170 174 179 181 186 187 222 257 320 372 408 425 457 460 479 495
31 97 111 150 191 278 353 377 389 396 412 413 418 426 440 474 497 498
16 57 133 141 156 159 170 228 234 241 278 285 326 333 440 454 465 466
25 42 70 140 156 200 214 249 260 281 337 375 398 418 443 490 492 493
32 122 123 125 134 155 169 234 271 282 283 305 310 332 353 385 439 469
9 17 37 45 57 78 113 123 126 196 303 304 326 331 335 340 471 485
5 70 77 88 213 220 239 255 280 295 330 396 430 432 440 467 489 497
27 124 155 164 168 244 271 272 274 302 309 314 318 327 373 455 465 485
61 85 89 116 118 146 157 168 170 184 189 246 260 274 345 371 397 410
54 55 115 116 147 205 241 258 309 318 321 347 386 392 438 474 475 488
10 85 101 147 174 187 217 218 252 253 277 290 297 342 371 390 479 499
41 101 140 170 173 184 196 207 332 333 348 386 426 459 460 471 485 491
4 35 50 64 82 118 137 138 154 157 197 205 226 260 346 388 414 431
14 17 109 110 119 124 135 175 226 245 251 254 259 281 282 307 335 344
16 34 68 121 158 161 180 193 206 239 279 323 332 348 370 398 427 496
15 59 97 117 147 180 217 226 233 290 360 379 395 399 417 423 448 493
13 52 57 61 76 86 91 120 131 146 159 164 184 234 301 348 363 421
10 71 135 159 172 185 186 229 236 242 256 292 308 317 381 416 422 467
20 29 36 108 155 202 227 255 287 312 315 340 352 363 367 395 428 471
47 55 59 142 199 205 207 289 354 367 402 418 426 428 437 461 473 474
37 45 48 57 61 84 92 109 134 310 337 342 361 377 407 422 425 490
27 86 107 138 152 200 221 225 241 271 335 367 405 422 424 435 460 498
2 3 5 42 49 85 126 136 142 150 203 221 232 280 427 463 474 496
2 18 48 61 80 84 136 160 164 169 173 219 299 360 377 447 470 495
19 47 73 91 106 112 198 228 247 290 297 310 322 377 378 400 475 495
5 10 92 103 104 124 174 198 220 242 260 264 285 339 360 435 439 487
1 15 73 83 151 170 182 215 240 258 262 310 362 367 368 392 442 485
41 43 116 148 174 181 197 223 250 264 314 359 361 362 364 377 430 476
28 31 34 67 104 106 130 195 197 213 228 297 304 330 389 392 445 473
13 150 155 160 175 192 213 219 232 235 266 298 324 326 383 410 414 417
11 24 28 47 55 78 110 141 159 242 300 342 377 408 423 438 448 494
55 66 76 90 103 119 205 235 245 308 327 359 363 371 411 429 481 483
20 57 114 146 238 259 262 272 274 282 305 330 339 349 373 449 452 472
51 156 183 194 220 247 273 275 278 335 339 371 372 396 411 423 426 467
24 51 59 75 85 100 110 118 176 182 196 241 265 286 298 403 431 481
98 105 113 119 129 138 145 223 255 262 272 292 327 370 384 428 458 486
12 108 116 188 200 209 252 254 292 295 334 339 377 390 411 460 473 486
42 117 130 142 165 176 220 259 301 340 342 347 351 355 377 402 424 462
25 29 32 66 87 120 143 185 214 252 264 296 312 338 344 388 390 461
2 21 37 63 75 140 189 220 301 311 312 343 381 416 434 462 486 496
6 48 61 71 91 97 145 198 222 269 303 308 319 371 389 407 441 474
2 22 44 112 193 194 255 264 284 334 336 345 355 376 377 433 458 481
119 147 163 170 203 213 233 235 241 264 309 364 397 435 439 441 443 458
7 30 38 79 131 137 153 228 250 282 373 378 403 424 445 446 467 487
29 33 53 97 102 103 116 202 244 245 259 270 281 371 396 421 432 441
77 92 100 135 141 144 209 221 271 292 316 337 340 342 343 355 378 443
16 48 55 112 130 158 189 198 224 284 333 351 422 435 463 472 478 499
49 58 61 95 119 163 208 229 235 236 239 245 281 313 323 351 356 377
5 77 84 93 106 114 116 256 303 312 318 320 341 378 404 459 476 489
57 62 104 144 178 191 197 234 239 253 279 282 299 336 384 414 419 492
22 64 67 73 99 114 125 137 144 163 222 250 277 292 321 339 465 474
90 132 138 154 167 174 185 191 201 206 210 255 273 336 361 382 419 429
78 104 116 146 159 167 171 185 193 223 239 243 258 267 333 347 467 491
22 69 77 137 157 177 186 282 285 286 325 327 349 383 385 404 432 435
35 39 40 94 119 134 143 159 181 236 253 311 315 389 408 443 454 477
46 155 172 178 189 190 196 219 237 269 275 334 340 347 369 438 444 455
49 53 58 62 84 89 98 116 172 179 200 203 258 350 392 403 416 422
26 34 46 64 73 74 82 177 178 229 315 334 343 373 425 434 492 499
8 25 82 161 196 207 229 248 258 266 297 326 328 399 408 425 461 473
10 65 71 78 133 177 255 342 352 355 361 375 408 410 455 461 480 492
16 36 69 80 98 131 162 217 245 248 250 280 378 379 424 442 448 449
3 23 29 89 126 176 184 266 267 287 295 309 316 332 392 474 475 479
12 58 135 163 179 181 184 200 205 227 289 306 330 339 357 358 361 422
107 130 133 156 179 203 250 255 291 295 342 364 370 407 410 414 469 499
4 12 62 85 181 188 300 314 341 354 367 385 404 407 410 438 467 483
18 42 44 69 70 86 103 127 151 161 201 210 236 253 305 401 418 485
27 53 95 124 128 149 301 304 307 325 335 354 365 402 412 416 446 488
37 49 184 186 187 240 274 275 292 308 309 315 327 344 357 433 444 459
6 42 61 151 203 237 241 263 278 280 327 328 392 409 445 447 465 497
14 105 109 156 169 172 266 275 286 294 357 367 398 401 425 449 474 487
4 34 58 64 74 78 82 103 142 208 213 258 273 274 294 357 399 451
55 82 86 90 111 134 135 138 152 205 234 258 355 369 388 393 430 451 454
6 13 61 64 128 138 161 178 208 212 261 268 323 347 361 434 468 476 485
78 95 104 137 144 197 231 247 301 309 344 352 365 373 391 395 416 456 484
109 125 133 186 192 201 261 270 304 327 335 358 365 385 398 402 409 453 479
36 90 93 101 105 110 119 218 222 232 238 274 288 358 378 383 424 445 471
14 25 34 37 43 84 113 136 287 290 318 322 371 402 411 425 460 487 492
2 61 105 161 163 188 193 204 243 244 260 294 305 352 375 386 403 447 483
18 33 46 117 126 129 186 218 219 251 280 281 295 329 412 413 447 489 496
8 51 71 109 120 121 133 167 179 226 352 357 365 373 381 385 436 454 466
3 77 129 150 151 177 192 195 206 286 312 340 349 356 406 407 423 457 466
9 33 39 90 121 155 188 223 268 293 299 314 339 364 377 395 409 414 433
48 54 60 70 85 185 212 234 238 241 245 257 273 395 403 410 432 436 483
2 11 13 30 87 88 104 124 139 145 159 205 221 232 238 242 259 275 404
14 72 104 107 119 136 157 192 229 242 247 314 322 340 376 377 402 414 422
31 56 91 92 107 109 118 127 137 138 157 158 163 242 282 351 450 479 495
20 25 41 106 262 293 300 335 375 390 391 402 405 413 424 441 458 462 479
15 65 105 141 183 231 246 261 291 320 346 392 399 425 428 438 473 486 491
75 77 116 143 187 195 199 215 251 264 331 334 339 376 392 405 413 424 445
37 60 83 121 160 163 181 191 258 276 342 352 372 381 421 425 465 488 490
15 22 90 108 180 205 237 243 260 270 300 349 369 380 411 429 452 483 484
10 24 75 87 106 110 125 130 141 176 246 263 316 320 404 407 408 470 490
30 35 51 75 90 105 119 177 186 193 209 254 264 295 313 330 347 463 495
12 27 38 57 102 140 231 253 279 313 345 368 374 417 448 450 473 476 486
63 89 98 146 158 163 188 197 205 233 236 256 266 270 298 375 377 437 463
76 82 151 170 198 204 242 289 296 343 352 355 366 407 430 432 433 436 442
41 80 87 88 99 130 197 198 267 321 381 388 407 437 453 457 479 498 499
6 41 66 142 161 219 234 260 265 278 312 316 326 327 336 362 436 452 492
39 59 73 108 145 158 162 201 231 265 287 314 385 388 439 453 455 473 488
1 29 96 111 237 242 276 283 291 297 348 400 412 418 435 441 446 467 474
12 39 50 142 162 182 188 225 238 287 312 319 320 356 357 407 457 465 470
71 118 153 160 216 225 307 331 343 350 351 360 385 415 452 453 476 485 487
12 16 38 47 76 103 120 136 145 238 249 280 352 356 361 362 379 411 453
19 31 36 44 152 181 189 270 289 293 321 352 354 367 385 414 433 451 477
32 169 185 196 207 208 219 223 282 335 348 401 402 407 411 421 423 443 452
11 13 36 38 43 57 75 125 140 165 273 302 306 338 343 346 353 412 488
14 45 53 63 130 136 148 243 252 281 342 347 430 431 461 464 478 484 495
28 46 85 105 153 201 230 294 296 300 311 363 435 437 453 468 476 481 498
29 42 70 126 135 144 155 200 219 228 266 268 270 322 340 382 435 453 475
3 15 21 34 88 111 121 158 186 203 267 271 310 313 389 398 461 480 493
78 84 126 158 199 216 229 259 261 267 315 319 339 398 410 429 440 475 498
27 56 139 147 157 172 177 178 190 228 256 274 280 290 315 358 419 420 422
42 61 72 99 121 122 145 189 193 221 237 281 297 313 349 357 379 427 456
15 22 43 44 88 93 101 139 184 237 248 262 263 274 309 317 374 414 431
6 72 112 150 156 181 194 203 217 225 259 289 297 305 309 345 403 458 473
93 110 120 129 132 148 166 196 265 274 314 401 408 435 438 440 471 488 496
21 32 50 75 226 245 287 318 326 356 367 370 401 431 446 463 476 477 479
36 60 82 139 144 166 202 218 222 231 233 234 283 294 320 340 369 373 473
6 55 80 99 110 119 122 126 138 174 213 221 299 322 395 399 435 472 485
36 64 69 92 128 142 143 172 203 217 277 280 293 309 310 330 339 372 468
51 73 144 175 237 250 276 303 347 350 372 379 389 402 421 443 457 467 479
13 164 169 176 197 212 219 234 237 249 258 292 322 325 335 380 408 444 476
65 71 112 130 136 137 175 177 262 330 332 342 365 369 373 404 433 471 494
25 44 70 110 137 199 222 235 283 319 335 346 375 378 390 408 419 427 466
18 41 48 88 95 161 266 277 297 307 318 319 328 373 399 413 428 439 487
13 53 57 86 158 160 162 202 234 296 305 337 345 347 393 430 440 450 459
59 66 99 112 148 188 244 254 266 267 285 299 305 315 337 345 375 448 467
33 56 61 117 118 165 216 221 226 266 320 377 381 392 405 428 444 467 471
63 72 73 92 147 177 215 301 302 305 308 309 319 349 405 408 479 488 492
4 58 99 115 146 185 192 204 213 229 243 254 292 311 409 426 451 463 467
52 63 89 132 183 195 342 350 352 368 384 401 403 405 429 430 444 475 495
54 74 79 114 118 131 137 174 176 177 200 202 252 262 301 327 368 401 464
5 7 72 158 165 175 179 181 193 212 213 282 303 321 413 442 474 480 493
16 22 23 24 32 37 69 147 208 227 252 261 262 304 370 414 430 457 494
35 56 58 63 89 118 145 167 179 196 205 219 294 402 414 434 451 476 484
65 70 76 167 197 209 215 247 257 260 307 389 392 399 409 450 453 455 494
52 55 70 79 91 110 122 143 190 206 225 265 268 272 325 327 390 450 459
28 133 155 156 161 167 174 216 245 255 256 265 269 310 333 422 430 435 467
17 21 36 47 65 107 114 222 261 270 275 282 302 321 366 403 437 476 491
16 37 52 120 145 167 186 193 244 256 322 324 332 336 359 364 417 437 478
4 5 19 21 42 103 136 139 146 164 180 306 331 397 429 431 475 491 497
25 30 94 139 187 217 219 242 266 291 294 295 312 335 337 338 428 496 497
1 15 42 53 66 115 116 185 266 273 293 314 315 358 401 418 488 491 495
25 98 106 127 128 161 167 233 237 259 265 287 325 342 387 394 449 454 491
28 72 83 120 183 185 238 241 244 250 259 262 296 312 326 363 380 454 466
20 30 35 37 47 129 133 155 161 199 221 222 234 236 306 326 457 478 497
53 70 78 101 121 133 185 194 196 213 214 238 272 298 413 414 471 488 496
3 74 83 154 177 224 274 291 309 313 314 320 328 356 359 360 369 465 473
38 43 46 51 58 90 91 112 128 132 270 329 356 358 382 411 434 447 493
33 83 121 129 190 215 267 302 304 311 383 390 409 431 440 460 475 484 493
24 42 47 74 205 215 228 255 271 300 322 361 366 419 426 450 461 487 497
33 37 47 59 76 104 114 125 163 224 264 280 289 290 303 369 413 426 440 469
16 21 38 43 83 195 218 244 260 269 289 291 323 338 360 417 420 436 440 453
17 19 50 76 135 177 189 218 228 234 236 237 288 316 329 405 439 470 473 489
5 33 83 84 119 143 154 161 248 298 313 332 356 359 371 408 417 422 438 462
34 49 55 87 112 140 200 203 209 219 344 362 370 405 406 414 415 419 442 482
79 123 128 139 184 193 202 208 233 289 338 362 369 373 379 387 388 419 452 472
30 62 69 77 98 168 222 227 237 242 254 295 320 345 357 395 429 434 446 463
27 34 63 78 129 136 157 160 166 220 225 233 244 257 264 266 377 387 411 492
12 66 91 156 181 188 205 212 229 257 267 270 278 320 357 385 400 429 442 477
115 143 153 175 198 329 356 359 367 397 400 423 429 434 452 461 466 471 476 479
47 63 69 141 159 169 173 189 211 246 262 265 281 285 355 360 430 452 456 496
26 90 148 154 155 168 211 280 319 322 329 340 347 351 358 363 424 468 482 483
25 26 53 109 110 142 148 159 225 231 269 274 331 364 405 416 422 464 465 480
65 83 87 125 144 177 198 253 277 278 301 330 376 406 407 413 414 423 425 477
33 104 130 146 156 159 178 223 238 282 306 322 352 363 372 376 395 431 467 492
11 16 45 47 90 109 157 158 173 197 203 207 216 221 231 344 395 418 468 487
40 83 107 145 161 177 183 185 191 197 213 221 229 286 359 366 401 433 456 462
48 57 80 108 130 224 274 275 301 322 331 339 344 349 397 425 450 470 473 475
10 14 38 49 85 140 158 181 234 260 261 333 356 363 387 398 404 466 468 470
48 71 116 129 140 165 177 182 186 193 211 273 306 337 339 340 365 383 487 493
12 14 54 60 70 131 136 150 184 188 222 233 279 341 345 413 429 430 456 486
10 28 60 72 105 109 115 128 133 135 163 261 317 347 383 387 409 485 489 498
52 98 122 125 168 176 186 252 262 288 312 314 327 330 342 378 428 441 444 496
4 28 30 31 39 73 98 101 102 115 180 184 204 220 247 322 323 337 352 485
18 41 45 47 65 69 74 88 137 146 188 267 272 283 323 368 406 441 474 476
12 50 69 79 85 95 122 135 157 183 200 223 303 318 323 363 408 456 472 496
6 15 33 41 46 78 93 101 109 115 139 155 169 171 187 189 301 330 399 460
31 33 122 139 140 145 198 212 243 264 287 315 318 329 356 363 381 405 464 474
49 54 61 72 198 212 287 334 344 360 375 382 385 386 392 443 466 472 493 494
71 93 94 129 137 175 225 242 250 278 316 329 343 358 381 420 430 438 464 475
29 116 129 131 181 189 224 226 231 235 242 251 307 312 324 366 384 451 477 481
6 40 86 90 104 188 211 364 402 410 421 425 429 432 435 443 444 461 464 474
12 18 28 43 59 93 130 153 197 215 216 273 284 368 373 395 398 457 482 491
37 43 44 56 84 97 120 130 205 220 227 306 348 399 413 427 435 462 487 488
7 15 25 42 47 60 128 131 132 168 220 234 318 325 336 385 450 472 474 486
55 58 71 90 110 111 123 151 153 186 320 351 378 395 414 429 432 439 469 481
2 19 35 102 105 113 149 155 165 192 265 272 275 299 309 327 334 345 367 450
7 29 37 40 42 78 115 168 172 194 197 230 234 300 303 342 348 367 390 489
4 20 23 66 67 76 134 168 185 192 201 215 228 241 253 292 306 370 418 477
8 13 27 31 67 120 136 212 225 227 267 282 284 381 384 415 458 475 487 489
46 58 85 116 134 174 232 289 304 346 365 372 384 385 399 405 429 432 433 435
6 25 38 55 100 140 206 213 214 224 232 239 289 320 340 359 381 384 408 424
4 43 74 106 108 112 116 120 133 188 198 256 261 263 272 327 352 382 438 497
76 107 123 129 133 141 224 228 238 270 273 313 318 328 332 434 450 454 459 491
21 31 39 49 52 57 60 99 137 150 160 183 221 243 270 289 318 336 345 471
35 41 92 98 108 125 129 139 164 171 203 213 214 265 271 283 359 407 429 437
3 6 25 37 41 43 90 122 130 131 139 142 144 157 203 238 284 312 324 351
28 33 48 55 81 156 174 184 217 223 280 303 323 337 347 363 365 396 439 451
6 85 113 122 138 157 171 211 247 263 269 275 282 285 331 341 352 444 462 473
7 14 19 51 69 107 108 113 115 124 228 283 284 313 340 373 377 382 445 449
5 21 85 156 176 184 198 213 214 229 253 296 354 366 369 411 429 455 457 467
14 28 35 49 114 140 204 211 217 244 300 301 323 352 367 373 418 427 488 496
20 44 71 109 152 154 155 159 208 222 234 261 275 309 311 315 327 332 386 401
46 60 74 112 125 193 195 204 206 230 240 266 326 358 369 370 396 408 416 449
4 56 77 80 137 152 173 199 211 222 237 241 285 309 313 375 425 436 458 474
21 42 45 97 177 184 196 203 228 229 286 296 318 342 358 391 397 413 440 448
30 31 36 63 107 113 150 197 221 259 287 341 350 413 441 450 456 458 471 491
51 53 70 74 79 90 104 137 143 175 205 244 258 304 345 349 400 427 462 477
19 25 83 109 113 119 140 147 149 179 211 240 258 269 284 293 337 340 413 499
9 43 57 60 78 90 94 117 130 172 208 290 311 317 331 389 435 439 448 482
11 35 97 119 131 139 154 219 220 225 248 267 276 296 315 353 372 378 415 489
22 45 55 75 123 199 223 233 270 272 311 323 335 350 360 370 422 426 450 454
6 11 41 42 55 144 166 183 198 209 230 253 261 274 296 307 310 312 368 454
20 37 47 61 88 98 147 151 182 200 239 263 307 313 344 368 378 385 418 458
64 105 181 196 223 224 254 292 317 340 342 361 412 414 415 446 457 464 486 494
31 36 48 51 58 83 93 129 131 141 168 211 220 238 277 303 349 398 423 457
28 110 127 182 185 186 206 213 215 244 257 264 298 307 392 420 429 431 482 493
25 43 55 71 118 123 182 212 255 261 263 277 283 307 313 330 393 408 423 489
15 39 49 100 106 178 200 259 273 280 305 329 332 343 384 397 418 447 460 487
83 89 110 135 148 150 167 171 250 281 307 325 368 374 392 404 406 417 488 496
4 8 123 143 145 161 199 212 246 263 278 280 307 315 328 335 353 394 411 468
3 11 52 57 64 88 115 161 180 233 276 303 355 368 404 406 435 467 479 490
0 69 74 76 78 124 137 199 242 354 358 359 361 366 381 406 408 442 445 495
13 51 62 126 135 148 170 171 172 182 200 254 268 287 291 361 381 391 425 451
13 38 49 57 59 72 88 91 132 145 153 184 242 317 319 400 446 454 459 467
15 68 70 77 83 90 118 122 144 158 188 217 277 357 393 399 429 481 482 499
19 22 55 90 95 121 133 143 145 175 177 186 187 204 218 243 284 301 453 454
33 51 62 74 78 86 87 120 186 242 249 253 281 313 319 347 381 398 407 487
1 149 174 205 207 216 226 228 239 250 267 292 333 338 399 407 421 472 492 498
4 17 88 91 96 115 123 142 147 169 216 217 232 250 279 293 324 333 348 460
