482 488
165 193
407 412
158 165
217 241
164 171
388 389
273 280
310 347
422 430
467 472
412 417
408 436
17 42
71 79
286 289
307 311
51 53
229 242
353 388
305 310
0 32
450 495
135 148
361 388
59 93
73 88
32 42
83 93
222 246
1 23
160 162
435 446
195 199
296 298
391 395
453 470
286 295
468 488
84 93
52 68
428 434
395 398
269 283
318 328
440 444
117 141
408 447
205 224
311 344
360 364
9 22
356 395
55 64
209 244
356 368
306 334
309 321
173 175
466 477
152 156
307 314
205 245
26 37
35 36
361 384
3 24
333 340
371 384
103 141
455 498
414 433
184 198
312 313
173 174
53 86
405 410
5 49
24 37
63 90
364 368
323 330
332 344
154 164
250 256
375 383
62 92
423 440
6 48
208 226
132 146
18 28
66 74
261 265
57 98
15 35
109 135
35 42
450 462
429 442
366 376
2 34
115 118
54 65
317 337
109 126
458 489
25 30
256 271
308 339
7 20
359 383
301 311
0 23
368 375
55 63
302 334
216 221
426 427
269 272
243 245
222 223
266 297
2 26
156 162
66 86
373 384
350 393
242 246
476 489
339 341
287 289
377 391
314 333
261 286
170 185
408 437
168 187
205 235
215 237
465 480
161 179
411 416
357 397
15 46
59 70
414 437
11 16
356 392
244 245
64 95
437 444
316 328
407 441
335 344
303 321
79 89
113 114
119 137
12 33
305 307
441 447
190 197
206 210
475 485
477 485
403 408
411 430
75 98
463 484
370 397
8 30
271 281
237 246
421 430
92 95
352 372
315 323
411 414
74 80
205 240
123 124
354 364
231 235
374 383
7 15
255 293
194 197
156 199
413 425
156 177
154 180
9 19
350 399
471 497
259 264
151 164
155 168
179 189
408 419
389 391
52 53
468 491
317 342
156 166
418 421
117 142
216 242
244 246
304 332
56 77
206 212
159 195
458 465
208 220
302 305
372 373
393 397
75 99
400 431
267 270
467 478
70 72
266 274
153 191
405 447
355 369
160 173
13 34
477 480
103 111
463 480
484 486
327 349
454 466
21 37
464 480
107 116
161 170
456 492
170 171
286 293
8 10
307 313
150 162
379 383
407 421
391 395
176 177
403 416
464 466
68 84
330 332
270 272
265 267
204 233
459 462
471 498
416 445
321 324
400 430
61 82
402 405
162 189
28 48
459 460
304 342
26 27
330 342
156 177
403 426
270 297
330 345
73 92
320 337
3 36
368 373
17 32
8 29
230 241
0 33
85 99
317 348
258 288
362 384
93 97
409 432
171 183
159 191
118 122
457 458
251 288
404 431
461 487
261 288
455 498
252 291
460 492
53 87
312 319
29 39 394
310 312 323
165 194 419
416 418 447
161 176 471
271 469 471
332 346 428
120 130 483
141 380 381
13 297 299
165 185 258
216 453 458
213 217 230
175 185 281
17 21 289
353 360 390
209 244 420
187 282 284
157 184 315
112 124 457
83 98 495
307 476 479
13 46 441
370 420 448
327 363 371
348 415 445
296 462 470
108 130 368
65 70 208
113 170 199
102 412 436
107 145 149
1 390 395
296 354 360
168 461 478
6 25 182
45 157 189
354 368 373
52 75 196
59 403 437
102 112 414
339 453 488
214 226 327
198 350 375
135 213 215
29 40 263
377 383 443
129 137 220
288 316 348
260 294 295
228 465 486
55 56 240
226 228 290
83 364 379
106 138 142
242 421 439
349 375 383
1 40 166
10 133 144
17 464 466
472 474 479
15 49 390
13 15 487
51 286 294
336 353 394
201 351 391
127 131 421
191 372 386
115 124 135
178 183 475
114 127 448
216 257 297
261 291 423
265 367 380
61 79 331
5 17 430
344 415 446
152 184 372
48 253 281
17 37 41
302 332 384
345 454 476
56 80 139
125 135 299
318 326 442
295 452 472
45 459 499
78 215 223
209 244 429
15 24 45
317 362 386
383 388 398
439 460 462
1 275 278
105 315 346
183 187 465
6 450 463
136 373 383
93 457 491
62 76 249
201 239 374
221 417 429
24 107 117
116 139 378
3 21 25
35 78 79
323 347 383
163 165 228
100 376 389
388 418 430
234 243 459
14 28 387
63 202 243
0 22 38
326 341 353
96 418 443
122 139 220
102 254 267
179 183 445
236 378 390
69 70 236
60 63 145
207 234 360
15 160 199
68 73 90
195 199 348
166 298 299
237 409 445
39 104 110
15 47 252
51 58 69
250 323 346
61 69 139
261 287 382
20 103 117
405 449 468
172 333 345
242 356 399
51 314 336
272 292 317
268 276 441
364 381 487
206 216 223
150 162 368
84 414 448
58 65 158
3 200 210
8 44 126
15 46 458
3 7 110
163 289 299
417 434 441
187 421 441
5 11 87
206 473 482
76 454 489
224 258 290
20 26 142
365 452 472
139 350 373
18 106 126
377 435 449
56 97 107
7 332 344
59 66 307
160 199 350
204 236 248
59 423 432
145 420 429
253 276 485
61 69 408
52 173 183
244 246 485
136 142 474
255 364 380
26 66 99
312 329 374
230 235 258
69 94 207
211 228 229
259 277 374
163 411 435
74 82 376
258 268 392
363 375 395
105 204 230
19 33 130
65 387 395
302 321 357
193 423 432
45 226 236
366 390 401
51 94 265
6 312 319
111 389 393
90 473 495
262 279 325
100 102 121
7 34 482
55 98 185
3 37 432
5 177 182
15 17 445
25 57 73
205 246 330
267 268 461
92 96 458
254 262 453
363 411 420
446 467 472
37 38 280
353 394 486
116 125 287
6 41 260
106 319 322
65 453 455
51 59 495
197 363 385
170 195 212
157 404 419
47 104 145
435 450 477
146 260 284
59 434 444
103 149 200
418 489 492
67 298 299
152 361 390
174 411 448
213 216 469
11 102 136
249 369 373
467 492 499
13 264 272
21 28 424
24 28 275
234 450 497
215 258 272
52 215 240
243 438 449
62 413 419
24 46 220
114 118 173
59 330 332
69 71 74
69 252 292
262 293 359
1 18 388
10 110 143
453 486 495
4 19 135
300 306 329
300 318 338
14 409 435
41 116 132
305 308 326
100 355 381
404 409 433
302 334 366
200 242 468
3 20 481
246 362 385
137 163 168
286 293 317
8 35 177
84 94 348
186 189 234
33 43 433
157 190 271
396 451 454
1 28 114
113 131 438
29 352 388
295 303 308
241 463 498
241 253 277
9 10 473
151 261 283
29 85 87
22 305 314
104 355 360
155 187 270
218 360 394
10 253 267
49 371 382
9 151 174
89 432 448
213 337 339
250 259 425
334 423 427
363 365 485
221 228 392
357 370 391
225 310 328
12 48 452
307 328 351
287 352 363
221 222 446
50 89 499
53 67 103
221 232 240 453
63 82 354 375
110 400 414 425
278 372 380 411
31 44 321 354
31 319 335 391
43 410 417 431
36 368 375 493
1 115 130 325
91 219 236 241
123 124 287 431
310 329 423 430
272 277 296 447
187 314 460 471
78 144 161 187
7 59 86 430
52 95 250 494
56 247 365 374
164 255 415 422
35 46 71 402
155 185 197 379
122 337 347 483
188 268 409 432
386 402 407 428
12 53 86 160
169 312 484 488
0 328 378 384
341 362 375 379
52 85 95 422
290 310 411 429
61 287 364 382
111 387 473 495
50 202 229 295
287 359 399 417
124 303 333 347
132 141 348 453
66 258 262 448
24 164 175 268
89 177 186 303
250 282 362 411
177 366 377 416
54 446 448 492
122 130 204 230
80 92 334 482
33 332 341 466
27 86 460 492
143 341 346 426
57 92 122 282
260 271 358 480
19 263 280 289
66 91 377 378
43 154 156 184
112 114 127 451
52 60 258 385
15 203 209 310
109 212 215 237
236 239 285 487
212 345 478 487
68 87 256 269
117 145 148 218
212 219 330 338
24 42 269 437
352 361 437 467
105 229 265 266
4 6 104 350
98 152 176 312
6 17 251 266
50 73 154 378
130 140 407 484
255 306 332 388
147 357 372 484
110 163 232 248
51 317 328 460
123 272 293 298
54 252 253 347
123 145 259 454
6 86 91 299
337 354 359 451
69 72 210 433
23 183 250 278
175 192 340 420
82 155 311 344
80 81 115 467
80 92 174 196
55 66 135 182
57 79 95 179
110 196 373 399
79 83 87 407
199 222 319 335
164 355 420 445
108 117 418 487
380 398 470 499
312 416 437 476
85 89 183 473
26 41 174 346
17 37 443 487
111 463 475 494
235 266 437 439
60 82 261 482
268 296 306 408
14 210 242 402
116 136 267 281
353 378 390 397
31 192 355 398
161 175 225 365
248 273 459 475
92 208 241 316
129 130 253 341
213 247 314 483
27 44 45 288
61 93 461 462
237 261 262 476
366 376 389 469
55 88 366 384
15 417 478 499
47 48 343 483
129 256 280 329
126 202 209 250
30 92 364 389
33 226 242 351
129 141 373 400
125 182 189 193
424 445 485 497
24 133 163 165
155 213 232 327
244 330 341 363
305 347 407 412
73 129 138 199
32 293 300 304
248 413 470 493
62 174 198 456
101 118 327 448
153 222 415 440
51 52 87 105
157 161 163 461
28 40 61 445
207 248 313 366
43 169 189 376
168 180 337 468
243 303 327 474
16 231 357 374
12 27 77 140
19 232 490 493
157 178 259 284
88 205 401 443
157 175 225 427
264 266 273 476
166 171 279 353
115 306 336 346
38 176 196 362
49 345 418 434
87 299 461 489
51 267 429 449
116 425 436 451
253 279 326 412
60 316 321 465
167 185 214 291
247 272 352 357
33 45 103 145
214 228 411 419
429 447 470 475
76 159 185 221
104 135 248 491
320 414 419 492
59 202 231 473
208 210 308 320
52 305 317 348
113 172 184 199
120 359 435 449
9 87 90 389
67 85 90 253
190 351 354 363
206 220 375 394
171 254 299 332
118 145 299 488
3 5 169 264
39 46 47 377
37 186 195 197
29 37 148 322
25 310 340 474
50 173 218 225
63 79 134 455
95 312 489 496
2 33 176 473
352 397 454 489
62 63 163 285
328 382 394 428
16 265 286 294
113 358 396 412
313 344 380 493
10 15 42 289
261 279 286 381
60 91 206 339
7 72 96 345
20 25 157 490
201 272 278 444
179 288 413 414
46 156 173 189
48 394 479 489
1 44 84 442
153 222 300 326 406
115 175 424 430 441
24 57 98 129 462
156 198 217 286 390
115 334 338 347 433
15 311 431 451 467
75 97 271 452 467
237 276 402 427 435
150 155 377 425 474
11 34 56 252 382
68 103 114 302 472
62 360 382 394 499
11 135 406 414 436
51 73 176 402 443
184 287 355 451 459
83 144 153 171 442
158 176 252 276 360
53 164 209 228 405
16 57 93 330 337
265 272 276 314 408
19 116 169 287 295
94 160 183 378 465
143 219 408 417 438
126 374 380 384 490
292 342 355 358 399
4 165 186 222 431
103 155 198 411 424
176 258 268 320 360
112 163 187 197 351
5 11 165 202 203
19 36 138 388 493
50 95 135 223 363
63 114 135 144 386
205 207 351 440 468
103 187 192 343 449
15 46 123 171 421
143 148 270 408 460
54 82 156 260 272
117 162 182 362 387
62 100 149 261 432
86 87 337 442 482
105 165 181 228 244
14 243 283 296 310
34 49 285 352 480
37 49 248 273 445
21 210 257 276 349
187 317 354 386 430
10 33 61 72 427
112 149 241 321 389
47 87 298 475 491
172 238 261 302 317
61 189 193 444 466
4 117 143 406 490
27 95 128 141 311
118 146 254 459 461
38 177 206 470 485
19 23 199 401 471
61 64 163 227 415
177 217 354 368 467
67 81 192 389 487
104 148 311 312 368
23 128 131 209 334
30 209 236 314 467
11 22 111 352 461
3 279 385 466 499
72 99 122 297 426
0 5 12 131 167
75 105 365 433 435
0 4 118 160 203
112 123 294 441 468
44 72 156 170 467
56 117 155 169 467
181 291 310 463 473
78 180 221 235 342
114 219 223 348 443
2 80 255 307 343
157 173 207 231 468
244 283 406 437 443
68 137 271 379 384
136 164 173 454 495
310 311 323 330 409
159 198 263 267 410
77 83 213 360 365
14 132 275 295 353
114 126 288 345 398
112 168 315 324 413
194 309 346 468 486
55 78 121 382 404
90 91 99 159 166
313 361 400 442 487
47 361 368 380 421
71 126 143 161 239
368 389 405 426 481
91 226 235 324 461
180 183 188 441 457
294 335 347 397 398
90 156 195 280 398
1 247 417 457 485
391 395 405 461 493
115 139 301 302 400
12 140 256 264 401
105 157 196 271 383
14 30 94 374 465
91 204 225 263 353
65 361 450 480 488
12 37 151 164 205
24 48 154 167 318
86 105 126 268 455
174 256 265 333 422
85 104 117 185 271
181 241 296 353 380
11 23 26 136 314
1 13 26 260 446
65 96 183 224 443
104 147 213 424 485
58 114 116 305 339
58 85 346 429 433
72 124 161 174 385
218 274 402 407 428
112 128 132 382 447
89 91 261 339 380
71 169 328 331 370
9 32 398 423 474
30 47 167 448 499
53 86 122 158 450
52 80 184 231 246
40 49 64 276 411
19 40 364 442 446
50 66 408 426 444
176 178 195 268 444
42 355 370 388 460
100 131 375 407 463
154 276 311 400 409
101 121 136 372 472
13 28 129 259 287
83 219 249 448 449
36 192 302 365 392
12 53 264 280 346
317 319 334 363 390
34 406 453 482 486
264 274 292 379 467
138 143 165 220 288
56 58 78 320 410
64 202 204 208 209
3 78 101 114 376
188 204 211 303 429
35 216 243 349 496
211 228 253 272 370
200 233 280 390 474
34 58 85 363 404
211 226 362 373 430
91 220 224 240 425
149 151 166 195 424
17 37 219 421 442
48 50 68 89 353
60 195 207 215 330
182 196 231 375 377
84 181 308 477 496
29 315 353 413 419
128 200 220 233 320
100 101 141 186 299
15 19 196 360 367
119 131 308 337 446
73 357 379 381 404
11 21 46 223 324
134 250 372 376 398
6 23 47 168 290
42 304 405 421 450
272 293 333 387 440
122 337 352 377 417
47 167 178 267 289
121 315 396 450 479
81 182 414 457 487
18 297 308 459 464
208 315 390 490 494
150 280 287 364 497
63 159 169 173 355
13 17 35 214 351
244 300 307 374 467
11 28 159 207 377
60 371 382 462 469
44 347 358 382 431
28 38 270 402 434
163 180 326 395 479
114 301 316 319 326
14 42 69 201 471
66 216 234 246 467
160 218 316 320 340
14 44 63 193 497
310 347 388 454 472
57 264 276 303 470
1 12 253 331 333
33 39 157 266 400
210 318 355 479 490
41 83 229 461 492
446 449 456 458 471
72 81 321 325 362
85 116 270 403 420
10 37 116 354 486
94 163 310 319 465
4 88 91 456 457 473
148 192 265 272 291 418
133 159 197 286 407 409
112 179 248 358 364 391
51 79 284 354 427 434
6 43 146 150 248 328
2 31 205 230 389 421
4 134 141 318 353 394
15 25 90 275 293 298
26 52 258 334 346 409
87 300 351 370 408 483
146 173 214 242 256 354
19 59 67 102 118 479
41 55 66 105 425 485
205 301 386 399 486 496
76 86 127 211 294 482
118 137 139 149 228 393
5 29 30 71 105 401
71 261 342 355 361 375
27 35 45 92 481 496
68 187 213 280 299 311
59 166 353 377 394 427
78 245 342 352 369 470
237 314 324 377 402 414
156 219 253 280 370 459
27 39 116 384 473 490
137 177 386 403 427 480
118 120 143 248 369 408
75 98 148 362 397 490
19 121 175 190 195 216
20 372 395 408 413 443
0 29 63 191 406 479
62 86 143 242 393 401
79 99 187 242 323 349
221 286 304 319 349 476
100 126 327 340 364 499
74 85 94 132 394 473
222 263 292 398 460 493
14 17 324 346 362 390
48 118 291 292 330 376
0 13 46 109 114 285
83 123 141 201 221 355
16 35 46 114 144 246
118 162 229 260 295 353
72 213 235 257 328 347
169 211 241 244 287 340
21 26 109 113 240 336
35 89 260 265 462 478
5 171 218 225 241 366
82 91 104 261 431 435
32 36 163 177 329 430
0 8 274 276 298 343
215 293 319 327 342 366
160 163 165 173 220 405
61 219 241 246 300 319
3 228 295 296 368 424
68 223 323 452 465 489
60 92 324 331 470 498
3 98 165 369 431 445
57 366 398 419 426 487
43 150 214 240 347 389
14 24 28 35 129 143
97 322 377 466 491 499
9 174 188 205 243 373
42 50 61 88 219 465
206 279 291 343 395 463
46 50 160 187 265 455
28 87 133 425 434 449
174 185 308 327 386 431
2 62 83 424 443 499
32 180 194 198 445 465
26 50 315 317 405 409
23 60 267 430 454 474
106 203 333 383 459 473
18 33 51 273 383 393
71 107 148 286 290 378
103 187 330 378 452 484
108 163 228 244 413 423
24 152 369 373 374 390
172 205 210 224 417 487
17 114 149 172 296 468
138 213 280 299 320 498
28 146 158 198 255 440
103 124 140 223 246 313
114 115 127 177 336 386
271 290 295 385 447 449
8 39 201 228 299 496
4 22 227 335 414 447
162 286 304 312 361 482
235 247 452 454 496 498
30 120 223 246 459 499
26 241 306 326 337 438
32 147 156 162 293 308
85 162 164 256 295 466
182 302 321 323 334 382
47 342 389 412 420 450
146 421 446 450 455 461
25 212 462 486 494 497
171 194 222 257 388 471
1 20 39 41 170 428
22 74 200 310 471 492
72 111 120 161 165 398
226 241 280 355 412 493
13 28 54 141 271 384
4 27 102 287 359 406
8 55 91 171 364 484
283 294 358 363 380 408
21 30 31 82 127 358
87 213 331 431 443 447
45 171 250 432 445 497
17 189 354 360 479 490
127 129 136 285 309 433
71 91 99 145 430 472
6 54 82 86 416 476
37 65 205 418 424 446
155 187 188 250 391 422
38 152 417 474 482 483
192 201 205 208 282 470
32 229 309 411 414 432
146 175 180 221 240 438
10 119 133 309 327 408
35 166 300 316 393 449
59 68 96 135 322 413
26 109 118 177 288 396
60 159 173 265 320 337
6 158 377 403 428 471
92 147 349 408 460 492
60 65 153 324 468 494
59 61 178 186 328 483
24 50 81 182 270 329
122 150 309 338 465 470
112 137 175 193 276 360
102 118 130 266 302 361
55 106 108 122 137 254
8 145 149 172 182 311
42 218 223 231 244 308
179 237 250 261 364 444
23 87 228 411 440 456
74 110 116 191 477 488
7 28 67 79 316 399
136 149 242 243 272 418
3 78 214 265 293 426
28 70 235 400 418 448
64 65 91 177 281 286
93 205 227 240 304 465
136 167 177 253 357 368 393
18 19 67 233 259 291 367
277 309 340 388 391 401 429
96 194 273 289 405 467 490
85 113 193 215 410 481 493
187 208 243 252 284 412 441
29 100 155 190 335 346 475
43 69 79 161 211 212 227
69 136 214 225 273 317 389
15 68 70 77 90 144 429
57 100 408 418 430 435 449
236 250 324 422 456 459 485
9 299 355 383 385 448 485
53 116 132 138 276 336 408
226 234 261 266 333 352 424
2 38 43 169 248 282 404
8 184 250 352 358 391 392
19 121 134 224 367 461 494
22 96 142 326 343 406 417
83 158 309 366 382 398 442
194 202 293 404 411 425 459
89 229 231 280 332 381 399
53 86 108 117 141 360 403
139 176 270 353 367 384 473
15 59 78 171 179 229 267
5 56 87 239 400 407 429
94 187 216 249 335 337 492
75 210 259 331 332 398 465
0 119 167 196 272 361 371
49 74 95 129 364 469 477
37 142 268 291 299 432 456
41 55 61 96 156 260 360
60 83 239 268 299 324 485
27 44 86 205 237 393 478
98 140 229 316 318 320 352
89 188 205 267 293 351 460
58 171 188 230 384 395 450
141 155 233 359 374 394 493
96 114 148 244 383 386 478
219 253 311 318 393 470 494
72 194 211 311 421 423 474
38 206 210 216 392 476 496
5 41 61 67 176 235 368
147 206 221 228 247 421 430
18 204 211 246 248 300 386
177 178 190 276 395 396 492
92 240 251 331 373 414 432
66 234 389 413 445 448 453
114 119 171 361 363 409 443
233 243 256 389 451 454 459
20 21 167 200 202 220 477
19 43 45 54 112 335 417
10 241 278 285 326 412 454
35 44 64 85 234 350 483
13 27 143 210 232 327 464
22 178 186 210 265 298 318
90 134 205 234 355 393 454
10 22 38 174 268 426 483
32 148 219 226 316 375 479
138 207 274 402 412 415 443
7 76 81 106 144 347 429
62 253 303 361 380 431 457
19 39 40 47 83 315 358
29 84 133 142 145 273 425
19 105 145 250 357 478 495
77 121 225 305 383 403 435
32 149 191 415 441 445 491
35 155 210 239 255 257 443
8 24 53 128 241 459 471
1 19 27 82 124 264 322
86 104 201 216 255 288 404
130 213 233 279 296 323 383
72 180 196 279 287 297 414
3 55 83 103 136 206 279
106 145 150 185 188 255 415
37 92 309 312 357 361 407
84 211 246 302 328 388 471
4 120 122 145 151 239 428
56 63 217 270 279 361 423
5 231 262 314 336 427 498
11 15 27 209 258 325 329
99 185 262 323 356 364 377
102 108 134 346 410 433 454
69 71 96 109 276 452 479
23 139 163 222 306 308 315
275 331 363 437 465 482 493
69 264 265 367 387 388 480
6 26 30 111 253 352 476
12 51 120 145 250 272 429
1 140 159 237 302 315 328
58 100 128 140 151 201 444
8 26 93 151 291 347 447
104 162 194 203 244 314 440
4 54 224 232 311 400 448
83 90 93 173 188 289 341
62 77 117 218 312 332 384
20 56 76 161 297 495 496
7 66 111 117 147 148 444
6 21 251 294 324 345 419
8 56 78 87 97 284 383
112 154 155 170 194 281 413
133 148 156 313 330 443 483
43 83 126 140 159 185 229
88 104 223 242 352 363 376
69 211 270 302 316 334 468
200 215 248 264 280 337 401
52 122 237 277 402 454 472
1 169 279 288 323 350 494
26 29 194 227 281 285 367
10 33 110 132 240 340 492
27 271 332 349 351 359 468
90 97 269 325 402 427 440
266 275 317 329 392 399 450
172 206 374 378 389 453 462
0 229 239 242 289 340 477
13 92 362 375 382 395 483
325 328 335 356 360 381 391
64 65 178 210 244 361 370
14 48 81 121 137 217 271
22 48 64 347 357 426 427
23 29 75 185 245 356 413
168 277 294 314 356 390 455
57 142 206 263 366 381 399
3 43 214 220 332 340 386
34 69 226 328 329 477 492
237 250 252 256 364 412 430
132 312 323 387 403 409 431
8 12 100 113 362 419 422
44 90 97 233 300 308 367
61 142 144 225 289 300 328
37 54 113 133 137 149 229
5 18 43 102 170 178 375
30 37 75 80 85 90 317
26 43 53 170 274 391 395
88 91 160 180 193 217 369
10 21 238 265 377 456 457
20 69 166 180 185 352 377
37 39 113 281 288 335 442
88 209 279 281 348 354 448
24 43 72 90 142 217 379
44 158 165 199 270 282 392
68 85 133 206 242 422 426
54 346 367 385 405 475 476
6 155 160 164 297 417 425
32 77 105 145 149 200 438
11 40 126 200 235 343 439 447
16 35 93 126 196 449 482 489
10 158 189 255 405 449 480 488
95 249 298 392 423 432 434 449
62 354 413 420 429 438 466 468
106 175 313 325 332 392 411 420
106 136 142 154 235 257 407 440
44 116 187 261 272 287 360 470
103 112 134 176 334 339 354 469
12 33 40 60 253 276 314 417
87 88 204 233 289 292 295 318
91 163 233 240 264 292 349 410
0 64 70 192 381 387 395 474
24 191 201 213 246 261 355 456
132 152 154 248 305 359 463 478
41 57 98 125 187 335 383 485
55 153 313 317 343 376 461 471
52 146 161 180 248 321 358 467
7 104 119 145 182 201 337 361
0 15 38 90 146 217 366 373
106 136 175 209 253 267 295 327
111 113 126 226 244 379 396 465
33 75 169 221 266 282 330 405
46 104 138 178 183 298 323 363
63 78 122 289 313 345 414 457
120 193 256 324 336 338 364 485
35 38 84 111 288 316 341 353
182 195 210 388 457 467 470 477
143 149 206 208 214 271 308 313
15 188 220 292 306 317 325 432
28 152 193 227 248 305 346 474
21 149 152 204 259 452 461 480
9 108 121 134 228 332 338 461
80 165 259 342 369 377 384 424
40 163 169 187 233 411 414 422
76 135 259 275 314 366 421 497
52 82 100 126 171 197 255 398
17 48 57 98 142 217 225 429
15 153 204 275 280 298 423 441
4 60 61 72 75 255 303 340
8 102 280 292 338 377 441 447
45 64 72 190 259 364 479 486
79 203 216 235 250 285 329 483
95 105 204 244 328 340 419 447
94 197 228 232 249 369 459 461
36 123 187 207 211 227 352 397
2 41 164 187 191 192 203 207
71 91 128 182 266 382 393 459
4 128 143 183 264 272 351 493
56 116 296 305 361 454 475 485
14 265 272 364 403 410 427 468
50 77 81 168 193 229 236 274
49 119 231 237 240 361 371 429
176 187 251 256 315 405 407 484
1 39 45 96 204 272 409 410
137 206 213 383 399 412 448 459
5 18 28 170 224 256 272 295
36 128 172 434 443 462 469 476
101 151 183 216 231 331 372 417
100 117 179 326 352 402 411 484
18 23 34 66 211 292 338 373
61 130 184 260 355 457 464 482
15 19 24 234 379 389 409 429
75 104 142 233 237 293 491 494
83 87 194 413 419 425 442 483
33 35 95 256 276 312 383 444
3 60 70 161 284 359 371 462
16 112 185 261 329 332 342 396
60 81 106 118 259 284 332 479
166 198 308 392 436 477 485 491
89 94 109 162 192 202 415 461
179 189 196 197 273 286 371 481
8 49 63 91 165 180 378 490
2 9 22 75 189 301 311 381
12 29 39 124 304 319 326 439
48 73 214 225 247 292 326 384
49 92 127 131 170 265 295 310
33 83 100 124 206 230 246 312
32 39 83 92 200 201 205 379
197 239 303 341 347 446 454 499
32 149 160 165 184 269 428 487
10 141 246 320 404 407 412 449
66 70 92 113 241 298 305 380
74 88 150 203 206 230 331 470
80 86 107 156 255 406 408 409
126 191 260 363 409 460 476 477
78 106 133 205 218 249 402 491
76 168 204 406 409 416 419 445
41 145 173 309 329 340 423 437
26 158 164 187 230 309 364 467
161 181 194 210 228 232 433 449
51 102 121 126 223 318 337 462
33 55 115 146 364 406 484 487
106 257 279 288 294 396 422 451
83 105 170 177 363 435 461 470
37 74 116 271 450 452 485 491
64 93 224 272 335 379 428 458
0 20 216 264 267 407 445 450
98 199 229 337 348 396 426 428
85 123 178 260 269 270 289 387
13 61 154 157 187 366 464 496
46 230 236 310 323 331 332 416
47 95 101 109 136 164 388 435
10 39 124 271 328 423 447 476
107 161 263 275 287 327 338 393
8 33 54 182 359 464 467 474
75 88 294 389 413 440 458 484
97 227 229 265 355 358 427 432
147 219 328 350 355 399 471 479
28 33 55 81 133 323 363 451
26 231 267 313 342 369 414 421
19 45 88 148 196 198 324 416
105 234 265 273 295 350 477 487
51 67 141 351 355 398 418 433
76 249 260 339 410 424 445 471
39 185 190 254 292 334 355 414
48 61 372 378 387 393 453 472
15 40 47 81 187 233 327 484
79 132 214 264 269 277 456 490
21 105 115 171 176 190 447 458
101 114 142 188 225 303 318 397
12 352 364 384 390 405 429 495
11 62 65 71 154 263 299 356
25 64 117 208 306 358 434 435
223 301 313 333 381 382 427 481
102 165 228 277 394 466 471 490
7 9 91 95 211 326 479 486
69 75 173 179 235 288 447 452
154 162 177 182 275 279 327 351
9 81 157 353 366 388 389 424
5 67 74 211 259 299 310 334
41 162 190 300 326 344 421 425
13 88 111 320 344 348 413 444
47 68 151 162 174 175 322 406
21 167 244 271 331 340 427 441
157 207 226 262 283 344 403 426
68 223 307 406 421 429 438 448
10 14 18 75 131 252 360 453
71 153 160 331 343 350 452 487
53 101 213 316 338 347 438 444
42 114 115 271 282 323 326 436
202 222 249 324 413 458 463 480
20 222 240 335 350 368 457 474
35 37 141 202 224 257 450 469
14 101 188 357 373 401 407 440
29 42 61 76 171 196 202 295
9 101 186 212 213 270 273 325
39 52 55 177 256 302 410 456 486
2 32 141 272 317 337 362 459 487
30 78 105 136 138 149 239 444 465
118 183 200 205 305 373 398 400 427
106 152 209 378 393 452 462 481 491
132 154 183 243 297 382 436 440 473
91 111 123 152 160 268 378 421 455
39 45 118 134 201 297 305 399 426
91 92 133 243 269 371 401 425 429
13 73 147 160 167 418 421 450 482
35 46 68 69 194 280 282 295 419
71 188 191 192 310 312 344 382 459
42 90 96 180 228 258 365 394 438
140 185 206 231 243 245 448 450 471
12 31 46 70 72 126 350 378 457
80 173 190 217 272 336 412 476 479
30 35 150 183 250 285 363 389 447
7 106 158 159 326 379 428 463 477
2 59 120 135 159 206 213 242 375
82 93 118 158 190 244 259 274 391
50 214 260 265 363 425 452 465 469
14 108 181 229 230 241 361 416 430
32 54 83 90 157 164 170 399 436
2 94 248 272 275 307 402 449 464
31 42 109 118 124 137 242 450 495
0 64 65 72 75 99 225 452 478
35 145 196 219 294 402 460 476 484
54 85 87 307 308 339 380 428 493
60 86 137 285 304 319 329 440 452
6 14 42 62 123 160 175 252 466
73 84 99 119 177 225 341 345 496
10 62 158 171 202 236 301 424 446
4 52 126 182 200 287 356 360 418
133 149 191 203 210 459 461 492 498
32 102 135 140 186 314 401 450 465
7 20 50 58 71 405 418 440 495
28 70 77 104 115 128 258 316 433
42 113 124 127 217 248 383 459 480
90 104 111 131 153 165 180 282 342
7 28 31 163 170 262 314 462 474
139 181 183 250 285 366 433 479 497
4 54 60 70 86 99 128 177 225
78 94 165 214 228 231 237 283 334
82 108 112 132 134 273 303 424 448
2 41 76 137 162 230 296 358 496
18 129 202 339 421 439 455 462 468
5 98 113 201 228 237 240 287 313
14 49 133 146 182 244 374 397 412
90 177 201 205 251 261 362 378 456
13 14 188 250 308 374 388 410 466
215 241 244 260 274 275 276 295 320
8 83 86 105 202 297 319 461 474
3 23 32 256 286 339 353 453 480
8 164 176 249 268 270 286 461 498
80 91 155 253 266 289 465 473 496
80 185 192 267 316 318 417 420 462
47 109 220 243 246 310 348 373 468
10 21 31 47 342 380 476 480 499
43 46 99 105 211 221 256 301 460
124 218 274 301 304 337 365 398 480
4 85 178 256 272 273 281 293 373
81 83 105 117 132 226 276 336 478
13 118 178 309 326 355 417 452 476
70 104 127 159 162 168 255 285 401
70 166 316 337 397 406 410 443 487
9 88 123 197 199 204 225 308 401
29 117 123 163 282 297 317 361 454
34 41 44 81 84 265 309 345 410
47 164 219 222 235 318 327 360 447
166 225 264 266 287 305 387 411 492
32 65 225 228 238 282 375 389 447
74 82 130 159 168 210 398 424 483
14 22 52 71 75 84 289 349 447
2 14 39 46 110 130 148 158 178
27 136 157 204 296 353 423 462 474
38 112 155 187 246 253 314 357 370
19 78 83 223 251 302 404 456 496
30 54 167 181 201 290 337 386 420
239 244 253 337 342 355 360 397 488
89 148 166 169 173 184 196 426 471
54 118 163 164 212 230 337 423 449
116 139 175 304 316 391 405 419 464
29 53 82 102 152 162 200 316 414
4 5 27 81 258 454 465 471 493
1 29 86 89 183 219 292 477 499
3 29 76 176 272 297 359 372 462
55 57 66 97 142 202 323 350 437
71 80 86 96 138 152 328 463 492
133 157 164 178 227 311 367 431 443
103 127 169 211 214 227 355 361 420
12 23 71 150 219 337 403 405 476
12 24 35 121 148 150 172 192 220
6 26 257 328 349 360 425 426 475
12 108 110 268 293 465 479 492 494
35 37 76 136 221 306 337 348 411
99 107 188 198 340 373 389 474 499
51 56 98 159 167 199 256 299 395
32 126 189 236 296 338 348 467 499
53 72 130 170 235 273 301 438 496
62 99 134 291 294 325 331 351 381
25 35 142 145 153 161 173 194 246
3 30 34 77 201 211 231 363 393
36 51 72 223 234 236 248 333 491
167 191 192 200 211 231 255 394 442
46 77 89 144 152 206 254 462 495
100 104 163 221 250 282 337 339 414
76 92 114 133 293 405 429 492 494
110 194 196 238 296 305 344 371 400
27 30 91 95 155 227 280 321 326
18 42 141 172 215 401 435 461 497
22 26 73 97 179 186 228 485 494
137 219 249 384 419 423 428 452 487
16 79 128 269 281 320 365 387 483
61 68 97 192 245 253 348 444 469
14 28 54 112 145 334 411 412 443
119 133 144 179 236 302 303 330 437
29 90 246 336 382 420 430 481 497
55 90 99 133 259 318 347 440 496
55 76 102 131 174 203 292 358 378
184 216 246 349 354 386 458 464 490
103 123 143 193 324 410 422 446 487
16 37 65 84 253 260 281 284 485
109 284 286 298 353 378 413 471 480
63 191 200 206 227 330 448 459 486
113 181 224 226 257 264 278 280 457
10 175 180 229 238 245 279 301 335
18 45 46 53 57 324 337 393 417
58 69 163 217 344 367 436 439 489
4 66 120 157 288 306 346 380 478
48 225 342 345 361 412 423 429 444
16 42 95 163 192 435 455 482 488
23 65 111 141 163 328 330 444 465
29 98 124 157 188 197 219 295 442
13 14 24 28 60 147 172 279 490
32 54 61 107 111 169 306 322 444
0 11 21 217 288 382 398 490 496
29 96 157 182 198 263 316 359 395
75 110 215 242 383 394 408 445 450
52 99 171 175 186 209 282 306 346
53 83 137 155 206 234 255 290 390
115 197 203 278 333 339 352 383 453
60 213 324 350 433 437 438 453 487
18 159 165 198 272 290 300 403 405
76 160 202 213 222 277 309 352 441
42 62 134 154 155 281 298 461 470
65 95 115 236 248 347 360 398 467
2 17 29 91 217 383 449 463 471
2 36 37 169 196 231 358 386 439
13 27 105 179 264 361 440 464 494
29 96 99 178 278 301 312 316 461
44 82 202 213 262 317 358 385 466 483
33 40 112 123 240 337 378 409 423 493
31 40 47 120 301 313 347 351 370 395
38 107 147 243 306 326 358 393 435 498
146 253 260 269 286 304 319 460 488 498
17 58 110 132 141 287 305 375 379 455
37 123 213 223 232 327 343 410 489 499
53 57 68 173 174 291 317 326 415 480
8 51 133 221 243 369 374 419 428 496
86 185 197 204 296 324 332 418 439 445
103 131 158 182 197 314 364 382 388 426
162 167 259 264 286 319 367 369 416 450
24 67 79 101 117 133 245 313 332 401
51 55 103 111 151 201 232 276 338 342
13 22 35 273 283 317 361 406 414 493
3 192 201 249 367 386 398 413 460 483
52 132 159 189 192 256 300 317 338 406
2 32 120 121 149 305 324 345 383 413
182 198 217 249 272 285 292 408 462 475
5 49 51 170 258 329 347 398 457 476
4 7 69 145 149 171 180 184 409 426
114 178 209 215 236 243 350 442 463 498
69 164 201 248 279 364 379 390 445 457
1 30 83 87 208 342 444 459 474 481
117 124 131 220 221 245 295 368 432 467
1 15 99 259 299 322 328 373 437 464
11 12 43 225 255 336 338 419 442 461
15 122 184 186 207 230 265 269 292 396
27 40 66 71 76 155 348 360 385 489
3 16 106 251 339 346 360 375 476 484
10 56 61 194 209 314 411 427 435 442
1 130 172 261 291 313 319 362 363 435
99 178 189 201 224 332 374 392 441 485
8 142 186 251 269 297 308 323 333 486
37 75 135 139 180 203 206 308 329 390
0 7 47 72 89 317 375 434 443 499
64 254 340 342 412 415 446 457 464 475
205 227 255 266 276 382 402 491 498 499
32 45 73 224 246 258 327 374 393 408
49 87 119 132 151 213 264 312 318 324
10 46 195 242 259 267 401 417 440 470
15 48 76 129 243 378 422 458 461 498
18 98 109 179 208 286 324 345 411 424
29 107 159 166 237 245 299 349 357 370
19 39 96 173 213 215 247 281 322 490
128 133 196 197 315 342 363 427 455 491
23 166 301 314 317 350 416 449 452 468
71 116 140 182 186 211 337 340 382 487
33 67 202 232 236 265 312 367 441 450
34 63 86 187 277 321 350 375 479 486
25 44 119 227 237 250 359 376 389 425
0 18 95 135 216 240 360 409 494 496
137 238 240 344 347 348 410 447 454 485
20 35 85 255 280 300 466 483 485 492
51 93 129 212 277 310 372 380 476 497
12 32 137 141 208 215 246 270 283 322
8 28 112 138 142 224 243 304 371 395
32 131 185 196 251 256 278 407 423 443
116 122 131 188 280 375 402 409 489 493
55 68 103 106 205 208 359 462 467 472
24 32 40 269 284 287 325 436 455 472
82 102 106 140 266 285 313 350 376 472
29 68 224 292 312 330 388 432 435 477
25 100 107 143 183 313 316 339 360 453
52 61 92 138 154 200 300 308 365 370
15 81 111 141 175 186 232 320 481 499
7 149 169 216 302 310 318 393 421 463
74 128 178 327 400 417 424 445 446 456
118 208 209 231 248 310 332 414 455 462
116 211 241 244 262 307 315 330 368 451
22 67 96 99 137 222 321 427 465 474
8 67 79 86 203 255 258 315 359 459
70 82 191 207 376 429 440 444 458 474
20 103 113 164 175 230 237 330 378 428
3 22 76 85 182 269 351 369 422 464
72 109 144 145 267 282 352 388 392 406
28 33 34 106 136 181 265 331 468 499
36 62 204 226 229 240 255 256 257 281
101 139 143 149 171 212 242 292 321 425
70 118 155 174 275 288 337 424 438 470
88 203 221 301 328 333 384 390 424 473
49 56 66 90 275 295 322 325 367 444
97 100 118 151 182 205 211 229 293 382
40 175 230 247 249 372 426 448 450 452
33 196 228 266 304 351 353 358 434 463
40 54 65 74 164 209 242 386 431 493
55 68 108 142 160 198 263 333 365 395
27 60 66 81 167 201 282 323 366 438
138 259 261 263 269 306 350 358 438 472
89 95 126 176 279 436 454 456 480 495
67 82 99 194 198 206 213 242 386 387
32 83 132 145 269 376 392 452 469 473
0 25 79 93 106 200 237 288 315 414
8 25 65 66 173 192 270 291 318 457
22 162 166 200 231 278 376 400 422 479
17 23 122 186 334 381 386 399 407 413
61 113 182 278 307 382 440 477 483 487
75 243 267 312 318 319 339 368 383 474
1 39 116 143 270 287 388 394 396 404
13 41 122 188 212 227 255 367 393 401
207 217 231 278 320 347 380 414 468 472
37 132 136 313 391 393 399 416 430 471
179 232 316 318 341 386 436 437 453 464
108 196 214 257 268 290 346 363 484 493
46 74 204 206 226 230 240 292 416 420
19 119 128 137 357 399 404 412 465 469
0 132 209 248 259 299 408 431 444 498
6 14 76 191 200 204 211 220 243 334
176 188 198 231 265 399 424 426 439 475
153 201 203 244 271 277 318 322 327 467
70 181 193 232 262 272 308 379 448 498
5 11 17 151 173 197 289 330 394 489
14 57 59 118 132 166 320 353 412 449
68 73 86 136 153 318 377 395 462 475
85 165 169 325 340 412 426 434 455 494
8 58 59 102 128 160 238 247 328 376
100 133 155 255 285 300 308 382 430 464
31 42 200 223 237 295 358 362 364 408
5 16 29 57 91 96 178 199 276 453
2 129 172 244 262 280 290 298 353 446
25 57 95 98 151 155 157 241 255 270 365
2 29 99 115 124 128 175 186 188 277 281
19 35 43 95 154 305 325 339 354 361 438
167 195 270 282 295 298 311 361 470 484 487
13 19 187 202 209 249 308 336 383 392 434
6 17 24 155 174 178 220 276 382 385 489
3 22 123 161 263 278 331 436 445 449 464
5 16 104 140 218 221 260 296 322 336 467
124 134 147 164 171 189 312 355 379 413 472
50 51 75 195 209 221 261 267 340 422 471
44 58 59 65 177 188 196 256 258 338 441
45 54 62 83 166 224 241 367 442 457 484
39 252 253 282 295 354 355 364 439 457 498
4 94 143 278 306 312 331 349 419 422 437
12 84 98 116 201 308 363 386 388 395 408
0 42 45 103 130 216 231 240 310 426 486
14 35 102 192 275 288 345 367 440 450 459
60 106 108 119 193 260 265 292 311 414 489
1 15 111 135 169 230 272 277 292 299 305
106 158 283 321 349 382 419 424 427 449 461
55 62 91 115 180 203 209 240 338 376 445
13 31 75 94 108 140 147 331 343 388 406
17 48 107 139 155 206 232 297 320 322 343
36 50 75 100 114 131 376 381 412 459 477
1 7 15 26 62 190 279 285 287 401 454
35 45 100 146 150 161 182 265 406 474 475
117 127 186 218 252 257 360 426 438 442 447
77 169 172 186 217 257 345 371 400 437 457
28 75 117 120 140 193 240 253 258 432 465
87 167 168 190 266 281 286 345 371 412 488
69 91 217 227 234 239 244 250 298 402 440
51 131 159 235 253 256 270 281 283 388 403
10 123 192 196 206 216 304 439 484 487 496
0 12 64 77 91 196 287 297 362 376 445
87 108 168 186 213 241 242 287 330 440 470
57 128 156 176 196 222 228 296 297 391 470
33 47 54 73 102 146 200 231 317 330 438
49 59 92 118 172 272 386 447 463 487 494
4 20 21 29 30 121 131 139 188 211 468
35 41 115 243 399 405 436 464 474 481 488
1 11 52 101 185 194 313 335 361 466 494
21 26 106 117 141 184 196 278 384 399 408
24 35 75 214 245 251 252 255 371 415 464
33 165 237 280 305 329 373 412 465 487 497
56 129 147 190 196 199 256 258 410 442 467
33 102 133 140 183 218 270 337 367 378 469
49 155 204 229 241 261 312 333 337 356 387
8 29 122 143 150 176 179 271 328 386 414
54 67 73 128 132 140 164 165 189 226 233
83 88 110 148 374 385 387 414 428 433 492
135 155 198 258 293 327 363 376 412 423 433
22 50 94 141 144 148 162 257 267 411 418
92 134 142 170 307 308 329 391 393 413 477
9 35 62 90 99 172 244 289 321 467 494
13 44 81 105 209 230 283 326 328 438 446
98 114 127 129 213 235 309 312 399 463 497
67 70 80 81 175 267 316 333 340 356 397
32 33 41 139 192 203 258 330 399 403 498
127 150 153 155 201 273 326 412 452 486 488
26 27 77 129 205 218 232 293 344 432 487
10 50 64 157 197 260 346 386 388 431 440
16 147 153 253 307 403 419 420 424 432 437
3 14 75 88 109 117 157 266 329 403 480
18 88 93 243 259 318 320 327 387 398 438
91 93 185 196 294 299 390 406 467 472 481
67 71 107 131 132 173 209 255 326 463 487
13 46 112 142 201 264 304 307 342 344 422
67 101 253 282 294 308 338 339 422 425 430
31 59 96 99 125 126 166 188 192 284 313
3 38 99 229 266 363 386 400 403 453 465
34 71 110 120 146 197 301 304 305 337 477
64 100 135 155 191 197 302 341 342 396 458
8 38 72 91 106 160 228 289 308 325 407
58 115 127 194 212 237 271 330 355 394 399
1 45 131 132 149 236 284 313 375 388 457
102 110 143 162 174 188 267 299 302 348 449
2 49 167 191 279 296 393 436 442 476 494
83 107 116 142 258 300 324 387 431 478 493
52 110 116 127 140 150 180 197 305 343 474
19 21 121 136 153 293 300 307 321 490 495
7 65 82 251 262 265 350 381 415 462 473
57 92 183 186 397 407 426 428 451 458 465
8 28 101 240 242 302 403 415 468 476 489
54 60 116 136 229 245 260 273 414 422 436
23 79 114 170 186 261 289 337 362 392 427
80 173 192 207 216 230 235 253 383 460 494
4 7 19 44 122 180 181 286 328 348 426
51 100 104 210 229 238 339 351 395 404 418
72 81 115 222 226 283 345 375 393 397 474
72 86 132 217 241 332 366 410 440 461 482
50 58 73 129 134 256 272 305 324 476 499
106 166 176 245 250 268 306 313 347 367 409
31 43 56 60 100 194 254 396 402 419 453
4 28 81 138 160 179 216 305 361 396 479
99 124 126 165 185 192 209 304 387 450 496
42 83 100 139 152 195 249 329 404 407 433
47 83 139 220 262 286 377 435 489 495 498
24 44 167 186 207 240 408 459 468 481 489
39 168 171 180 189 221 244 368 372 394 466
9 59 147 187 214 242 281 285 337 409 433
4 23 42 69 150 230 248 265 268 284 348
30 157 161 256 323 335 337 351 397 401 485
23 143 165 189 236 324 382 407 415 469 487
7 54 59 109 118 146 204 228 231 236 238
26 32 78 100 105 139 225 277 332 432 439
7 36 88 103 107 154 168 197 290 300 312
115 261 289 295 332 401 402 424 431 460 498
9 55 58 78 112 141 335 344 440 449 496
11 63 133 207 227 245 301 318 338 405 420
12 14 77 83 151 210 260 261 296 301 462
18 28 37 40 57 91 164 324 378 381 467
140 149 312 331 378 392 394 402 436 485 490
105 113 178 187 197 209 248 287 386 424 433
34 51 91 115 145 151 233 281 313 372 418
16 59 73 113 180 251 260 294 402 410 433
4 21 85 195 294 303 353 411 425 444 480
2 118 119 149 203 233 264 278 284 339 490
50 67 76 124 210 222 333 364 413 447 450
25 65 106 113 128 153 171 227 228 336 491
4 30 58 67 120 136 273 302 371 415 435
30 32 86 100 216 237 258 354 367 379 381 413
52 155 212 241 263 267 289 347 378 416 464 488
20 21 188 246 261 309 324 357 383 384 385 398
74 122 168 183 288 297 330 378 428 444 495 496
55 75 192 206 235 250 283 430 455 484 485 487
31 95 161 169 185 190 197 308 330 350 408 475
46 128 152 165 224 259 398 400 411 430 431 438
20 35 40 55 72 92 105 116 250 321 328 366
21 92 129 134 164 215 224 275 337 349 397 466
95 96 128 302 306 342 354 428 438 440 481 482
54 60 70 98 129 162 163 242 277 356 385 463
15 128 143 247 270 284 357 431 449 461 465 495
38 69 85 116 131 148 191 197 299 304 380 394
20 93 101 103 129 247 334 370 384 385 394 484
69 121 152 202 314 342 355 372 416 427 440 481
0 143 176 180 259 285 300 316 333 345 409 462
131 147 202 221 234 241 330 400 402 419 428 456
20 247 250 332 336 340 346 411 441 462 471 472
5 13 184 246 254 270 286 293 314 367 463 487
21 24 45 46 52 112 250 258 275 286 287 405
5 58 94 99 156 171 281 385 393 401 418 498
93 109 116 118 171 180 304 308 324 340 471 478
2 27 35 61 118 137 158 221 226 231 415 453
59 80 82 91 113 161 196 204 267 308 412 450
6 53 63 127 129 210 223 247 334 350 389 397
32 97 116 140 158 241 360 361 394 447 479 481
11 17 46 72 144 260 273 288 331 393 401 489
17 34 39 123 180 279 293 316 322 324 398 496
7 32 55 77 101 120 141 154 186 254 333 489
90 135 140 209 226 235 341 423 449 451 476 498
20 42 111 128 154 221 225 254 276 361 392 446
11 21 69 118 160 196 286 369 378 451 489 495
15 42 135 156 157 172 223 225 227 232 305 454
61 66 67 84 158 176 188 275 321 427 436 459
1 86 147 165 198 247 278 292 294 307 443 487
102 135 166 228 276 301 311 313 344 435 463 489
0 135 155 174 256 258 262 268 296 312 347 465
6 133 140 161 174 304 319 326 377 402 459 463
37 40 119 174 278 299 377 404 410 419 479 480
28 78 135 169 224 264 270 322 358 381 395 495
0 10 68 86 207 214 307 335 358 372 436 476
40 84 86 121 127 140 196 227 234 278 290 421
48 80 100 191 203 238 322 350 441 458 460 489
40 69 94 105 111 113 133 167 204 245 246 415
11 60 86 195 213 234 242 306 315 335 455 493
31 58 83 93 131 141 190 206 277 309 398 448
37 114 123 136 168 179 253 272 327 436 445 458
69 154 198 239 291 322 346 360 402 405 421 458
69 111 121 141 150 279 325 342 405 485 488 494
11 99 105 148 198 200 211 236 310 323 354 402
60 71 123 163 167 315 375 410 415 465 475 479
17 107 116 119 124 216 227 248 336 361 430 449
68 71 82 115 133 186 207 229 362 471 479 493
79 149 201 210 227 233 272 299 428 454 482 496
51 108 127 145 198 223 253 272 274 412 424 437
11 47 67 119 264 355 359 363 369 446 490 499
59 89 96 121 172 179 216 246 296 341 347 478
11 59 64 66 95 123 190 202 341 451 491 498
0 26 36 123 145 148 222 232 271 291 317 329
17 21 29 108 155 161 238 260 324 343 397 496
9 57 71 109 120 149 185 329 383 395 401 440
18 95 118 120 287 337 351 389 404 429 460 481
12 21 41 108 160 170 276 326 448 449 464 468
117 149 156 182 183 247 261 414 441 451 470 486
14 76 204 264 312 320 341 343 396 455 473 499
33 92 138 140 145 156 177 193 258 289 328 473
37 153 191 199 237 283 311 330 361 409 426 489
32 77 150 152 155 240 333 339 381 393 452 479
12 53 119 137 256 258 350 382 397 414 479 497
50 61 163 193 199 309 316 332 349 392 413 477
26 68 142 163 188 206 220 352 400 412 421 479
68 75 105 108 112 145 171 221 264 328 370 488
3 6 40 200 222 233 234 249 314 368 393 460
7 44 79 176 209 220 267 287 364 383 417 425
46 90 113 122 255 262 266 302 394 407 464 482
24 70 81 158 193 343 355 405 452 459 478 496
11 24 33 60 82 160 172 229 271 291 483 498
4 117 118 271 296 307 363 413 445 454 463 494
1 117 144 163 165 170 216 237 369 427 453 456
42 100 128 167 176 254 262 281 295 325 374 392
2 49 65 69 89 196 198 277 281 308 348 358
46 52 68 150 190 227 274 291 360 383 451 455
25 94 112 124 276 290 360 378 381 454 482 497
78 110 201 305 307 317 339 342 351 376 456 494
161 210 243 279 285 343 366 402 405 422 429 487
65 96 286 332 342 373 379 404 421 428 465 479
74 84 93 95 119 212 216 370 419 441 460 467
12 91 139 152 163 186 309 315 334 419 433 475
12 17 56 59 143 248 249 296 352 402 410 485
22 55 189 210 263 268 283 296 314 428 485 486
44 124 199 261 294 320 386 395 415 444 476 496
23 63 135 167 252 295 313 360 474 475 479 485
8 24 96 158 162 219 237 337 417 473 496 498
60 155 173 174 192 240 256 261 459 464 480 498
20 22 42 51 118 150 270 280 309 371 420 430
6 34 44 123 137 248 290 310 451 460 469 493
25 44 137 139 141 148 182 193 283 304 346 375
59 103 152 194 246 265 276 280 283 352 363 420
16 91 151 170 185 244 277 297 319 337 398 499
26 64 82 101 161 164 213 363 466 475 483 493
51 60 188 253 303 324 341 344 370 429 437 485
14 31 47 186 241 246 259 308 314 418 468 491
16 54 91 98 106 143 159 174 213 273 459 489
12 41 43 55 66 71 95 163 171 331 376 430
76 127 163 173 275 282 353 356 390 490 492 499
65 111 125 128 141 150 163 178 212 246 300 351
12 15 35 40 104 116 159 164 287 305 324 434
9 13 16 28 109 196 239 254 299 302 404 455
19 39 67 117 187 266 296 345 352 435 478 497
20 25 29 31 163 173 281 337 391 446 482 490
86 149 179 205 242 291 308 427 439 454 465 485
11 39 98 125 236 238 243 338 345 400 425 490
74 83 97 193 194 249 254 272 281 301 303 496
10 32 57 105 119 146 199 236 283 332 491 495
11 82 106 154 178 250 254 296 362 444 447 484
61 83 176 189 198 209 261 291 306 352 375 410
109 122 133 134 194 252 345 359 380 421 451 487
0 27 48 84 173 185 224 265 292 301 344 464
102 112 123 135 149 191 240 275 301 414 445 448
78 112 197 198 255 281 351 360 366 397 452 460
18 25 133 144 188 207 276 281 293 310 397 437 443
0 3 75 150 153 160 170 194 199 276 334 384 476
22 51 77 133 135 143 146 175 225 256 332 343 457
11 107 138 149 271 330 335 339 367 405 424 435 498
44 52 143 210 220 267 270 314 325 349 397 404 408
70 115 213 242 256 274 283 336 339 342 401 473 482
198 211 212 260 272 312 318 324 336 338 352 362 416
26 66 103 173 175 180 187 266 283 298 313 329 387
45 66 69 83 185 214 241 259 301 403 432 435 481
27 42 117 275 277 280 314 315 354 359 375 381 419
68 76 160 170 212 221 241 268 322 334 361 435 443
23 45 55 65 132 229 261 273 302 321 382 478 496
6 60 87 189 253 326 327 345 367 396 440 466 498
54 56 86 107 166 173 185 201 229 247 329 363 376
20 34 59 253 282 302 379 427 432 451 457 481 492
56 106 142 176 251 260 269 303 338 421 449 471 486
40 99 154 211 273 277 282 313 396 440 441 477 494
9 69 127 145 169 211 281 313 348 375 409 460 462
15 83 151 182 215 279 310 321 362 368 392 442 485
10 23 26 70 133 137 144 220 255 348 408 463 485
33 73 94 124 193 230 238 312 451 457 467 470 491
5 30 58 64 73 83 160 180 247 256 270 284 315
8 51 76 85 121 179 195 352 357 368 373 385 426
122 127 129 131 156 251 258 388 428 438 452 473 477
48 81 98 156 174 184 217 266 280 347 352 396 455
5 8 28 44 93 107 272 318 373 383 411 427 436
19 20 165 170 189 287 303 306 320 390 395 404 414
29 41 155 206 282 295 317 318 327 369 406 442 494
29 80 102 138 194 203 254 268 293 294 348 384 489
14 73 144 161 167 168 206 223 313 316 322 353 471
53 102 113 114 277 293 297 303 315 317 319 344 396
48 76 87 108 119 249 279 300 326 334 337 346 476
66 96 112 116 130 187 223 292 315 343 369 371 398
4 106 117 165 196 199 305 316 328 390 397 425 483
32 94 157 242 310 334 364 374 391 456 463 473 499
163 194 198 220 258 263 296 299 322 328 349 373 445
36 103 110 188 192 222 271 280 311 353 360 366 495
176 191 205 224 267 274 278 312 317 322 400 434 498
21 38 95 191 208 242 292 306 366 388 410 413 447
22 109 133 162 175 176 197 239 242 361 368 394 425
45 58 108 123 132 201 255 276 314 382 419 429 439
9 10 223 281 289 365 409 421 433 438 460 461 493
49 80 109 110 339 370 404 413 418 421 474 485 489
8 29 49 75 124 212 214 272 275 399 407 452 465
3 113 149 169 174 264 313 382 412 448 451 488 495
11 30 36 53 75 77 159 191 198 344 358 369 477
13 34 84 108 113 126 166 167 254 388 430 451 489
53 84 95 175 182 229 244 245 257 259 318 326 387
40 44 74 81 89 128 199 246 348 363 399 406 412
46 101 184 211 216 241 246 248 249 278 350 355 466
45 81 126 145 155 198 278 316 317 385 427 429 499
37 53 106 185 252 284 313 431 461 464 472 474 495
26 31 36 47 68 111 116 176 186 228 302 428 463
38 42 128 172 217 231 251 366 401 431 432 439 475
104 115 202 227 254 270 284 306 342 360 371 399 454
15 17 115 145 319 364 371 406 413 421 441 453 473
64 97 112 120 145 155 162 196 259 379 393 468 472
78 79 86 98 107 173 177 358 420 431 481 495 496
13 34 59 94 113 127 174 227 345 356 372 389 482
15 35 36 143 198 236 276 282 289 328 360 382 473
58 63 66 139 148 153 177 214 232 245 249 415 471
5 178 198 225 264 268 323 327 350 400 414 447 449
11 36 101 192 226 282 363 406 408 437 444 458 462
7 21 103 199 260 360 371 390 433 438 439 440 465
10 47 77 103 206 252 268 280 282 379 387 410 477
112 140 161 216 227 231 249 272 316 326 340 407 485
2 14 64 67 70 84 109 137 272 426 428 456 473
43 55 58 80 99 130 138 157 174 195 203 357 472
10 12 53 90 103 110 134 286 298 308 337 418 429
19 252 266 321 339 345 372 411 418 424 470 488 491
17 168 193 197 234 249 282 321 426 438 458 479 491
59 74 82 108 134 161 175 227 314 337 341 437 486
3 41 111 202 211 216 321 322 324 360 414 465 485
29 74 133 146 243 372 396 402 417 419 447 466 468
53 59 107 142 161 192 264 296 315 336 395 404 461
47 90 99 111 159 197 288 292 374 377 385 406 447
32 77 147 224 226 233 237 298 299 346 354 385 387
23 24 62 102 142 185 191 252 266 272 381 431 488
7 132 148 162 249 355 393 430 432 444 446 449 474
85 128 144 175 176 207 210 276 346 379 395 413 471
40 50 86 94 125 181 207 223 276 290 323 380 449
58 127 129 206 259 273 290 384 403 405 418 478 491
104 110 139 150 182 254 259 266 274 298 395 431 481
16 56 72 73 84 189 246 317 339 348 386 439 449
6 22 46 118 191 196 201 288 371 409 432 441 495
14 40 143 176 201 204 230 315 328 336 369 377 417
99 201 213 220 237 239 265 315 317 326 328 332 384
51 56 100 109 159 168 173 201 204 382 398 440 478
3 12 31 32 44 196 198 218 285 307 377 416 418
117 119 174 219 249 261 285 288 290 361 431 444 479
23 29 83 84 102 156 166 196 230 287 347 377 498
6 54 108 125 182 339 358 366 367 402 431 432 473
15 64 98 147 186 209 215 252 254 295 330 336 421
52 111 113 122 158 235 256 426 436 442 455 489 494
15 40 170 176 204 259 312 326 333 375 399 456 496
9 22 53 127 137 151 178 214 245 302 432 435 443
111 209 216 226 229 230 241 277 351 375 381 443 445
20 26 53 59 61 126 145 156 163 315 326 341 484
1 32 95 101 108 124 146 169 174 273 302 370 387
4 30 149 195 256 259 322 404 409 449 452 457 477
50 56 112 120 129 183 191 220 247 249 336 409 413
8 22 31 56 68 183 227 234 292 379 389 442 495
65 72 101 123 205 216 292 297 376 392 426 476 495
35 48 94 102 250 270 297 305 341 366 373 393 440
128 183 206 216 225 239 262 324 394 409 425 448 486
33 44 61 71 78 114 126 193 199 268 354 360 386
47 111 164 180 245 255 327 340 354 390 394 441 445
14 66 229 239 256 300 312 332 363 367 375 391 445
6 57 58 67 157 194 255 272 294 402 421 475 499
69 216 227 262 334 362 364 375 385 422 431 441 499
5 28 69 70 73 161 176 238 240 275 317 322 362
29 95 119 193 231 246 266 284 293 350 443 469 495
75 96 104 117 170 205 308 368 383 394 413 455 456
103 115 133 190 275 315 330 380 383 448 453 464 475
20 62 87 106 174 207 306 356 390 391 460 480 486
124 144 169 231 233 237 241 271 275 372 390 422 490
111 214 225 233 256 300 302 321 325 344 415 421 498
57 140 231 313 316 366 368 450 460 464 476 477 486
21 31 96 246 262 276 317 350 358 366 441 455 484
30 56 83 123 141 157 290 301 310 354 385 416 490
40 87 171 179 211 261 300 341 343 366 371 412 414 495
55 90 135 178 254 275 316 323 328 395 414 429 432 469
58 127 152 156 192 213 224 273 312 316 365 427 438 461
1 60 70 115 127 149 196 200 222 231 232 265 404 413
6 66 90 117 131 210 232 267 327 350 376 477 489 495
2 12 51 73 137 142 231 235 299 347 360 390 417 496
32 55 71 80 103 167 235 240 318 375 397 418 428 438
44 71 108 160 246 267 306 308 329 360 364 385 469 478
56 111 191 215 223 230 274 277 321 330 399 421 433 484
54 56 80 101 110 120 131 216 301 308 330 357 474 489
28 31 37 110 184 229 238 286 336 353 388 390 393 468
9 26 109 116 169 190 191 284 311 323 341 401 432 434
81 118 214 253 260 282 292 315 369 370 421 464 476 480
10 85 95 98 109 145 157 180 225 315 362 363 368 465
1 19 37 60 108 113 124 186 250 278 313 431 444 449
38 67 70 76 88 100 226 288 318 322 345 363 415 472
55 73 82 106 137 152 177 198 239 252 357 361 432 475
5 78 80 98 242 254 264 273 274 313 358 377 382 404
59 116 125 129 131 179 226 235 242 285 324 384 464 474
84 157 197 217 222 270 333 388 389 395 403 416 458 461
10 56 77 197 209 228 265 267 307 366 406 409 420 452
39 90 120 140 154 194 205 231 248 269 309 423 438 446
25 53 109 172 234 242 318 321 325 331 385 405 465 480
60 62 101 108 114 156 173 193 224 250 416 440 467 489
4 16 21 76 83 182 198 204 259 298 299 416 420 494
26 45 61 89 94 120 181 196 267 344 396 406 471 489
17 99 118 183 196 215 222 236 263 265 386 400 437 452
52 90 109 117 131 165 185 244 253 379 439 446 471 496
61 93 108 109 139 143 145 151 263 355 360 405 444 453
7 84 142 167 200 223 228 281 290 366 383 462 482 489
22 57 70 102 115 132 146 166 273 281 297 450 459 481
16 35 44 54 118 162 174 185 251 289 298 347 400 450
5 32 46 88 95 142 187 248 263 294 368 389 427 447
41 77 111 140 144 145 158 194 250 341 343 445 446 489
14 116 148 193 199 206 215 247 310 312 321 346 392 486
0 147 155 180 209 241 252 264 269 275 353 367 422 477
3 15 73 113 115 150 152 179 185 293 364 409 414 485
16 30 55 88 123 176 214 262 284 308 309 389 408 468
3 24 58 115 133 140 194 210 257 335 361 409 424 445
19 54 75 100 115 154 209 245 282 449 474 489 491 497
40 45 139 151 169 197 249 261 263 375 379 412 417 479
23 44 65 77 87 131 254 266 301 306 376 379 396 469
26 47 51 64 67 97 102 143 194 256 332 337 456 496
56 114 127 133 148 174 175 218 259 281 282 298 390 428
9 61 80 101 148 208 233 254 278 320 348 413 439 497
85 126 147 159 175 176 201 226 262 334 363 375 384 459
71 105 212 253 266 268 282 296 298 303 327 333 357 378
33 43 48 49 69 87 117 176 184 193 283 288 320 375
46 58 59 110 137 157 172 182 232 295 348 401 445 472
62 133 147 193 242 247 264 308 312 347 380 395 396 467
17 86 160 285 304 356 367 387 413 418 430 448 464 466
21 23 92 109 155 168 170 210 325 332 354 360 479 481
45 65 68 143 153 218 294 345 350 374 382 426 489 498
82 118 231 267 270 301 319 334 357 371 413 422 458 459
53 57 130 152 156 161 272 279 282 283 361 392 407 422
8 66 80 96 105 165 227 237 257 270 278 390 436 465
6 79 88 116 137 226 251 283 385 390 409 427 437 458
51 96 116 125 180 225 233 238 307 312 325 411 439 489
19 68 82 87 91 120 199 263 275 279 282 292 414 488
37 95 164 192 201 222 240 246 248 300 371 407 412 435
22 25 52 70 83 89 117 121 264 267 312 333 340 366
52 123 162 167 173 174 202 223 244 295 302 352 394 494
25 82 172 174 196 210 311 318 333 344 358 364 396 463
62 99 145 160 166 170 173 208 253 276 366 388 417 474
43 88 101 102 106 134 182 196 255 257 305 346 373 486
16 35 59 121 151 214 217 237 284 333 340 425 432 450
30 131 135 144 158 189 253 290 297 325 390 400 407 457
64 136 148 181 262 301 302 305 354 363 372 373 407 468
74 136 157 162 164 191 203 210 212 265 339 388 407 422
84 100 130 172 188 203 280 284 353 383 450 458 466 468
3 59 80 169 180 192 204 234 263 276 307 423 446 478
24 63 105 149 151 154 156 193 246 266 314 344 447 454
74 96 123 131 170 192 197 211 290 336 374 376 442 496
113 218 253 261 262 287 288 294 329 342 346 456 473 479
56 170 195 269 281 308 322 335 337 349 410 449 470 491
5 8 48 62 86 118 141 240 247 267 281 343 348 424
5 9 51 73 97 144 149 156 289 304 347 436 438 477
43 61 103 106 135 159 173 195 242 275 293 457 493 499
32 54 67 90 111 140 208 239 250 288 324 349 461 467
100 116 136 141 176 179 203 212 233 240 250 268 313 461
20 30 104 108 141 145 217 256 283 397 407 438 460 480
0 61 147 178 188 207 230 274 276 284 371 455 471 487
24 51 108 135 182 222 335 344 348 359 402 409 471 475
1 8 13 107 141 144 151 165 173 245 290 338 373 424
22 34 60 61 65 84 94 150 191 198 202 293 356 363
13 62 117 121 123 135 208 217 218 296 328 356 460 468
22 69 108 130 199 246 280 285 319 365 405 424 456 485
60 71 133 156 181 195 204 235 263 337 422 466 472 487
65 76 186 192 228 327 354 378 384 387 407 438 484 491
23 45 75 165 173 177 242 243 252 351 439 451 467 471
16 41 139 148 168 174 198 209 245 271 357 389 453 456
5 23 58 102 155 181 211 235 260 311 387 420 453 464
22 135 140 143 146 184 264 267 304 401 416 420 459 474
45 135 147 168 181 262 265 281 323 351 430 439 443 496
5 152 181 244 267 302 314 323 327 336 381 416 436 463
22 33 36 51 70 238 240 244 285 321 329 342 368 401
37 55 57 59 73 158 216 222 241 250 331 343 397 431
31 94 110 215 250 296 307 312 328 333 344 417 423 487
78 99 124 149 170 179 227 286 332 366 409 459 476 478
2 161 169 189 236 274 278 304 343 350 373 391 481 490
22 37 46 174 184 213 318 319 368 413 441 453 455 472 486
110 156 183 211 225 245 280 417 430 445 457 460 471 481 487
7 81 107 132 162 170 221 312 318 350 369 401 415 423 436
67 80 173 187 189 209 279 303 310 389 393 400 422 426 496
60 69 84 111 120 140 177 229 258 306 327 372 384 424 495
50 93 147 163 175 179 195 264 285 327 345 388 401 423 430
27 98 108 152 174 223 271 318 320 397 399 416 430 469 478
87 104 132 149 173 178 187 219 304 336 379 384 396 438 493
33 51 52 57 93 94 236 270 310 319 349 374 388 414 478
3 92 113 131 144 145 228 241 314 319 322 350 378 401 460
1 21 37 60 90 147 159 236 298 346 361 372 399 440 493
151 165 171 204 205 285 290 326 397 428 443 458 465 479 493
26 62 138 183 223 263 287 291 370 401 422 423 434 480 484
23 24 35 105 123 137 193 302 374 399 411 463 477 488 499
44 45 81 152 162 198 207 235 260 261 356 370 394 472 477
0 13 26 75 107 163 173 188 192 203 208 309 313 328 454
76 80 114 146 179 189 191 303 328 351 372 385 389 469 484
33 62 66 110 159 204 214 297 309 314 349 361 372 413 473
67 87 113 193 195 198 225 246 260 267 280 285 330 361 464
31 59 67 70 77 135 167 174 273 288 337 361 367 420 483
55 74 122 159 169 186 191 202 217 272 321 338 353 361 482
13 45 70 107 122 172 182 208 245 258 411 476 482 483 484
12 65 81 102 109 125 178 192 201 236 349 440 444 455 461
38 67 78 126 134 148 243 244 252 262 280 281 316 440 491
32 79 100 118 133 265 287 315 335 347 370 383 417 418 474
25 55 138 182 186 233 255 267 283 297 307 362 393 408 489
43 59 104 145 146 193 197 238 352 422 436 453 469 492 494
16 71 100 125 130 162 167 172 174 292 298 308 318 376 490
3 25 33 82 90 125 131 137 256 310 311 358 360 385 468
16 54 77 170 178 282 285 310 400 403 429 440 456 466 476
38 115 142 183 212 233 277 339 371 381 386 393 406 417 476
106 108 123 131 180 205 214 240 344 402 426 430 436 460 486
85 114 172 187 294 303 319 328 410 413 415 423 432 466 499
35 41 79 216 238 261 284 298 340 365 389 417 419 424 433
5 14 49 52 84 130 133 139 141 152 159 176 241 326 473
19 38 153 154 160 177 191 226 249 262 340 392 442 450 454
17 131 137 158 161 178 199 271 346 348 367 379 388 467 473
52 54 57 62 78 91 133 159 168 188 205 230 330 469 482
12 25 34 39 158 184 207 245 281 295 341 364 373 383 390
25 29 36 94 188 231 242 309 312 324 379 435 437 454 480
45 49 64 73 122 265 274 281 287 296 312 334 344 404 414
21 43 107 202 219 294 311 316 355 363 375 395 465 482 497
231 236 242 251 257 263 295 299 304 385 401 426 475 488 490
120 124 162 171 205 227 250 252 255 263 276 304 332 390 489
10 11 65 99 128 143 276 301 306 308 389 392 400 439 478
8 19 21 49 87 134 203 204 238 357 394 466 472 495 499
79 96 100 113 120 148 166 261 265 314 326 408 435 471 474
38 48 72 99 104 136 256 258 290 353 387 430 450 479 486
4 105 128 136 169 254 257 258 271 285 336 367 381 410 433
64 92 128 136 142 269 277 280 330 339 367 372 389 397 468
27 59 75 81 87 110 178 187 253 314 326 342 417 451 463
16 19 110 137 139 151 169 179 201 215 233 248 254 383 430
87 106 122 125 155 163 168 210 259 267 282 305 353 385 469
29 37 51 108 133 141 172 302 303 338 384 386 436 457 468
76 87 100 137 161 166 171 172 192 260 277 299 346 351 465
1 6 11 104 116 122 246 272 285 302 306 397 407 411 431
28 30 49 51 65 79 80 211 313 325 360 374 439 459 493
58 61 70 122 140 164 190 283 293 331 349 352 396 479 484
3 8 19 155 191 208 232 243 311 351 375 384 392 398 477
1 45 79 84 107 239 352 382 421 432 471 474 480 494 495
8 108 130 212 216 271 317 324 334 349 392 417 421 426 489
27 101 106 126 154 220 257 286 307 368 413 431 444 463 476
57 117 135 169 207 225 241 307 317 331 369 384 393 424 450
13 83 96 129 186 199 298 350 362 368 377 379 390 416 429
2 7 14 83 125 143 153 168 188 199 268 274 360 405 471
30 74 96 102 123 125 220 232 258 273 300 312 328 343 377
7 23 67 116 118 228 285 340 358 381 386 390 466 477 492
28 41 131 141 160 171 198 239 283 349 407 413 422 473 483
183 185 189 191 254 296 298 303 324 356 367 392 407 448 489
52 167 218 222 234 297 300 320 336 360 450 469 474 487 494
72 84 92 119 137 157 189 212 241 242 306 410 418 438 489
65 74 83 140 154 224 244 250 255 313 314 345 351 359 465
12 40 58 70 149 263 274 278 282 305 314 327 404 428 431
20 42 61 81 92 188 227 243 309 318 323 392 454 461 475
46 122 132 145 164 181 198 248 272 277 358 362 412 477 489
18 42 44 86 103 148 160 161 197 200 305 401 418 427 485
61 63 94 141 166 170 184 203 231 243 285 313 388 396 474
38 42 111 165 171 173 228 274 281 351 355 419 424 432 448
37 48 69 126 128 187 204 253 350 374 401 416 455 488 489
44 86 92 124 147 193 226 252 259 281 352 361 389 425 471
23 126 146 167 227 248 302 319 378 427 454 465 467 486 496
99 104 108 144 157 222 245 302 337 369 370 380 387 426 489
7 11 24 34 74 118 133 166 167 309 386 401 403 442 461
122 228 244 261 272 279 288 293 297 308 309 402 428 448 487
29 96 109 155 157 168 208 221 248 266 275 332 380 411 452
122 137 160 167 192 196 213 224 275 305 308 336 367 460 488
37 56 62 73 98 131 169 203 248 313 416 438 448 474 491
9 30 45 103 119 123 125 130 148 321 324 364 376 455 471
3 26 53 62 66 68 75 78 87 163 281 296 399 423 476
8 17 41 52 59 79 80 94 168 190 206 264 363 407 482
80 84 100 107 202 242 249 264 267 277 362 368 457 465 475
97 104 127 181 216 236 245 247 268 281 301 307 312 404 406
7 14 60 63 145 177 221 229 231 256 271 302 456 457 499
9 49 54 82 84 112 130 202 231 278 330 360 418 427 461
8 108 129 156 184 218 300 329 335 354 423 452 469 477 491
18 145 178 238 256 275 302 344 360 399 465 472 479 480 499
0 22 31 42 71 94 176 202 241 254 286 326 430 438 475
57 75 159 180 245 292 302 305 308 321 347 394 396 415 483
14 22 44 59 62 95 119 122 203 287 296 378 423 424 442
26 150 155 166 217 219 308 336 341 349 352 368 395 440 497
6 50 74 117 142 242 277 292 311 324 329 339 376 389 414 478
31 54 56 58 62 79 161 179 185 192 224 274 281 385 388 391
13 34 57 58 114 162 234 273 301 305 338 347 349 380 430 440
42 63 89 129 153 159 171 207 279 308 315 321 345 419 459 477
11 13 36 53 70 73 121 192 197 405 417 433 434 447 448 472
5 28 39 52 61 76 90 105 119 124 171 227 415 432 488 491
10 30 37 84 109 182 243 248 261 280 281 312 316 349 437 441
24 25 72 91 156 159 162 165 185 201 322 349 371 463 466 470
46 68 71 90 109 112 134 174 191 289 304 365 372 399 413 456
38 42 107 117 126 143 147 197 198 388 413 433 467 472 475 493
65 99 103 131 171 250 268 294 338 453 462 465 466 479 486 497
21 31 120 150 212 260 281 289 364 365 375 386 425 440 443 466
21 25 28 41 52 106 166 262 293 300 375 390 391 405 413 450
7 17 44 143 144 147 184 198 295 296 308 321 323 349 366 474
38 98 116 119 135 168 192 195 205 234 284 316 349 442 449 464
47 104 123 138 141 148 167 189 199 216 244 264 308 371 374 458
28 59 96 160 167 184 219 304 305 352 359 407 446 456 478 481
17 41 48 56 57 73 103 134 175 204 270 303 308 319 421 450
23 41 140 150 196 197 237 276 296 349 352 381 391 392 393 476
30 72 75 111 164 190 322 360 372 387 410 425 429 433 461 484
15 60 75 85 167 193 204 259 291 367 379 392 404 431 433 477
9 70 114 154 209 235 281 313 314 373 393 403 432 433 458 494
90 94 113 153 194 254 258 259 278 284 307 327 360 410 415 451
2 7 46 53 169 173 205 213 224 237 259 261 390 397 454 498
15 29 35 85 106 107 126 158 248 263 319 327 330 363 368 372
95 103 108 120 158 169 174 198 240 248 283 423 435 449 473 475
12 18 77 97 123 213 230 261 291 354 367 376 377 431 463 487
31 55 81 86 111 146 148 176 238 293 350 383 396 416 456 494
52 77 113 144 200 217 235 253 299 359 389 410 418 420 441 494
10 48 52 62 125 203 231 253 277 315 338 359 367 369 482 495
1 21 44 59 84 118 126 132 160 214 250 254 284 372 387 444
32 53 54 61 80 82 86 148 192 201 214 278 294 351 399 447
43 50 80 93 108 214 220 293 335 353 360 367 405 444 468 493
20 46 89 108 160 162 212 236 273 301 401 416 435 443 467 495
55 97 137 151 181 202 204 209 268 321 374 378 394 403 445 457
92 120 165 181 188 204 215 234 245 280 301 304 340 370 443 488
1 43 57 60 132 135 202 228 241 249 258 284 302 318 331 395
23 63 109 117 139 146 236 269 295 314 323 385 402 438 454 455
2 134 145 156 186 205 217 224 315 351 361 386 391 447 467 490
5 12 19 57 77 88 108 127 213 280 295 362 396 409 440 489
58 72 97 113 135 164 199 215 233 237 242 316 325 344 469 483
58 69 71 101 105 141 145 159 184 238 245 367 375 415 467 475
15 43 46 101 115 150 154 187 203 277 295 351 358 363 385 394
21 28 65 96 102 141 286 321 333 337 341 350 359 389 395 481
18 23 28 42 70 153 194 216 252 341 388 428 442 444 467 496
26 36 46 54 90 152 187 189 218 257 309 352 364 385 389 441
13 16 66 224 308 310 329 362 365 372 387 409 414 427 435 447
87 93 209 211 216 226 261 264 331 351 352 384 434 455 459 465
22 32 159 229 262 265 284 322 325 355 388 404 407 409 436 493
1 26 56 126 197 212 298 316 393 402 433 442 444 447 483 486
1 2 54 65 92 106 190 259 292 312 324 380 384 399 412 417
15 111 127 241 245 246 266 284 288 292 317 329 342 351 474 490
10 43 109 129 208 258 260 302 305 306 326 362 400 423 434 494
14 46 53 117 120 157 164 183 194 266 271 274 379 410 456 484
14 24 55 108 112 156 188 190 200 253 361 448 452 462 469 494
1 17 32 33 47 84 87 118 147 163 197 206 211 221 236 381
5 16 50 74 95 125 143 209 210 222 254 255 321 395 404 425
7 51 179 206 235 240 338 376 381 385 393 435 473 477 483 493
54 71 74 81 127 133 178 182 190 227 333 345 347 373 454 465
34 38 43 204 227 251 269 366 385 392 403 417 421 427 438 449
167 178 185 189 255 293 294 314 323 367 372 429 450 464 473 497
25 27 51 70 131 151 290 312 314 319 365 371 458 461 471 499
1 20 29 78 115 126 179 206 328 336 349 360 390 419 453 497
14 25 46 126 158 179 186 196 229 317 363 371 375 383 464 477
11 85 90 93 101 105 119 232 238 240 267 358 378 408 462 471
69 77 137 179 245 282 286 325 327 328 349 432 437 458 474 479
48 51 82 93 126 171 184 185 190 225 229 249 296 390 410 455
27 91 98 150 165 190 221 270 292 333 334 360 374 385 475 479
38 97 125 207 214 221 256 328 337 366 379 416 437 445 452 471
3 44 58 66 73 75 88 108 134 157 165 190 245 264 330 333
43 44 53 94 164 177 183 231 253 282 367 384 417 437 453 492
32 47 49 56 89 108 169 175 280 378 393 403 410 430 480 491
15 41 98 125 144 164 210 214 220 245 265 271 338 341 437 459
106 113 141 208 282 284 302 312 326 333 359 380 392 408 420 439
12 43 77 91 177 178 199 217 297 299 301 326 361 414 417 472
5 9 19 27 71 109 135 149 229 303 310 330 372 406 436 477
7 25 115 159 168 193 196 216 219 248 260 286 336 381 393 478
2 23 61 122 146 148 151 185 193 253 314 329 339 385 395 398
13 18 87 116 121 138 178 221 266 270 280 364 380 389 406 474
43 60 83 87 89 125 146 166 206 295 315 337 403 429 432 460
63 84 95 119 160 178 180 209 281 355 356 360 396 397 406 407
8 25 82 163 173 177 184 229 258 266 267 326 328 376 391 436
2 16 57 66 105 200 225 254 285 287 333 368 419 436 457 479
17 62 66 73 102 138 160 192 193 234 314 344 440 458 477 478
2 43 52 92 119 159 186 241 247 253 332 344 365 407 418 467
14 24 27 62 93 109 144 151 181 248 249 284 315 353 374 435
43 53 90 112 216 221 235 283 287 334 408 409 426 440 442 465
37 38 45 164 219 263 309 316 328 346 367 410 421 458 460 463
116 122 130 160 180 277 302 394 407 408 420 425 430 451 454 473
40 120 122 141 145 180 196 199 275 318 346 364 379 457 462 485
58 64 100 109 150 179 251 263 297 309 348 350 382 403 431 432
4 84 120 131 186 295 310 311 318 333 337 383 403 431 481 491
104 143 184 200 211 270 285 287 353 359 370 389 453 455 468 488
0 12 24 60 84 116 157 193 262 278 304 351 356 368 479 496
119 162 164 167 168 198 231 237 257 271 313 363 401 407 408 436
27 45 76 140 214 235 238 272 284 297 369 440 446 465 467 492
35 57 95 103 104 122 147 204 205 251 314 316 324 423 442 461
1 38 66 68 127 144 146 223 226 239 333 400 428 466 469 497
20 30 79 94 185 186 188 195 324 348 378 385 470 482 487 490
2 164 173 188 197 289 294 296 317 359 382 405 408 430 443 460
28 75 77 84 86 99 127 208 230 235 281 354 362 407 415 448 494
4 5 28 66 142 157 174 179 209 216 285 337 352 383 405 464 494
43 46 54 78 97 125 146 152 177 236 239 275 292 315 433 473 474
88 101 125 133 189 207 226 231 235 269 309 335 362 376 391 418 490
17 72 74 98 100 107 115 148 154 180 234 268 290 305 382 440 488
3 30 73 87 99 100 154 175 190 218 229 266 296 320 322 412 418
35 70 112 134 157 175 267 293 299 323 332 354 365 385 390 441 491
51 52 72 85 106 182 240 255 311 313 357 360 376 411 474 481 483
26 35 76 112 116 134 172 193 252 268 282 291 297 334 365 373 437
27 30 39 128 167 181 182 202 254 265 298 321 331 386 471 483 498
0 53 113 135 141 176 194 201 276 296 297 326 379 386 413 416 459
48 71 111 126 153 179 216 230 243 282 309 326 336 368 400 404 413
1 21 44 67 153 156 183 242 243 305 338 422 447 470 481 487 499
4 20 29 31 53 79 90 148 232 288 339 353 399 439 445 456 462
19 67 115 228 232 272 301 304 317 330 361 386 393 454 458 482 497
0 8 9 32 59 111 119 147 169 201 267 293 306 337 377 469 476
40 81 88 121 126 127 149 242 264 284 315 332 356 359 381 469 496
53 105 110 111 148 186 268 281 293 306 307 311 319 391 414 492 497
61 147 148 207 231 235 273 276 295 304 319 357 459 463 470 491 497
21 93 101 122 184 186 195 221 239 252 263 297 315 356 362 377 420
24 35 37 41 71 78 90 109 163 193 247 307 329 385 410 477 499
63 87 105 111 125 177 190 203 209 244 269 296 399 448 492 493 499
28 71 79 87 201 209 218 235 237 238 246 247 325 354 392 400 415
0 25 43 63 75 141 145 187 192 230 254 315 379 463 487 492 495
28 49 67 76 200 203 214 259 273 280 334 340 343 384 418 447 487
3 16 43 50 52 174 189 192 226 235 267 310 360 399 451 467 476
55 65 87 98 101 197 201 213 263 294 301 352 360 399 435 439 441
26 44 76 85 133 155 183 198 232 248 262 300 323 409 417 454 499
15 16 38 58 64 71 80 91 97 204 246 332 334 371 382 384 492
25 35 38 146 180 214 257 280 336 341 379 398 408 416 453 472 476
12 35 74 89 99 151 200 216 253 259 270 369 389 394 427 459 488
48 69 93 110 177 179 222 241 264 318 393 397 407 414 423 443 449
25 60 121 125 163 300 301 314 318 320 367 374 383 428 444 458 487
13 15 36 81 82 147 165 176 219 227 267 290 333 414 451 469 484
109 116 126 129 143 157 182 186 329 342 360 362 377 412 413 429 453
4 33 41 51 110 114 183 228 232 238 241 258 275 343 359 467 472
15 27 32 57 63 76 79 80 98 209 244 255 381 384 411 435 462
130 139 142 165 180 207 227 268 278 303 309 347 380 413 416 443 465
21 31 84 133 143 215 217 239 241 266 377 395 435 441 465 472 485
29 63 95 214 290 325 388 394 404 418 425 439 451 458 469 488 493
6 10 31 39 68 86 105 143 211 223 231 296 349 409 431 468 469
19 26 73 97 152 169 207 211 317 320 369 371 394 405 417 445 472
9 27 102 122 127 223 266 291 293 295 304 328 346 396 440 474 496
50 56 80 129 138 162 170 242 287 374 389 393 400 412 424 435 498
75 82 105 138 150 155 198 234 269 284 326 364 371 401 429 431 494
51 58 99 107 197 251 269 283 296 297 302 336 346 359 381 418 470
30 91 92 100 165 216 240 249 250 291 299 375 397 400 418 440 477
8 18 31 62 65 67 109 116 134 140 149 200 254 281 376 411 429
40 51 64 129 180 251 282 287 335 355 360 379 386 396 406 408 435
8 70 71 86 95 160 196 217 222 226 294 318 352 373 386 468 487
48 100 115 127 146 180 182 270 272 275 302 320 347 363 379 436 473
118 133 197 199 209 238 269 286 295 300 356 357 387 402 412 468 497
10 39 52 74 121 170 184 186 268 307 346 359 378 391 398 427 450
91 114 128 134 155 238 242 270 278 294 300 303 319 401 427 444 448
90 151 157 158 159 198 209 213 221 236 272 287 364 369 370 408 441
77 121 145 204 212 222 227 246 250 280 282 307 333 388 394 411 468
1 74 97 149 174 204 216 223 254 292 311 333 338 362 429 453 498
21 56 73 114 120 239 242 252 269 278 312 331 373 401 443 446 469
18 26 39 64 81 125 164 171 184 233 293 299 318 409 423 487 489
7 24 65 84 119 217 256 273 282 371 375 395 407 414 427 437 492
30 47 189 232 236 253 256 269 308 314 317 322 345 358 383 411 414
14 72 145 157 183 187 219 226 235 237 262 286 297 362 419 470 485
2 56 60 62 69 81 101 182 193 200 256 316 327 328 378 438 472
42 60 75 124 128 148 170 172 191 226 267 372 447 460 466 469 476
17 27 42 53 64 74 99 106 111 132 205 244 277 294 304 305 477
33 63 119 199 205 243 269 280 302 312 335 344 385 395 401 457 486
13 111 175 220 245 266 286 321 336 343 390 410 414 426 439 484 491
56 99 125 129 182 235 245 253 262 283 304 327 396 398 455 479 499
4 49 96 108 112 115 149 164 215 223 278 286 349 358 400 406 486
6 23 57 91 152 153 154 201 221 245 291 380 393 396 412 484 486
55 90 113 122 145 151 177 186 218 244 288 301 342 431 453 454 455
6 20 36 81 123 133 167 178 180 213 256 285 335 373 416 424 489
7 19 55 139 140 175 210 289 331 367 381 392 397 399 401 421 431
5 56 62 63 99 113 157 233 242 279 304 387 398 445 460 468 486
49 71 83 124 125 133 138 145 213 221 228 235 239 258 327 357 410
29 106 124 142 143 155 169 174 176 285 325 330 331 340 408 447 486
25 37 43 84 113 124 136 202 216 234 238 350 371 411 443 487 492
78 106 126 137 238 267 274 283 294 295 335 433 459 462 473 479 498
50 64 116 122 126 177 183 276 321 331 336 337 386 389 456 464 496
60 62 91 142 149 157 176 238 257 260 262 300 307 389 395 409 427
6 105 121 136 165 217 246 327 330 331 371 402 407 413 457 472 483
81 119 154 167 203 210 222 223 234 256 265 354 420 439 446 455 467
24 56 73 84 124 154 180 181 208 236 254 338 424 438 439 464 492
2 21 34 42 58 69 115 120 169 201 206 381 383 389 398 414 468
116 180 192 233 251 266 283 300 302 313 330 344 348 354 488 496 499
49 106 129 159 161 178 188 236 281 315 318 339 369 373 438 452 457
12 55 90 123 151 183 191 199 211 238 252 261 288 368 383 453 473
51 70 73 82 88 130 148 153 156 197 239 258 312 390 426 430 458
32 36 47 67 79 216 228 232 235 250 252 281 284 286 320 399 494
2 151 191 214 216 223 224 302 320 357 369 370 388 420 448 452 474
21 41 62 127 219 257 267 278 318 412 413 414 421 445 470 495 499
37 61 122 131 162 189 218 219 226 239 257 275 382 392 410 427 498
15 19 48 56 57 277 292 307 317 325 326 331 405 411 470 478 498
23 52 115 122 166 203 208 245 246 249 315 331 332 395 444 449 492
52 60 75 80 93 149 162 183 197 206 220 240 244 314 383 393 398
54 66 74 111 199 261 279 297 355 396 400 402 414 415 428 488 498
12 56 89 94 100 108 166 196 215 304 307 317 423 437 444 465 487
44 73 83 90 93 106 124 165 204 215 232 245 337 404 456 469 491
7 10 15 21 35 38 191 200 245 255 256 294 300 304 432 434 490
5 105 119 130 131 162 211 232 234 261 272 274 284 296 301 378 379
41 77 107 150 160 162 201 267 295 350 367 403 405 416 426 431 490 492
28 42 96 115 144 151 188 192 193 254 302 316 324 372 448 473 475 486
8 48 62 130 131 147 150 156 158 163 193 259 309 383 403 409 435 499
16 47 52 115 194 195 214 225 258 277 292 298 328 381 415 424 451 473
14 39 46 65 72 133 168 172 184 196 251 281 287 339 390 398 468 481
0 67 71 116 139 162 169 175 207 246 297 353 359 373 406 416 426 460
30 40 59 76 171 173 204 219 232 249 267 313 332 352 366 378 393 455
12 60 76 111 119 144 148 190 191 221 306 346 347 360 422 462 480 499
8 59 62 92 134 172 174 185 208 286 300 334 358 370 371 458 462 478
87 138 170 174 179 181 186 187 222 257 320 372 408 425 457 460 479 495
31 97 111 150 191 278 353 377 389 396 412 413 418 426 440 474 497 498
16 57 127 133 140 141 156 159 170 218 228 234 245 333 428 440 465 466
25 42 70 140 156 200 214 249 260 281 337 375 398 418 443 490 492 493
7 32 47 123 134 139 169 197 214 234 271 283 310 332 346 348 439 493
9 17 37 45 57 78 113 123 126 196 303 304 326 331 335 340 471 485
59 135 143 165 178 227 239 330 336 349 430 432 437 448 455 467 481 497
27 124 155 164 168 244 271 272 274 302 309 314 318 327 373 455 465 485
61 85 89 116 118 146 162 168 170 184 191 246 260 274 345 371 397 410
54 55 115 116 147 205 241 258 309 318 321 347 386 392 438 474 475 488
10 85 101 147 174 187 217 218 252 253 277 290 297 342 371 390 479 499
25 41 101 108 140 170 207 250 258 267 332 333 348 386 459 460 485 491
35 61 64 118 212 221 261 289 354 357 381 404 414 431 434 435 458 495
14 17 109 110 119 124 135 175 226 245 251 254 259 281 282 307 335 344
16 26 68 175 193 206 244 256 259 264 275 279 282 323 332 370 393 431
15 59 97 117 147 180 217 226 233 290 360 379 395 399 417 423 448 493
13 52 57 61 76 86 91 120 131 146 159 164 184 234 301 348 363 421
10 71 135 159 172 185 186 229 236 242 256 292 308 317 381 416 422 467
20 36 108 133 155 156 202 215 227 255 262 312 327 340 367 383 428 471
47 55 59 142 199 205 207 289 354 367 402 418 426 428 437 461 473 474
48 61 84 120 134 137 151 159 170 183 274 310 344 370 376 422 425 490
47 82 152 154 164 193 200 206 221 225 240 241 242 279 333 422 428 444
2 3 5 42 49 78 85 126 221 230 232 280 304 427 456 463 485 496
2 18 48 61 80 84 160 169 192 219 299 347 360 377 380 389 447 470
19 47 73 106 112 198 210 221 228 247 290 297 310 322 400 426 475 495
5 10 92 103 104 124 174 198 220 242 260 264 285 339 360 435 439 487
1 20 73 80 149 170 188 240 258 262 314 350 354 367 393 411 413 437
41 43 116 148 174 181 197 223 250 264 314 359 361 362 364 377 430 476
28 31 34 67 104 106 130 195 197 213 228 297 304 330 389 392 445 473
4 79 104 147 150 160 166 192 199 213 219 235 297 298 324 326 383 495
24 47 55 78 110 141 237 242 269 273 300 342 408 423 431 438 448 494
55 66 76 90 103 119 205 235 245 308 327 359 363 371 411 429 481 483
20 30 31 63 98 146 163 181 236 238 270 274 282 328 349 355 385 466
51 156 183 194 220 247 273 275 278 335 339 371 372 396 411 423 426 467
24 77 100 141 144 176 236 271 286 306 340 342 343 367 378 403 419 443
98 105 113 119 129 138 145 223 255 262 272 292 327 370 384 428 458 486
12 42 47 53 66 116 191 200 217 219 293 295 314 358 400 454 482 486
22 78 95 106 117 142 149 214 220 241 301 340 402 424 434 449 452 462
25 29 32 66 87 120 143 185 214 252 264 296 312 338 344 388 390 461
21 37 63 140 161 220 245 264 312 343 416 434 458 462 480 484 486 496
48 61 97 106 145 198 222 269 303 308 309 371 389 407 441 470 474 483
2 22 44 112 193 194 255 264 284 334 336 345 355 376 377 433 458 481
55 113 147 150 163 213 241 309 364 397 416 420 432 435 439 441 443 458
7 30 38 79 131 137 153 228 250 282 373 378 403 424 445 446 467 487
29 33 53 97 102 103 116 202 244 245 259 270 281 371 396 421 432 441
36 51 85 86 100 105 118 135 209 221 240 265 292 312 337 341 355 432
6 17 23 104 112 145 147 165 189 203 254 305 310 319 320 329 443 463
49 58 61 95 119 163 208 229 235 236 239 245 281 313 323 351 356 377
5 77 84 93 106 114 116 256 303 312 318 320 341 378 404 459 476 489
33 35 39 57 62 104 144 178 191 197 234 239 253 279 282 299 336 384
43 64 73 114 125 144 163 198 211 250 279 288 393 402 403 458 485 498
18 22 90 138 154 158 162 185 187 191 195 206 231 312 318 336 377 455
78 104 116 146 159 167 171 185 193 223 239 243 258 267 333 347 467 491
22 27 29 90 116 157 177 181 186 285 299 331 383 385 404 435 472 496
35 39 40 94 119 134 143 159 181 236 253 311 315 389 408 443 454 477
46 70 78 121 133 172 190 196 269 294 334 340 359 363 380 385 400 488
0 49 57 59 62 66 84 152 172 179 259 262 272 287 373 392 422 472
26 34 46 64 73 74 82 177 178 229 315 334 343 373 425 434 492 499
26 47 161 196 207 237 248 249 259 297 371 399 408 442 449 460 461 473
10 65 78 133 177 183 255 291 338 352 408 410 455 461 462 467 480 492
36 69 80 98 162 166 217 218 222 233 234 248 250 254 294 320 378 424
3 12 63 102 126 142 176 177 184 193 267 287 309 316 332 392 423 426
12 58 135 163 179 181 184 200 205 227 289 306 330 339 357 358 361 422
107 130 133 156 179 203 250 255 291 295 342 364 370 407 410 414 469 499
4 12 62 85 181 188 300 314 341 354 367 385 404 407 410 438 467 483
7 33 59 66 82 124 127 149 151 192 201 210 253 272 380 396 424 469
27 53 95 124 128 149 258 307 325 335 351 354 402 406 412 446 451 488
37 49 142 167 186 187 240 271 275 292 308 309 327 393 433 444 459 486
6 42 61 151 203 237 241 263 278 280 327 328 392 409 445 447 465 497
14 105 109 156 169 172 266 275 286 294 357 367 398 401 425 449 474 487
4 7 19 74 78 79 82 85 96 103 142 182 197 208 213 235 258 357
15 55 91 111 118 135 138 152 179 195 219 251 260 321 369 388 393 427 430
4 6 49 82 128 137 138 150 154 193 205 208 226 304 306 318 347 384 437
78 95 104 137 144 197 231 247 301 309 344 352 365 373 391 395 416 456 484
109 125 133 186 192 201 261 270 304 327 335 358 365 385 398 402 409 453 479
4 42 111 133 145 199 218 274 276 286 288 312 353 383 424 430 445 459 476
14 34 212 243 255 287 290 318 322 325 356 390 402 418 425 444 448 460 469
2 61 105 161 163 188 193 204 243 244 260 294 305 352 375 386 403 447 483
33 34 54 68 85 117 128 183 202 218 219 251 295 328 342 357 358 412 447
50 60 71 74 109 120 133 144 150 167 226 289 365 381 404 436 454 466 492
3 77 129 150 151 177 192 195 206 286 312 340 349 356 406 407 423 457 466
8 9 33 52 90 98 108 121 133 146 155 188 223 234 268 314 364 377 414
3 48 63 67 70 85 155 185 202 234 238 257 307 392 395 403 432 483 484
2 11 13 30 87 88 104 124 139 145 159 205 221 232 238 242 259 275 404
14 104 107 114 192 226 233 247 296 302 321 322 326 340 364 376 406 418 484
56 69 74 87 91 92 107 127 137 138 157 158 163 199 282 308 351 358 479
13 20 41 110 145 212 299 305 335 364 402 413 424 432 439 441 458 462 479
15 65 105 141 183 231 246 261 291 320 346 392 399 425 428 438 473 486 491
75 77 116 143 187 195 199 215 251 264 331 334 339 376 392 405 413 424 445
37 60 83 121 160 163 181 191 258 276 342 352 372 381 421 425 465 488 490
15 22 90 108 180 205 237 243 260 270 300 349 369 380 411 429 452 483 484
24 41 75 87 106 110 119 125 130 176 209 263 316 357 358 382 408 470 490
1 29 46 57 66 89 158 177 190 264 266 278 311 338 369 385 456 493 495
38 95 102 214 232 251 253 279 339 345 373 374 388 392 404 417 448 450 460
63 89 98 146 158 163 188 197 205 233 236 256 266 270 298 375 377 437 463
76 82 151 170 198 204 242 289 296 343 352 355 366 407 430 432 433 436 442
41 80 87 88 99 130 197 198 267 321 381 388 407 437 453 457 479 498 499
6 66 142 161 219 234 265 278 312 315 316 326 327 336 348 362 436 452 492
39 59 73 89 145 201 229 231 265 275 287 385 388 451 453 455 473 479 488
1 29 96 111 237 242 276 283 291 297 348 400 412 418 435 441 446 467 474
12 39 50 142 162 182 188 225 238 287 312 319 320 356 357 407 457 465 470
15 42 104 118 126 165 166 216 225 226 307 351 360 385 415 453 476 485 488
12 16 30 38 47 129 133 145 155 161 222 238 249 326 356 361 362 453 457
19 30 36 152 181 189 270 289 293 352 355 358 367 385 406 414 433 451 477
32 42 132 169 200 207 208 211 282 335 343 369 399 401 402 411 421 452 471
11 13 36 38 43 57 75 125 140 165 273 302 306 338 343 346 353 412 488
14 45 53 63 130 136 148 243 252 281 342 347 430 431 461 464 478 484 495
28 46 85 105 153 201 230 294 296 300 311 363 435 437 453 468 476 481 498
29 42 70 126 135 144 155 200 219 228 266 268 270 322 340 382 435 453 475
3 15 21 34 88 111 121 158 186 203 267 271 310 313 389 398 461 480 493
78 84 126 158 199 216 229 259 261 267 315 319 339 398 410 429 440 475 498
27 56 139 147 157 172 177 178 190 228 256 274 280 290 315 358 419 420 422
41 51 54 77 115 121 189 193 205 221 281 313 349 357 379 435 436 447 497
15 22 43 44 88 93 101 139 184 237 248 262 263 274 309 317 374 414 431
48 55 57 86 106 112 119 126 135 181 194 214 224 225 297 323 329 458 478
22 69 92 93 110 129 132 153 171 175 196 274 365 401 402 438 440 488 496
21 50 63 67 75 189 191 226 245 260 318 326 367 370 431 446 463 476 477
16 36 50 60 82 131 139 144 181 238 245 280 283 340 369 373 379 442 468
6 37 41 90 110 119 122 126 139 142 238 284 322 324 351 395 399 435 485
36 69 72 93 101 143 172 203 217 268 273 293 307 309 310 327 344 416 493
65 73 144 175 237 250 269 276 303 342 347 350 372 379 389 421 457 467 479
13 164 169 176 197 212 219 234 237 249 258 292 322 325 335 380 408 444 476
65 71 112 130 136 137 175 177 262 330 332 342 365 369 373 404 433 471 494
22 45 52 75 132 223 235 272 311 323 370 375 390 408 419 422 427 450 454
18 41 48 88 95 161 266 277 297 307 318 319 328 373 399 413 428 439 487
64 75 103 114 160 202 269 274 294 296 329 337 341 345 388 393 399 451 459
59 66 99 112 148 188 244 254 266 267 285 299 305 315 337 345 375 448 467
26 32 61 67 90 93 98 124 126 152 228 233 260 279 286 323 332 416 460
16 63 72 73 177 215 216 301 302 305 308 309 319 335 340 405 451 479 488
4 58 67 76 99 146 185 192 204 215 228 241 254 292 311 418 426 467 477
35 52 63 89 132 183 195 201 218 342 350 368 401 403 428 430 444 448 475
54 74 79 114 118 131 137 174 176 186 200 202 252 262 301 327 368 401 464
5 7 72 158 165 175 179 181 193 212 213 282 303 321 413 442 474 480 493
16 22 23 24 32 37 69 147 208 227 252 261 262 304 370 414 430 457 494
49 56 58 63 89 118 167 179 205 225 241 248 294 298 402 414 425 434 451
67 70 76 90 167 197 209 215 247 257 260 307 389 392 399 409 423 450 494
52 55 70 79 91 110 122 143 190 206 225 265 268 272 325 327 390 450 459
28 89 133 155 156 161 167 172 185 216 245 252 255 269 310 420 430 435 467
17 21 36 47 65 107 114 222 261 270 275 282 302 321 366 403 437 476 491
16 37 52 96 98 145 150 167 186 192 244 322 324 332 359 417 424 437 478
4 5 19 21 42 103 136 139 146 164 180 306 331 397 429 431 475 491 497
25 30 94 139 187 217 219 242 266 291 294 295 312 335 337 338 428 496 497
1 15 83 108 110 115 116 188 203 209 273 351 377 390 401 427 460 473 495
25 98 106 127 128 161 167 233 237 259 265 287 325 342 387 394 449 454 491
21 28 43 72 88 120 123 238 244 259 296 312 326 363 364 380 383 454 466
20 47 103 120 199 234 236 253 256 280 297 314 344 352 379 467 478 496 497
155 178 185 189 194 196 214 219 237 238 272 275 298 369 413 414 455 471 496
3 72 134 153 177 195 224 274 309 320 342 356 369 383 390 394 395 422 472
38 43 46 51 58 68 90 91 172 270 329 338 356 358 411 434 438 439 493
33 83 121 129 190 215 267 302 304 311 383 390 409 431 440 460 475 484 493
6 23 24 42 47 74 98 165 205 215 228 255 271 300 322 361 450 461 497
33 37 47 59 76 104 114 125 163 224 264 280 289 290 303 369 413 426 440 469
0 3 16 38 43 83 134 137 195 218 244 291 323 338 393 417 420 436 453 491
17 19 50 76 135 177 189 218 228 234 236 237 288 316 329 405 439 470 473 489
5 33 56 71 82 83 84 119 130 138 140 144 161 298 313 332 356 371 422 462
2 34 40 55 61 112 114 132 140 145 209 247 344 362 370 405 406 415 442 482
79 123 139 152 155 159 184 193 208 275 309 311 332 338 362 373 379 388 401 452
30 62 69 77 98 168 222 227 237 242 254 295 320 345 357 395 429 434 446 463
34 45 63 78 136 157 160 198 206 209 220 233 244 257 315 316 323 366 377 387
12 66 91 156 181 188 205 212 229 257 267 270 278 320 357 385 400 429 442 477
115 143 153 175 198 329 356 359 367 397 400 423 429 434 452 461 466 471 476 479
47 66 69 90 97 105 141 189 205 211 246 265 285 360 407 430 448 452 454 456
26 90 148 154 155 168 211 280 319 322 329 340 347 351 358 363 424 468 482 483
25 26 47 60 69 110 142 148 159 225 231 237 269 274 304 364 416 422 464 472
65 83 87 125 144 177 198 253 277 278 301 330 376 406 407 413 414 423 425 477
33 37 83 90 118 130 146 156 159 178 238 255 282 306 322 372 395 431 467 492
9 11 16 21 45 47 90 109 158 179 197 203 216 221 344 389 394 395 418 487
40 83 107 145 161 177 183 185 191 197 213 221 229 286 359 366 401 433 456 462
48 57 80 108 130 224 274 275 301 322 331 339 344 349 397 425 450 470 473 475
38 76 85 95 123 133 158 228 234 238 248 313 314 318 332 426 459 466 470 491
48 63 87 129 165 177 193 228 273 283 288 306 339 340 365 373 377 383 478 493
12 14 54 60 70 131 136 150 184 188 222 233 279 341 345 413 429 430 456 486
10 28 60 72 105 109 115 128 133 135 163 261 317 347 383 387 409 485 489 498
34 45 52 98 125 127 176 186 236 252 262 266 312 314 327 342 346 393 441 493
4 28 30 31 39 73 98 101 102 115 180 184 204 220 247 322 323 337 352 485
19 25 45 47 69 74 88 113 146 147 149 179 258 267 269 272 293 368 406 474
6 12 19 69 79 80 85 108 157 200 270 303 318 323 341 349 408 417 462 472
6 15 33 41 46 78 93 101 109 115 139 155 169 171 187 189 301 330 399 460
31 33 122 139 140 145 198 212 243 264 287 315 318 329 356 363 381 405 464 474
49 54 61 72 198 212 287 334 344 360 375 382 385 386 392 443 466 472 493 494
93 100 133 134 137 175 187 225 242 250 278 316 343 358 381 397 420 448 464 499
22 28 136 140 172 177 181 189 231 251 278 307 340 366 367 451 462 481 484 488
6 40 86 90 104 188 211 364 402 410 421 425 429 432 435 443 444 461 464 474
11 12 55 59 93 130 153 197 215 216 273 284 368 373 395 398 404 457 482 491
43 44 69 84 97 130 227 241 252 306 348 399 423 427 429 435 462 470 487 488
7 15 42 128 131 132 164 168 196 220 285 295 336 340 424 438 450 461 474 486
52 58 102 110 123 127 151 153 197 205 243 305 309 311 351 354 370 385 439 481
2 11 19 105 113 149 155 165 259 265 272 275 277 294 299 309 327 334 425 479
7 18 29 40 42 78 93 115 172 194 197 230 234 300 303 348 354 367 449 451
4 20 23 66 115 134 168 185 192 201 213 229 243 253 292 306 370 409 451 463
8 13 27 31 67 120 136 212 225 227 267 282 284 381 384 415 458 475 487 489
13 116 138 161 178 185 190 209 232 268 323 361 385 405 407 432 453 468 476 485
6 25 38 55 100 140 206 213 214 224 232 239 289 320 340 359 381 384 408 424
4 43 74 106 108 112 116 120 133 188 198 256 261 263 272 327 352 382 438 497
10 14 107 128 129 141 181 224 228 270 273 328 363 398 404 434 450 454 468 491
21 31 39 49 52 57 60 99 137 150 160 183 221 243 270 289 318 336 345 471
35 55 76 92 98 108 129 139 171 180 203 213 283 326 358 359 407 413 420 429
3 6 25 88 98 104 122 131 144 173 213 221 299 312 321 328 332 442 470 493
6 42 68 81 83 89 102 103 223 280 297 303 337 347 365 367 439 447 459 476
6 85 113 122 138 157 171 211 247 263 269 275 282 285 331 341 352 444 462 473
7 17 41 45 69 73 94 100 107 168 198 252 278 284 286 291 341 407 445 470
5 21 85 156 176 184 198 213 214 229 253 296 354 366 369 411 429 455 457 467
14 28 35 49 114 140 204 211 217 244 300 301 323 352 367 373 418 427 488 496
20 44 71 109 128 154 202 208 222 233 234 261 289 315 327 369 386 387 419 472
49 112 125 154 159 189 193 204 250 266 284 289 326 343 358 369 370 396 408 449
4 56 77 80 137 152 173 199 211 222 237 241 285 309 313 375 425 436 458 474
21 42 45 97 177 184 196 203 228 229 286 296 318 342 358 391 397 413 440 448
30 31 36 63 107 113 150 197 221 259 287 341 350 413 441 450 456 458 471 491
23 51 58 61 79 90 104 137 140 143 175 205 210 238 258 349 400 427 462 480
4 18 39 41 65 83 109 140 188 211 240 283 284 323 337 340 413 441 476 499
9 43 57 60 78 90 94 117 130 172 208 290 311 317 331 389 435 439 448 482
11 35 97 119 131 139 154 219 220 225 248 267 276 296 315 353 372 378 415 489
51 55 63 70 72 110 120 123 152 162 168 233 270 335 342 350 360 378 390 466
6 11 41 42 55 144 166 183 198 209 230 253 261 274 296 307 310 312 368 454
20 37 47 61 88 98 147 151 182 200 239 263 307 313 344 368 378 385 418 458
26 49 105 114 125 181 196 223 224 233 292 317 361 385 388 414 438 454 486 494
36 48 51 93 125 129 168 211 220 238 261 303 349 351 360 381 396 423 457 476
28 110 127 182 185 186 206 213 215 244 257 264 298 307 392 420 429 431 482 493
4 43 71 106 118 123 190 211 222 261 263 269 277 280 304 313 314 379 423 468
15 39 61 100 118 178 226 298 320 329 360 366 381 384 392 403 418 419 467 494
18 23 26 89 105 110 124 135 148 150 171 250 307 349 368 385 406 417 471 488
15 37 104 120 142 143 183 236 248 249 271 275 283 315 335 357 389 398 442 464
3 11 52 57 64 88 115 161 180 233 276 303 355 368 404 406 435 467 479 490
0 76 78 133 151 242 267 342 354 359 361 366 381 406 408 439 442 445 469 495
13 40 51 135 148 150 160 170 171 172 193 213 254 268 291 347 361 391 425 451
13 38 49 57 59 72 88 91 132 145 153 184 242 317 319 400 446 454 459 467
26 59 83 118 122 158 188 217 260 265 269 277 292 357 393 399 456 481 482 499
19 22 94 95 121 133 143 164 171 175 204 206 209 213 229 249 267 284 332 457
33 62 78 86 87 120 140 150 186 242 249 281 313 319 347 381 407 411 428 487
24 42 154 205 207 213 226 228 237 239 250 267 277 286 329 399 407 433 472 492
4 88 91 96 115 121 142 147 169 216 217 232 239 250 324 333 406 414 427 460
