391 454
117 138
76 95
372 458
0 140
280 403
26 151
37 109
300 483
354 490
308 484
77 240
123 144
5 116
0 132
332 452
168 192
260 369
25 197
343 492
122 128
258 382
286 481
129 240
115 181
320 475
446 477
361 490
21 61
256 494
104 151
92 120
288 292
306 389
280 456
302 473
300 387
81 99
297 328
308 487
181 218
266 333
261 485
136 208
290 293
381 494
35 85
417 461
195 201
55 75
11 201
88 186
420 447
336 375
82 116
276 373
2 231
156 223
252 460
89 129
157 227
63 81
353 370
363 469
175 240
29 234
366 438
50 188
41 190
43 155
54 197
154 173
19 142
62 146
408 437
180 217
266 418
329 487
20 144
396 421
315 447
16 205
389 407
23 117
67 125
259 470
267 279
267 290
33 214
253 488
281 370
369 402
55 120
398 470
39 139
121 128
327 369
302 355
66 200
378 422
6 19
226 232
58 59
342 359
194 214
168 219
420 443
333 345
10 219
341 367
28 206
398 444
115 217
273 420
26 233
63 188
449 454
263 412
64 182
441 486
297 493
137 231
292 345
14 31
424 428
280 470
341 453
302 368
82 162
314 418
60 236
118 144
254 273
36 196
19 242
342 429
361 407
263 476
15 111
340 392
318 421
445 481
120 144
2 62
370 478
41 189
409 413
363 465
34 239
322 405
419 464
74 205
252 395
460 462
307 423
40 93
13 105
252 343
62 210
141 218
20 240
68 74
259 418
78 109
255 274
176 185
32 158
40 188
277 279
133 203
29 240
367 434
283 332
28 193
138 153
338 416
157 168
317 424
284 398
305 464
281 406
113 184
122 197
190 241
131 203
11 202
148 233
66 205
296 469
348 452
253 447
199 218
352 474
350 354
250 270
402 432
102 224
480 490
1 83
82 84
379 390
110 247
230 238
20 176
292 384
384 471
352 454
88 212
347 363
322 417
395 499
79 106
29 105
13 230
311 372
99 200
328 487
54 129
171 192
369 454
37 216
41 234
92 218
367 428
254 280
154 212
434 455
65 164
60 177
9 34
43 56
89 237
120 237
69 86
345 376
313 406
287 455
392 487
137 203
437 444
35 220
74 126
420 423
373 452
287 376
273 382
312 346
286 457
160 186
297 465
260 416
427 429
254 339
387 476
201 216
44 102
265 298
263 397
179 217
275 412
176 207
484 491
470 482
351 413
305 425
187 215
78 128
285 399
352 431
331 442
319 384
163 169
86 240
97 204
209 243
9 59
30 105
183 223
366 439
79 219
396 440
357 374
153 159
260 473
169 175
9 246
82 130
378 412
213 233
18 24
130 248
367 388
31 224
279 446
68 107
172 216
257 313
363 461
399 412
47 203
156 278 357
77 91 424
145 261 404
249 262 357
240 283 424
42 80 190
348 422 480
283 352 360
13 35 365
67 232 253
290 293 309
78 216 363
30 289 464
83 176 187
64 92 194
8 213 225
308 310 435
11 15 236
78 229 287
329 379 405
87 210 244
71 213 266
272 332 366
300 346 451
381 471 482
43 336 425
48 97 221
52 422 457
169 210 392
275 361 426
108 239 243
42 171 182
289 415 492
48 161 408
343 396 414
231 343 353
95 415 459
0 171 257
64 313 479
276 332 468
177 220 465
293 351 402
81 157 247
215 288 341
223 329 379
309 358 395
124 213 269
116 192 419
269 382 424
80 369 389
25 204 376
129 181 320
85 109 463
28 50 131
76 347 357
285 402 489
255 325 356
19 123 135
153 189 406
109 358 467
213 284 400
247 277 363
237 315 345
318 326 367
22 127 172
7 9 218
18 68 238
35 270 289
90 204 252
5 126 482
6 231 395
1 40 171
123 255 463
264 381 458
23 98 286
45 232 357
257 380 456
73 104 145
76 238 244
65 78 240
193 313 424
56 386 434
275 309 429
152 284 334
311 342 360
173 453 494
256 273 385
168 419 433
32 206 406
227 434 443
280 359 456
326 375 445
428 456 485
142 229 405
326 456 468
336 398 491
269 362 430
145 155 411
178 344 407
228 307 474
37 345 429
46 53 340
52 436 488
202 244 272
367 414 433
431 465 490
241 247 339
31 45 495
93 128 401
166 294 415
58 208 428
425 464 497
64 72 185
118 318 387
263 347 349
428 486 494
213 473 477
26 57 182
307 323 383
159 178 248
27 147 224
125 202 415
37 351 434
17 131 159
27 318 458
141 205 394
86 106 170
70 282 439
24 169 205
134 222 444
9 26 36
47 199 210
12 80 137
29 57 112
92 162 282
75 134 297
137 169 232
172 204 244
11 45 243
171 397 448
102 243 272
136 162 285
26 149 214
250 390 431
293 346 433
126 212 283
307 469 492
12 204 474
53 128 268
282 396 457
11 64 137
17 212 363
6 87 483
18 79 150
294 430 439
75 356 400
23 342 461
98 140 428
214 372 422
12 56 318
306 385 415
96 186 294
189 367 436
14 50 125
333 340 379
121 232 279
132 199 209
14 349 448
422 453 460
4 388 408
185 188 203
383 398 441
52 248 308
156 160 166
92 110 152
288 308 490
144 149 340
392 446 498
14 256 392
157 178 224
96 178 476
308 318 395
35 122 197
80 170 203
14 35 419
18 214 225
122 285 367
75 347 392
18 241 396
2 162 379
148 298 490
33 55 247
287 364 465
421 428 471
120 146 165
268 387 463
223 377 389
262 279 297
26 54 262
14 53 77
152 240 323
23 271 407
313 482 497
41 67 263
149 220 242
164 237 273
33 207 334
93 118 136
91 106 172
149 151 185
7 13 139
11 41 105
1 3 227
143 196 477
232 244 461
95 383 497
263 335 344
177 391 477
267 294 470
239 329 359
90 468 488
268 293 427
31 226 248
311 329 374
77 309 346
382 406 425
0 58 65
402 415 498
326 336 344
214 250 265
169 179 350
74 292 450
136 276 338
321 333 417
21 68 258
53 109 194
278 314 488
26 38 136
98 312 468
256 308 379
341 368 460
20 218 429
104 196 312
12 47 414
160 363 453
216 334 431
127 164 224
2 202 413
7 70 113
146 369 412
34 68 96
21 54 262
196 252 494
294 466 480
123 179 474
20 194 200
349 476 488
181 431 482
14 98 481
195 239 492
69 165 195
350 385 408
330 456 467
142 178 188
33 184 192
320 425 493
117 367 405
23 362 415
136 195 220
72 189 357
5 92 491
271 308 384
14 209 216
118 314 367
202 226 306
5 15 401
371 426 495
114 249 395
222 244 320
107 150 181
154 230 434
159 255 357
26 404 453
332 351 429
17 62 291
211 226 338
50 74 122
15 31 62
49 185 198
138 216 424
444 463 480
10 78 174
14 27 106
81 173 248
202 209 426
221 311 321
63 69 198
1 268 353
420 438 476
319 331 445
94 132 183 189
119 305 390 483
40 181 197 305
74 264 315 390
83 299 338 421
57 263 321 483
86 149 153 331
43 239 348 399
71 240 351 473
252 259 283 424
2 24 105 435
156 204 385 412
60 112 219 381
220 256 337 444
136 194 202 205
12 95 190 458
94 115 150 435
34 38 158 426
44 204 281 436
217 253 385 424
183 229 265 424
10 211 273 317
320 334 384 488
137 218 382 431
20 29 48 151
78 92 148 260
10 51 99 297
119 332 444 459
101 203 339 388
141 190 391 441
313 364 473 491
213 281 332 477
3 127 168 179
121 139 360 426
13 20 50 191
130 158 184 372
64 130 274 306
215 382 426 452
130 237 391 476
292 311 447 467
51 98 214 220
62 299 313 402
13 93 129 468
28 145 354 379
6 35 38 245
67 201 219 351
252 366 488 494
77 145 229 465
69 295 306 341
349 360 374 424
296 379 400 496
174 230 308 460
57 88 182 443
113 342 396 463
225 285 440 492
14 35 277 293
70 404 446 496
22 394 400 479
30 37 161 200
13 171 232 316
54 152 199 221
15 53 107 413
83 250 299 419
192 220 232 406
121 212 342 351
384 412 418 478
104 149 178 257
40 73 270 389
11 282 378 388
24 158 216 399
52 109 245 268
47 179 274 287
72 91 96 206
78 79 152 153
289 336 427 479
256 350 368 458
48 51 83 314
179 202 366 460
116 470 481 489
244 373 448 454
132 133 163 367
125 139 250 293
156 306 366 474
14 376 377 393
335 394 420 435
16 185 477 496
284 342 457 467
239 299 395 480
172 318 357 469
298 362 409 457
215 283 335 402
58 143 349 437
105 152 436 487
27 53 93 374
38 54 211 213
131 175 310 468
54 227 266 452
312 340 473 496
150 281 302 393
21 68 368 412
57 64 117 215
254 348 392 414
177 265 321 467
313 356 449 478
15 38 119 155
72 76 438 498
73 90 187 439
74 116 135 375
133 236 260 275
6 27 32 105
71 114 314 351
299 335 343 470
19 253 297 408
44 123 159 470
61 296 370 381
65 135 302 453
125 136 454 477
68 354 484 491
11 185 403 479
47 52 192 267
80 192 238 300
121 271 314 429
18 337 409 497
2 110 185 187
135 138 172 198
137 165 233 443
90 219 338 351
260 345 393 407
89 246 345 379
89 227 272 338
96 307 375 479
189 329 455 472
366 436 441 487
90 268 293 439
180 238 393 486
25 30 167 220
180 296 359 431
21 183 239 368
181 244 247 308
52 179 317 389
20 191 194 217
99 405 407 485
63 79 255 277
116 131 197 210
37 234 242 246
9 123 217 366
73 352 439 440
45 170 316 436
10 59 147 240
43 190 321 437
71 145 381 429
267 310 325 341
102 327 383 442
50 189 204 420
67 245 344 372
110 164 183 234
63 150 190 229
95 159 280 369
35 127 198 415
130 133 319 497
108 233 235 269
27 142 251 337
266 269 379 382
218 288 452 476
297 358 394 424
94 255 265 324
115 170 345 354
128 212 231 248
126 291 404 488
107 111 232 396
58 168 221 285
8 21 56 185
7 361 428 476
56 109 207 435
27 132 212 226
117 192 257 303
5 337 455 467
59 123 128 178
65 192 264 397
95 244 271 473
47 71 165 263
205 274 353 435
106 242 272 412
46 71 105 312
223 232 248 320
25 129 384 403
80 154 382 472
74 180 282 375
239 325 399 458
83 86 233 451
33 148 365 406
20 38 47 71
93 165 232 491
142 164 329 457
43 115 199 433
54 296 388 423
344 365 426 444
81 103 245 348
48 196 453 479
288 334 373 470
27 60 286 432 482
160 250 258 320 469
25 122 261 405 475
108 285 292 422 473
99 194 327 370 471
273 312 369 397 487
207 233 282 352 373
245 316 336 396 421
78 118 127 304 452
88 139 180 453 468
44 163 401 443 481
103 111 251 350 431
18 67 75 169 347
327 426 435 452 479
340 402 445 481 495
39 41 122 195 381
87 108 140 317 355
74 161 304 305 441
265 370 429 431 459
36 47 72 192 333
182 230 267 305 347
74 237 285 329 351
39 55 153 163 228
14 17 117 212 283
184 248 363 408 494
49 100 254 288 367
95 235 303 329 369
33 50 245 274 499
18 135 175 189 298
131 238 284 322 445
97 104 184 233 413
63 271 387 396 483
72 244 257 277 416
251 295 342 401 481
129 141 241 279 358
46 231 368 428 492
77 194 330 403 464
292 314 398 408 472
23 214 256 319 402
1 5 218 311 465
80 270 324 478 493
83 198 253 358 460
146 221 244 381 451
251 268 371 426 428
58 155 169 247 453
2 126 233 354 395
39 59 74 305 487
23 205 209 233 484
15 346 388 472 492
115 125 254 404 496
176 184 197 206 289
159 238 264 430 488
18 99 120 213 463
143 206 340 362 402
10 19 171 258 339
64 81 149 249 425
102 106 147 194 489
30 104 171 469 476
7 12 151 168 397
116 154 233 272 275
120 142 176 235 323
18 135 158 173 176
12 42 152 173 183
76 80 189 230 277
53 198 225 236 289
2 3 370 377 485
157 165 253 346 353
195 296 339 359 383
97 393 421 451 456
151 255 410 431 484
17 110 230 272 327
10 43 156 163 493
26 65 90 258 438
122 162 308 334 364
100 235 258 333 400
167 193 233 296 350
10 100 178 310 462
51 326 362 480 497
262 276 377 401 422
101 193 238 429 459
70 145 310 460 465
71 112 243 249 437
133 202 215 274 470
23 42 210 229 287
56 124 297 346 379
29 207 210 388 440
48 137 143 385 441
53 100 151 309 325
60 223 233 359 395
113 119 151 165 285
137 321 385 421 432
154 322 406 410 429
22 107 178 218 282
141 187 346 370 376
166 230 324 363 367
19 179 394 398 476
82 266 313 460 483
14 77 111 229 348
32 97 105 274 336
84 110 152 259 417
299 310 321 471 473
26 145 199 222 250
53 138 163 169 231
5 171 214 230 347
156 209 268 421 429
15 48 147 274 354
23 76 105 213 317
5 198 259 338 350
83 174 280 343 362
2 64 123 151 238
50 137 142 159 246
3 144 322 382 436
0 169 218 332 416
89 228 333 485 494
83 169 194 289 341
175 292 316 321 393
83 179 211 245 477
10 38 326 332 392
251 261 283 338 491
25 63 74 209 328
313 344 467 480 497
35 180 214 284 462
107 155 176 180 459
330 341 436 440 447
8 207 320 433 456
147 256 316 410 429
149 215 402 409 438
319 327 397 417 418
140 230 249 319 403
212 311 330 429 466
154 224 294 352 376
21 251 266 308 446
63 98 257 314 401
1 114 115 339 420
134 284 357 371 382
14 67 162 267 288
72 74 170 235 351
21 36 84 194 216
48 55 94 162 480
42 122 253 299 350
9 102 289 364 447
10 41 135 267 299
46 95 133 203 320
9 72 97 375 422
232 249 318 444 460
3 56 70 178 201
14 73 290 377 393
97 141 170 356 476
8 151 331 337 444
30 197 240 248 447
7 239 364 409 412
30 35 118 128 412
135 148 255 268 413
242 249 294 412 452
77 171 208 291 318
59 69 212 419 496
101 103 138 159 495
50 85 155 202 269
22 74 266 444 482
7 95 96 208 445
56 286 340 413 422
58 106 191 410 497
251 270 328 351 363
24 111 212 371 390
44 59 196 254 398
208 238 282 413 462
57 85 187 193 241
3 60 186 415 475
43 64 172 181 469
57 204 220 236 387
35 98 114 128 230
125 158 336 355 497
38 239 256 316 347
20 34 62 145 278
141 188 364 417 489
75 80 219 342 374
35 163 172 286 420
54 77 99 396 470
145 174 211 436 463
8 84 168 246 451
17 93 217 242 337
35 38 57 164 451
39 95 131 142 181
84 122 144 329 470
129 368 380 427 455
12 29 306 312 335
91 113 144 212 488
59 64 190 261 468
38 209 304 319 344
55 135 142 223 493
4 13 28 215 220
72 108 121 183 426
22 33 86 315 403
175 305 312 321 337
23 41 201 247 347
25 138 271 377 458
26 76 101 190 235
24 46 343 354 363
5 21 148 399 490
86 225 308 316 427
67 165 189 233 389 396
177 328 363 372 394 430
140 146 210 237 338 371
127 228 349 440 466 497
17 46 129 230 234 329
86 163 169 245 406 434
56 165 247 356 416 479
184 285 382 383 387 450
14 156 287 307 439 470
146 187 200 411 464 476
46 129 269 360 388 486
146 249 316 337 450 477
36 127 135 144 206 415
131 174 220 222 324 453
178 262 272 275 297 477
56 104 190 222 346 410
53 91 98 292 419 474
17 108 128 297 305 326
3 142 213 221 411 484
13 16 249 256 259 364
41 71 80 123 311 401
144 191 214 219 221 244
121 275 288 295 453 470
25 279 285 340 418 458
74 103 135 214 286 333
20 251 376 433 438 459
136 178 267 282 350 439
93 243 314 402 405 413
27 244 290 376 427 472
2 257 277 324 376 382
42 88 174 226 396 437
0 59 87 94 161 457
48 208 285 423 433 435
20 47 67 161 227 404
6 19 65 131 213 287
63 91 290 294 311 357
29 112 185 225 249 406
71 113 229 328 356 378
124 315 399 417 481 497
61 172 216 395 412 434
9 139 184 188 226 391
15 38 45 86 110 481
1 4 317 364 432 433
57 318 359 481 492 495
110 152 153 309 470 493
278 285 318 366 395 410
87 132 279 293 384 395
27 56 221 299 374 402
163 182 247 414 445 479
13 46 83 158 229 241
16 71 193 243 249 270
215 286 317 369 425 469
34 218 303 356 422 466
219 280 332 357 379 488
124 247 334 351 391 438
77 335 386 409 420 461
36 74 218 219 314 399
123 160 174 228 365 375
0 27 39 207 272 380
92 114 155 160 256 453
169 242 253 366 416 447
115 301 361 420 435 472
4 9 145 458 465 494
151 364 407 439 479 488
16 128 246 282 339 480
51 97 241 438 491 497
190 231 250 372 469 473
14 144 264 265 378 392
19 98 216 242 247 346
31 102 125 135 219 320
84 123 184 199 210 333
59 86 201 270 382 390
33 36 215 226 425 439
85 131 151 170 215 300
102 120 238 369 401 438
58 152 153 171 421 433
9 39 50 148 292 320
79 95 163 239 254 477
74 109 141 166 197 352
228 258 317 397 455 496
79 119 186 407 471 485
11 284 361 417 457 469
64 117 159 228 282 386
16 93 159 218 235 299
177 255 306 313 402 446
48 128 137 256 412 435
6 174 201 308 431 494
215 270 294 335 393 488
52 223 381 415 478 479
5 78 127 136 345 472
114 123 159 168 221 460
132 324 367 433 447 456
130 143 157 202 247 440
86 89 280 295 464 472
94 323 398 439 461 462
11 167 311 322 339 365
128 146 167 258 390 474
4 12 219 292 424 488
49 83 128 243 282 489
31 50 70 140 162 175
26 103 139 215 269 394
69 90 313 355 389 420
55 99 132 333 378 467
230 272 294 306 320 321
95 161 170 340 424 458
175 241 331 444 456 465
82 124 166 170 186 246
47 232 243 274 419 425
58 305 398 399 470 490
21 156 190 224 236 406
130 266 279 309 346 372
33 38 205 220 221 283
210 215 262 310 378 392
73 83 113 128 254 459
59 94 242 282 320 390
75 201 313 324 378 460
19 20 130 143 208 409
58 97 158 174 279 323
54 58 163 242 363 418
74 85 116 165 341 483
29 91 306 376 391 489
80 123 263 337 485 497
0 56 70 313 459 463
105 178 288 372 395 477
58 178 271 295 310 489
11 189 319 320 321 329
41 46 50 312 362 377
119 131 153 275 312 420
13 45 310 387 397 447
119 125 170 192 261 437
10 27 52 67 223 411
183 191 227 306 466 468
20 21 22 283 343 440
13 25 150 164 335 498
28 144 155 400 464 480
26 132 292 299 341 493
144 218 272 283 317 333
122 123 132 259 322 344
47 78 98 284 305 467
27 47 181 303 305 324
51 53 130 183 188 213
175 185 260 286 313 386
20 129 185 356 374 443
40 51 59 167 170 175
69 217 251 269 422 493
44 135 305 442 458 475
76 163 268 358 400 429
18 46 110 205 220 232
184 310 319 380 391 468
49 51 75 80 177 243
230 241 272 353 376 390 453
13 38 95 132 320 452 453
28 177 190 219 240 375 396
13 120 139 147 210 328 396
31 73 84 177 232 240 383
92 95 111 181 197 345 470
75 113 140 199 203 324 487
17 184 257 270 307 405 496
135 140 402 406 458 473 475
134 209 279 306 329 394 401
43 46 86 94 251 402 441
27 128 219 244 300 410 484
93 137 188 206 257 360 413
0 19 27 177 184 433 458
13 145 158 317 375 438 490
75 82 117 200 309 415 481
2 149 180 185 355 357 454
11 190 207 212 242 266 415
115 140 158 205 207 255 358
91 123 227 249 326 361 411
34 47 98 271 325 347 427
0 113 215 217 297 454 467
179 228 284 294 392 396 430
0 160 263 265 284 347 388
77 113 117 150 174 430 499
13 15 113 223 262 348 417
50 71 77 166 198 285 290
77 98 139 182 198 351 366
16 47 118 327 333 414 437
127 188 271 319 321 401 418
28 63 176 204 207 267 373
42 57 65 122 147 201 284
119 151 167 227 234 290 328
12 25 144 250 375 394 441
46 247 257 288 303 480 481
86 181 200 257 272 411 415
6 7 65 116 299 365 433
5 20 34 85 164 207 319
81 124 265 314 396 408 497
43 53 108 204 244 401 421
58 80 115 159 182 373 472
19 171 252 304 325 351 433
174 235 245 317 360 414 439
25 178 234 253 410 419 486
28 103 192 348 425 443 456
2 12 149 211 323 451 455
108 173 242 295 326 338 418
188 227 317 353 424 459 467
76 191 311 321 372 416 477
100 105 278 339 346 467 487
38 63 119 291 382 401 450
6 55 71 91 294 422 445
40 274 278 292 332 430 438
37 161 199 283 320 373 421
159 187 323 349 371 385 439
91 229 285 358 372 456 479
75 251 258 284 422 431 483
66 94 121 224 263 283 492
4 35 175 219 387 426 436
269 284 368 422 472 490 494
16 102 216 222 331 388 478
89 209 320 324 341 374 412
80 181 185 233 254 441 465
38 189 263 267 287 332 452
8 64 99 193 254 329 422
48 65 125 265 300 302 475
41 98 127 149 255 274 446
4 31 53 68 129 357 407
49 92 145 157 219 256 349
56 106 117 121 423 438 490
56 129 213 272 294 365 423
48 246 258 294 321 349 470
53 78 107 345 393 456 480
42 262 336 377 408 475 488
18 160 241 308 394 480 493
60 66 92 126 141 223 425
156 219 245 282 317 413 414
74 97 130 157 233 240 256
18 35 141 194 204 232 450
104 146 192 399 418 457 481
17 36 145 242 255 279 316
115 116 153 200 294 389 421
85 155 279 282 369 390 409
55 126 134 265 307 350 439
6 80 86 108 137 197 372
61 173 224 252 324 359 467
1 68 142 254 308 440 484
21 173 289 302 354 471 497
21 91 142 177 280 304 338
14 48 57 132 229 321 491
142 226 272 330 377 381 413
7 33 117 314 379 451 452
8 33 129 207 214 257 377
44 63 113 231 313 368 469
19 131 182 196 238 279 325
56 145 146 159 254 399 457
80 227 268 287 321 354 380
40 45 145 154 370 400 456
29 52 148 159 199 228 472
67 195 325 341 451 472 491
40 265 271 273 353 394 452
60 72 118 209 231 235 278
14 26 81 97 100 168 443
23 62 284 327 354 450 487
52 128 252 342 357 454 460
36 58 97 110 233 433 447
38 72 268 285 304 367 438
48 94 101 132 168 387 399
5 157 250 299 346 357 418
11 70 101 229 279 365 455
115 261 263 269 394 404 443
180 225 282 302 339 358 391
40 72 109 135 190 217 444
3 29 136 250 347 388 439
171 235 240 334 426 457 460
85 219 335 378 414 450 478
15 55 61 144 195 251 292
68 120 228 270 291 424 445
66 81 104 152 198 373 475
40 100 251 311 347 439 476
133 245 253 389 418 480 496
81 315 350 374 457 476 488
4 6 14 138 297 305 433
0 43 120 156 164 402 413
21 85 137 174 295 412 448
104 135 159 185 211 276 338
16 143 240 297 300 331 372
32 155 221 234 295 380 415
140 173 176 229 234 243 279
29 46 155 172 287 397 452
70 190 201 263 340 434 435
38 70 85 155 293 430 461
35 45 102 164 272 308 377
169 175 249 311 390 413 450
77 120 222 311 368 403 414
70 89 121 278 360 406 470
51 65 129 219 330 343 472
12 108 182 194 247 375 494
36 56 63 66 193 195 250
24 120 360 430 441 480 493
37 65 74 120 162 386 440
9 46 96 117 149 224 487
104 166 243 253 373 381 387
24 176 280 344 379 445 470
18 59 107 334 394 436 480
277 311 316 341 358 442 474
71 209 227 237 303 313 343
119 136 160 194 213 225 493
159 160 303 326 331 418 489
20 60 203 232 274 355 443
71 88 164 165 329 414 489 497
118 126 218 367 370 426 473 496
82 116 303 314 315 330 404 407
56 68 132 142 231 312 377 379
77 109 113 168 184 195 217 350
107 175 220 262 269 368 444 489
36 67 78 239 292 302 374 385
22 65 95 159 184 188 395 419
2 60 158 170 189 253 472 490
9 97 142 304 325 462 469 490
2 169 203 312 364 426 479 481
25 101 151 260 268 273 440 493
36 73 226 314 351 447 449 451
46 152 228 277 312 333 365 422
73 249 270 283 370 381 398 499
63 166 219 268 317 404 439 464
17 119 154 218 317 397 419 420
66 82 151 215 293 328 349 489
29 77 149 210 248 401 432 473
56 90 97 115 284 347 429 482
7 35 56 114 161 443 452 480
31 254 305 325 327 357 461 489
17 38 64 65 134 415 478 491
63 119 198 234 286 341 396 402
75 82 268 298 363 415 444 492
9 24 45 65 116 328 399 421
142 167 223 316 355 419 464 468
40 175 196 245 333 378 435 458
77 93 105 125 195 241 248 469
86 222 330 335 340 352 441 456
37 50 147 209 247 250 453 492
30 167 211 317 359 398 400 431
98 102 154 179 198 202 215 225
14 32 303 346 377 380 429 441
4 67 167 317 387 397 401 403
91 182 308 364 368 389 426 454
6 14 36 57 80 139 355 401
16 110 114 165 249 300 318 414
22 25 45 55 74 106 247 352
24 58 200 252 269 321 419 423
54 188 206 292 330 369 410 449
34 146 156 278 337 350 365 475
12 78 292 307 320 445 447 486
20 34 59 68 179 269 436 450
72 178 215 307 328 375 477 495
146 198 282 313 394 469 477 495
57 101 117 182 187 222 241 497
67 90 158 196 291 425 451 453
90 139 193 216 237 332 363 489
10 320 361 385 405 408 420 451
20 30 85 141 183 272 394 397
51 180 192 226 313 318 346 351
35 247 279 323 378 399 432 443
49 80 166 185 207 251 362 472
39 44 142 185 278 333 364 451
4 187 206 261 277 300 340 416
3 206 254 328 386 421 495 496
30 45 119 128 201 286 387 459
90 183 187 233 249 396 426 490
189 194 310 353 386 480 482 491
4 6 176 177 192 218 267 457
50 200 231 242 292 379 386 445
94 173 191 206 298 473 481 496
110 135 147 211 225 304 328 468
44 51 66 67 153 254 427 439
8 23 278 334 397 464 492 498
35 55 110 225 243 333 367 397
31 45 55 154 200 211 294 351
4 12 35 72 93 101 216 329
58 61 76 77 256 311 405 412
77 116 120 223 247 304 328 462
69 74 131 155 185 354 369 484
180 237 267 352 363 471 477 488
164 187 201 215 267 410 426 432
7 18 43 164 194 282 288 490
54 100 157 188 228 287 293 474
61 65 125 143 225 351 414 440
99 197 255 256 271 300 349 422
46 95 103 244 264 288 461 489
8 117 218 281 340 416 435 446
137 160 172 183 283 314 316 380
50 57 60 137 203 205 223 231
109 131 163 272 348 372 392 421
13 45 72 86 195 226 352 366
55 85 168 224 234 259 267 343
28 29 35 81 92 207 315 475
25 30 40 121 140 301 350 482
68 130 156 234 275 303 415 428
42 138 195 249 263 314 380 469
18 100 209 223 261 316 425 468
7 22 26 93 128 172 468 494
10 135 214 275 323 409 422 491
43 78 112 153 234 311 424 446
58 159 163 208 235 357 411 497
47 54 126 153 266 331 443 499
123 124 201 261 262 320 435 485
17 88 130 180 197 266 315 322
23 95 156 199 262 349 456 491
113 120 227 244 257 298 395 470
17 45 81 237 253 396 422 434
85 119 211 213 289 386 410 493
102 153 201 261 268 308 401 487
18 42 71 98 145 158 274 339
174 186 284 300 308 323 417 449
26 92 98 108 254 394 413 424
119 259 295 393 395 396 412 436
227 332 336 430 438 448 456 462
69 117 235 421 431 443 456 498
31 86 118 139 355 379 385 431
68 106 198 294 320 392 405 430
10 16 51 102 168 419 430 474
134 161 207 233 299 300 323 409
7 89 114 132 157 244 251 421
39 47 162 192 201 221 289 377
37 106 111 161 168 192 217 334
6 97 167 197 350 418 425 443
10 42 107 134 306 349 486 488
56 103 121 127 150 378 428 446
87 143 191 192 248 322 394 454
45 150 166 242 309 383 418 487
9 24 57 119 208 320 388 422
50 100 251 341 350 394 412 498
130 142 146 229 261 271 350 402
110 295 309 418 454 462 467 480
5 23 53 208 334 357 389 434
20 61 62 94 103 109 278 422
6 84 110 132 212 253 292 454
24 102 126 239 285 325 415 452
4 7 52 131 247 312 330 367
21 72 74 104 183 285 313 392
14 137 153 274 300 334 345 402
29 33 212 355 397 447 463 490
9 57 84 155 247 299 333 447
61 295 317 332 419 458 495 499
74 98 201 206 291 423 430 435
56 75 85 154 241 285 310 448
68 77 107 174 212 265 339 354
128 136 157 221 224 451 480 492
266 291 312 397 483 486 493 499
134 165 203 204 323 325 470 486
12 100 242 268 306 407 419 439
26 161 193 281 373 435 442 476
17 22 27 92 101 104 363 371
19 265 289 362 366 395 479 490
10 53 152 227 239 275 282 284
103 114 183 196 218 228 383 435
2 30 195 210 243 305 311 348
218 238 275 297 345 383 422 446
28 62 159 190 238 261 435 490
4 148 183 301 306 368 369 431
99 271 286 295 307 347 377 424 441
33 49 141 147 155 195 259 267 372
108 216 219 257 329 349 359 387 389
0 9 57 80 84 124 285 372 493
128 135 181 214 248 272 414 466 492
11 28 137 169 205 255 310 410 446
22 57 77 101 121 168 257 344 345
59 109 118 230 257 310 364 414 481
95 141 144 147 164 205 393 481 484
119 164 287 304 317 330 367 416 493
13 223 260 261 289 314 399 411 458
74 80 81 182 218 222 410 443 457
46 71 252 292 302 309 331 346 347
162 250 278 290 368 408 465 470 472
28 146 163 176 186 221 292 365 381
44 80 123 134 167 188 190 328 448
7 45 74 186 313 361 370 431 458
226 241 254 278 285 317 327 362 482
133 140 168 190 207 208 234 261 377
26 47 51 112 191 206 467 480 488
53 139 169 187 252 269 369 420 465
5 118 120 154 206 264 289 305 307
28 171 181 281 286 288 347 376 433
24 87 202 257 300 411 412 462 493
9 93 178 210 336 412 466 478 493
62 194 212 247 260 319 337 357 388
38 116 147 199 292 305 392 426 428
9 75 90 389 391 415 424 474 479
46 227 250 257 288 310 321 328 495
110 147 244 257 267 273 286 385 462
23 27 161 167 169 221 237 243 494
67 110 217 251 265 329 408 444 471
44 55 73 146 178 241 286 358 432
25 31 34 55 63 86 147 376 470
75 108 178 189 305 380 399 426 451
20 98 170 225 266 391 396 398 463
8 48 133 150 185 198 390 473 479
15 21 34 74 100 185 187 307 471
141 219 230 256 320 332 456 465 494
10 64 85 95 235 246 262 304 465
40 133 158 173 199 369 397 432 484
6 118 153 205 252 327 370 406 447
4 13 14 26 87 166 242 366 367
58 82 112 192 234 256 303 324 397
78 104 107 349 373 377 378 432 446
128 137 175 284 314 316 341 430 447
19 173 207 214 247 253 286 287 435
32 115 243 247 253 299 370 475 492
26 35 156 230 238 272 420 424 449
23 162 346 398 416 426 461 479 490
59 62 77 128 156 288 313 415 430
8 57 99 116 143 284 347 488 497
79 97 152 268 357 392 462 472 476
8 34 52 77 83 129 213 324 489
35 42 130 166 284 286 319 348 356
208 261 311 358 371 376 446 452 463
54 167 271 296 323 340 361 391 446
56 89 106 197 213 266 318 453 495
72 80 202 204 232 245 367 455 486
152 167 180 275 341 354 390 434 496
215 253 277 338 397 409 440 456 486
3 77 116 305 335 356 384 410 433
37 92 115 216 253 439 444 457 471
126 194 316 363 365 368 403 445 455
63 82 110 125 179 292 345 378 435
143 184 264 413 418 421 431 461 497
30 62 171 191 240 292 348 360 427
11 55 163 252 310 316 336 430 474
175 176 212 220 302 345 353 425 438
145 197 267 279 353 376 381 429 444
168 205 228 238 361 397 423 434 460
20 44 124 147 164 319 386 397 412
26 44 171 241 251 385 430 431 453
39 174 180 218 393 396 437 476 490
0 178 222 228 232 340 405 411 444
53 68 94 206 207 208 247 367 388
29 42 129 150 228 236 326 411 428
43 53 108 122 173 182 374 383 459
32 37 91 116 254 278 292 321 333
64 121 202 222 239 329 417 436 448
18 101 137 181 187 337 411 479 481
26 36 77 256 258 313 316 344 455
21 44 100 174 196 204 247 328 345
36 97 105 116 125 222 257 333 355
33 49 90 156 287 298 339 343 434
33 39 71 86 121 363 390 418 435
124 173 263 266 290 355 365 416 435
49 139 256 257 316 344 377 450 463
23 195 305 344 369 376 418 427 466
31 45 74 79 82 147 384 389 495
11 47 89 107 160 214 313 404 447
25 203 299 305 312 331 442 479 491
46 81 128 238 256 321 329 390 447
63 64 91 156 169 192 259 331 452
108 223 226 263 282 311 337 412 419
54 204 340 344 350 380 392 443 499
16 22 52 53 103 115 143 271 338
56 189 215 340 373 395 411 455 464
25 29 97 149 232 278 387 401 428
9 48 130 247 263 324 327 374 491
24 178 186 253 321 358 438 461 484
108 147 197 251 272 282 312 353 379
59 70 152 158 219 220 257 363 437
7 26 43 52 81 189 297 373 469
176 215 222 281 356 368 404 438 452
169 264 306 355 401 412 418 435 438
139 249 274 291 295 308 379 417 428
40 56 81 110 121 159 190 330 447
42 278 290 340 362 364 412 436 454
24 90 93 113 134 190 325 452 473
25 57 95 114 171 183 221 294 424
187 190 225 267 312 332 396 478 494
23 131 145 199 233 263 332 388 441
38 55 86 370 371 386 396 411 476
127 188 205 277 316 352 384 397 476
91 114 220 322 327 329 431 442 493
18 163 169 239 242 282 336 413 416
11 107 250 253 292 317 375 394 416
28 101 211 213 246 270 295 308 406
34 70 91 164 319 373 397 419 487
49 58 143 195 261 273 289 305 453
27 108 245 325 346 365 393 446 471
16 50 76 90 217 245 378 386 492
144 166 401 403 412 447 455 484 485
15 114 315 325 342 347 382 431 464
95 203 247 252 299 320 339 380 388
20 123 125 172 188 243 377 422 464
102 122 129 224 269 298 361 397 418
57 103 130 141 339 371 395 435 480
25 32 163 166 266 275 310 318 377
29 72 179 252 253 260 339 407 437
43 54 73 112 160 178 244 269 310
45 70 92 95 253 263 280 409 481
31 49 52 180 293 319 362 375 400
47 270 281 351 380 386 406 460 474
45 60 106 116 162 186 201 386 388
9 60 106 261 284 318 323 351 420
39 71 148 152 197 227 275 276 332
5 27 73 245 250 270 279 414 445
10 64 74 130 181 227 318 322 328
14 28 88 127 256 276 286 288 334
120 176 200 238 241 269 332 418 489
34 71 207 208 269 374 396 444 498
125 216 284 309 324 390 396 450 498
6 36 59 289 305 313 357 426 449
45 200 222 247 287 292 417 454 458
15 88 219 227 294 300 355 364 370
35 44 46 132 263 278 407 422 432
52 140 144 152 195 273 280 371 408
30 66 135 141 193 308 422 465 475
79 118 188 211 303 323 331 355 379 384
45 124 169 210 317 319 336 370 391 436
2 47 50 68 119 149 182 184 185 239
130 222 231 248 328 361 436 450 485 494
89 112 232 307 332 351 365 371 434 439
43 118 151 187 189 312 329 392 430 479
25 40 55 61 260 315 339 342 414 474
51 103 145 190 332 341 360 385 395 477
19 59 102 122 125 128 178 282 339 397
133 200 219 227 325 328 382 388 423 432
10 29 61 108 120 256 292 301 302 326
23 41 100 262 324 338 339 375 379 499
9 12 43 68 141 229 326 349 367 465
168 178 288 322 353 360 379 389 412 453
54 136 229 241 329 349 355 361 461 474
1 27 74 119 121 129 176 211 266 284
64 66 159 215 223 247 253 322 409 440
0 81 84 98 128 229 320 367 375 419
4 25 131 147 219 381 394 410 458 496
56 110 164 193 194 275 385 444 446 499
63 86 90 129 183 240 291 310 312 329
41 99 126 205 217 223 256 334 349 476
34 68 74 111 121 142 217 346 435 498
1 22 23 139 222 260 316 319 340 463
13 40 52 58 118 230 298 311 386 461
13 16 25 75 151 155 272 290 307 396
6 65 137 189 215 313 396 414 466 470
21 64 152 219 237 297 356 370 372 487
53 204 306 350 357 358 402 470 473 492
57 114 161 200 237 280 296 387 415 436
2 92 134 186 252 284 325 335 409 474
60 158 180 182 261 280 293 344 358 359
4 54 69 118 146 184 251 312 368 481
30 141 152 376 377 396 402 421 445 455
31 66 154 218 230 232 290 336 382 415
26 64 150 247 279 281 309 409 439 452
6 21 35 76 221 231 272 394 489 497
32 41 91 227 256 328 417 429 435 490
42 81 91 116 130 213 239 380 419 489
6 43 105 129 164 305 333 338 410 456
6 40 45 129 132 168 281 316 442 494
6 11 100 141 155 182 188 231 287 368
29 67 96 175 179 204 216 264 367 407
17 52 104 123 216 220 235 389 418 457
143 185 296 305 317 329 389 411 497 499
3 155 251 259 263 269 295 348 453 474
13 114 144 195 215 275 356 462 465 481
44 155 163 264 290 416 444 447 478 494
76 80 115 120 260 292 312 414 447 475
47 209 216 280 283 312 324 329 461 495
23 57 180 243 276 336 339 348 470 482
47 137 149 165 166 219 241 393 436 494
152 222 267 322 336 355 378 391 394 422
38 243 250 257 269 328 441 465 469 492
61 114 215 223 275 351 376 393 482 491
68 101 132 144 171 204 250 295 314 356
77 97 180 280 299 365 373 420 429 489
22 45 86 142 158 201 233 254 324 341
3 43 162 264 409 432 441 465 480 485
34 128 176 179 241 258 276 348 408 498
4 33 117 149 276 278 323 324 413 466
75 84 191 199 327 342 352 358 430 486
91 200 231 267 351 437 446 448 456 474
27 72 143 153 240 275 456 464 465 476
18 76 90 143 150 211 231 303 348 414
106 186 277 289 331 376 390 444 465 471
15 16 35 119 130 186 267 278 337 423
93 109 219 226 242 249 270 313 446 448
49 61 91 164 171 198 230 372 382 412
3 117 211 215 260 281 326 348 403 428
37 51 87 93 122 153 289 335 426 439
10 30 104 125 131 136 143 207 435 442
9 22 132 146 164 171 215 300 383 470
62 133 174 215 233 263 295 300 301 306
25 62 92 172 244 253 260 339 430 481
25 98 107 113 260 304 348 391 429 472
64 100 104 115 126 144 244 367 461 481
91 131 150 160 237 345 391 398 415 479
7 55 143 169 253 283 322 352 411 462
15 60 94 101 201 260 317 475 491 496
83 141 240 249 258 262 354 420 468 472
12 41 51 78 87 163 224 266 422 483
104 178 195 250 272 310 320 352 432 463
10 101 211 231 279 424 440 444 485 499
13 61 71 97 100 280 286 370 418 452
134 159 295 303 310 385 387 391 400 403
74 98 119 247 292 294 317 387 429 438
85 92 136 242 306 326 330 337 408 457
48 170 171 274 299 366 370 405 407 466
4 18 21 102 131 225 274 308 384 484
14 21 101 118 122 168 266 335 464 499
13 61 149 157 186 234 277 282 419 449
8 13 100 179 211 214 296 299 314 470
25 51 74 112 137 167 192 198 204 392
24 62 99 103 131 209 261 384 445 477
9 40 62 77 102 154 321 409 458 492
60 108 116 124 177 223 275 375 381 460
74 186 240 264 332 365 387 392 471 488
70 96 99 128 129 169 268 324 360 494
10 18 19 20 80 132 263 288 317 357
0 24 80 163 173 227 301 322 386 464
12 28 84 103 104 339 360 437 476 498
5 12 164 219 248 300 372 423 446 451
31 100 118 200 303 335 364 377 455 498
56 68 137 196 208 241 261 489 491 498
3 12 25 101 124 162 175 206 310 322
7 17 49 51 124 263 305 399 432 457
10 81 87 143 222 244 274 417 452 465
63 153 158 210 217 263 325 378 419 431
25 30 106 185 186 347 356 367 428 465
5 74 79 184 192 213 257 430 432 435
1 21 162 179 199 205 245 425 447 489
74 169 177 239 289 312 319 336 437 452
56 63 107 127 155 190 262 363 370 449
43 87 138 303 317 377 404 420 438 473
0 62 65 137 218 266 318 383 440 475
31 34 210 213 307 382 393 465 475 497
31 53 118 140 178 179 202 241 320 364
25 80 102 106 158 164 197 306 435 450
6 52 60 72 99 188 279 290 424 449
124 166 259 274 289 339 355 411 458 474 491
157 186 195 258 272 279 364 389 407 459 471
63 90 123 151 160 209 215 220 345 358 472
24 53 77 100 216 291 299 358 397 398 432
101 118 119 141 295 313 317 377 425 467 480
110 127 207 298 303 322 376 394 418 466 467
103 119 178 200 212 284 304 396 440 443 475
23 35 130 255 281 290 306 332 334 341 355
1 5 6 12 78 96 126 268 296 355 430
3 17 41 43 88 103 123 152 170 267 399
84 96 148 202 206 243 288 372 402 441 484
164 167 195 240 286 302 305 319 340 409 445
20 70 110 214 218 344 381 470 471 483 496
89 238 242 264 291 332 364 391 433 488 498
49 81 146 202 242 260 266 268 295 305 342
0 61 99 195 197 233 260 341 375 397 483
13 27 29 34 52 96 133 167 187 310 463
1 74 87 113 115 141 145 151 165 226 386
6 60 185 261 303 397 404 423 425 433 448
85 254 260 290 302 338 340 367 403 483 487
17 147 165 181 202 277 292 306 314 368 441
89 156 177 197 295 324 334 352 385 410 425
1 14 46 72 161 194 208 232 236 267 356
20 143 155 272 331 348 364 401 408 412 470
36 73 132 186 241 284 286 294 379 456 467
29 76 86 94 225 238 290 339 345 439 472
2 22 44 106 110 120 349 363 395 454 476
17 48 116 150 156 248 281 293 329 434 435
122 221 245 315 320 326 330 399 406 418 428
184 235 244 294 300 312 343 344 394 475 480
24 115 129 131 214 221 249 294 360 439 486
15 24 62 83 218 266 295 365 433 480 495
4 52 224 228 240 282 284 285 319 377 379
73 78 124 151 248 286 288 421 427 443 479
30 256 279 320 322 331 403 428 437 463 494
15 29 94 99 179 269 349 369 418 431 466
131 172 191 204 215 230 264 270 298 373 421
20 95 115 117 125 195 353 392 412 444 451
32 107 161 201 219 291 292 294 380 412 466
16 123 128 212 223 224 237 252 298 385 484
20 24 83 105 232 343 370 383 384 431 468
52 57 111 219 262 315 344 396 425 454 491
105 111 125 236 262 287 412 413 421 456 479
5 47 55 82 92 216 255 366 406 424 437
9 21 62 87 190 259 264 267 289 386 499
54 106 149 187 189 217 337 339 390 403 462
30 143 146 196 258 317 322 431 470 472 476
45 61 250 292 294 302 347 398 474 489 492
28 55 164 170 171 248 305 330 421 449 476
41 57 73 223 258 312 350 359 370 426 491
42 50 51 76 100 154 167 282 318 394 485
59 87 155 242 257 305 314 324 334 357 429
22 38 80 82 148 157 177 194 221 315 371
5 198 235 300 302 371 385 404 425 433 478
43 90 160 172 216 235 295 336 416 429 454
55 141 175 199 265 325 352 354 396 422 496
57 63 109 119 246 329 339 368 383 423 458
6 16 66 107 162 180 214 232 412 445 447
44 47 58 152 220 284 285 373 396 397 399
3 73 120 160 198 208 308 350 355 435 470
60 91 97 100 101 134 149 214 237 341 378
64 67 89 100 219 234 336 369 431 473 484
7 63 126 169 229 266 275 307 451 465 493
67 119 231 307 386 402 403 464 473 485 496
39 72 115 183 235 249 304 311 353 379 463
14 158 179 180 277 308 317 318 337 364 366
32 67 93 123 142 176 262 272 292 421 496
49 65 67 101 187 223 228 231 239 437 495
48 103 149 191 269 276 319 366 404 422 432
125 163 227 238 296 299 315 343 353 395 446
85 103 121 144 159 188 189 203 317 336 474
24 86 121 173 186 192 193 226 312 425 433
3 110 115 172 246 310 337 464 472 473 496
26 103 155 213 223 278 293 359 466 483 489
14 49 59 67 107 124 239 371 445 462 467
4 30 41 58 118 142 181 247 249 341 485
20 90 135 172 199 204 397 412 420 426 482
16 44 71 160 163 204 212 216 239 285 382
150 183 246 270 285 286 341 355 399 437 456
25 73 105 209 227 236 237 273 291 453 484
89 118 199 224 227 231 271 295 312 404 450
13 19 22 181 188 287 295 306 314 322 338
78 122 151 194 213 219 250 315 409 442 444
72 134 210 264 302 341 356 365 406 425 462
25 52 72 226 228 270 294 302 352 416 496
95 100 197 199 219 228 305 320 417 427 449
2 9 25 82 96 131 139 211 238 295 306
30 148 164 166 236 321 322 376 383 411 490
103 106 199 200 275 277 296 318 358 435 439
20 88 89 96 126 288 374 376 420 429 479
63 86 181 266 289 303 308 394 423 434 457
50 56 75 116 189 228 242 256 370 479 496
44 63 121 135 137 157 233 281 320 403 490
10 28 44 48 57 60 64 202 251 357 464
25 62 88 120 121 171 174 377 458 462 477
57 234 321 324 354 417 426 472 478 483 493
120 191 208 228 262 288 314 336 354 463 474
54 58 88 250 274 408 416 427 428 432 457
33 36 187 246 253 265 318 345 378 463 473
131 163 184 217 271 279 336 359 450 494 499
17 97 177 227 304 374 388 404 409 476 477
42 134 156 214 251 268 371 432 467 468 486
71 151 153 214 290 318 332 414 415 434 458
65 88 90 115 146 180 212 252 274 464 489
21 54 145 220 294 299 339 343 363 417 495
66 94 100 108 109 202 203 237 281 429 462
25 160 162 204 267 319 333 336 338 354 482
60 69 76 86 137 141 196 382 453 469 499
20 113 139 172 226 276 300 344 346 361 474
4 36 63 116 131 227 414 433 448 477 486
48 210 281 344 345 370 393 417 424 442 480
46 60 120 138 314 347 358 422 450 470 477
87 107 115 125 156 260 388 442 472 483 492
14 65 129 147 184 187 200 258 279 431 465
36 40 109 128 146 148 250 263 387 408 418
34 37 99 248 264 271 314 327 350 362 433
32 115 261 315 320 340 372 390 446 458 483
59 71 75 97 122 160 227 249 290 336 440
63 164 237 247 273 277 313 400 433 466 473
79 102 149 186 188 263 291 322 356 476 495
1 23 67 212 226 227 246 290 406 450 465 489
15 31 101 114 133 168 185 187 338 342 442 471
71 89 91 141 146 326 370 406 422 434 448 462
9 51 59 124 162 203 250 319 355 444 460 496
19 95 171 229 265 305 347 351 361 385 387 392
20 32 59 156 189 201 252 265 346 388 434 468
33 50 71 99 178 236 256 262 276 316 340 423
115 163 177 340 362 373 427 437 457 467 479 484
10 11 13 42 99 266 288 313 335 385 429 441
22 56 57 99 106 152 195 303 330 359 380 454
2 10 45 50 66 223 232 321 322 457 466 488
8 56 66 117 131 154 179 185 231 259 341 394
24 80 104 121 210 227 250 294 303 387 400 496
10 30 72 76 93 161 169 179 293 302 443 454
143 194 224 333 351 367 369 383 430 432 451 453
16 34 59 73 136 170 206 270 413 424 426 477
17 85 87 104 140 275 308 318 334 347 361 363
55 65 139 150 151 158 160 210 296 463 467 487
1 13 24 33 75 169 368 417 421 434 465 485
25 27 28 176 222 277 392 410 435 466 467 484
64 105 193 201 250 291 301 335 348 417 463 471
38 110 126 140 227 277 283 330 391 425 460 483
22 43 51 129 172 188 219 225 273 276 290 373
92 143 172 216 247 324 391 401 422 446 448 452
46 80 99 111 125 191 219 252 282 283 308 348
5 10 47 78 131 235 272 277 334 350 411 425
16 22 59 68 142 166 308 348 402 418 488 495
38 126 134 144 162 202 215 246 320 405 480 498
19 58 97 126 139 160 197 202 411 447 483 492
5 29 56 157 160 246 272 309 352 453 480 493
42 66 84 126 149 162 178 179 293 344 380 472
50 99 112 124 174 192 258 314 326 358 431 498
17 77 121 167 205 246 309 317 328 375 422 461
4 29 35 62 147 148 208 221 298 313 320 484
51 107 117 151 188 270 321 348 355 366 405 410
100 113 115 123 170 199 256 305 365 414 454 492
18 24 118 274 321 328 341 387 400 468 477 487
83 168 174 189 212 289 344 371 393 455 465 482
0 13 93 130 145 156 229 244 264 323 394 477
3 24 99 107 120 169 187 260 272 392 420 464
23 60 100 134 144 145 205 252 366 383 404 440
33 98 115 169 173 207 231 337 352 376 391 445
51 76 77 245 285 286 293 365 376 387 419 423
15 46 85 108 170 178 230 236 261 277 337 486
31 36 58 259 271 317 318 363 407 415 442 496
10 77 101 112 196 249 270 272 304 337 430 433
11 18 31 115 212 226 249 277 302 308 396 405
3 106 182 276 316 369 373 392 447 461 486 491
59 60 100 119 203 204 247 248 290 318 347 486
2 28 34 204 245 271 309 335 358 411 455 478
6 252 257 333 349 355 356 387 414 420 434 471
15 56 59 175 254 281 297 328 347 432 458 477
19 34 70 81 98 282 354 360 381 404 443 465
26 107 126 161 164 186 194 253 330 346 357 428
27 28 31 59 115 186 237 286 317 371 423 446
23 33 73 79 157 195 275 276 304 333 378 386
8 30 32 35 199 201 226 265 373 422 431 478
126 146 155 157 160 161 221 339 411 415 436 482
5 115 123 158 179 250 260 334 362 371 384 389
15 57 63 67 155 224 250 252 297 342 457 484
29 120 122 153 166 203 300 348 381 396 464 489
22 117 143 157 165 175 182 195 226 233 376 450
60 120 134 199 234 236 237 322 345 428 451 490
43 182 195 207 236 308 327 360 383 388 389 439
15 217 225 257 317 332 374 396 431 439 462 495
91 96 104 127 296 299 310 326 340 434 493 494
25 119 133 151 198 211 294 307 322 366 395 409
21 40 46 79 98 114 123 143 246 397 477 479
6 18 20 60 83 116 186 204 228 301 370 427
36 47 65 82 93 125 246 358 380 399 436 482
16 28 233 270 301 341 342 348 405 412 438 452
24 220 225 258 261 262 280 282 332 356 420 437
38 54 157 160 185 211 230 246 367 402 450 480
11 31 133 144 229 256 285 360 414 441 486 494
40 89 91 155 180 190 196 221 269 331 377 400
75 159 169 181 265 300 328 336 414 479 493 497
60 120 134 209 224 235 273 293 315 366 367 413
71 94 124 176 185 205 264 266 290 311 378 382
56 59 90 198 208 210 229 238 242 247 268 383
27 48 69 83 184 239 256 344 425 439 451 490
29 76 82 90 130 189 190 209 270 328 424 488
15 35 188 230 240 265 268 313 385 427 429 451
27 36 117 224 239 271 291 300 327 384 474 475
30 31 36 48 51 90 107 156 229 269 396 450
36 71 115 116 145 199 212 232 259 271 439 462
0 32 123 143 145 148 216 307 315 357 403 451
14 31 40 155 182 208 214 245 260 316 382 432
41 107 115 229 234 299 347 363 411 434 450 481
1 42 65 121 202 204 216 227 271 288 296 326
7 43 161 227 242 255 309 329 330 390 446 463
25 39 154 171 214 218 307 329 361 382 396 415
60 79 104 145 172 200 218 249 258 259 330 415
36 47 52 63 94 107 243 326 363 383 402 463
45 67 85 87 104 300 309 345 361 387 407 414
0 84 146 223 244 257 282 333 340 364 461 480
26 28 56 110 154 288 303 318 392 432 462 473
11 104 133 170 193 197 241 303 344 394 416 495
31 143 181 235 243 247 293 309 333 399 405 470
22 61 115 179 202 279 282 294 301 369 405 489
21 57 84 123 146 171 183 197 224 265 319 412
6 23 139 146 195 198 236 256 328 334 347 391
23 71 101 167 220 221 299 318 323 401 428 489
1 73 93 105 140 204 281 323 344 356 387 429
29 82 95 100 106 127 136 236 293 327 363 442
29 47 72 98 126 151 163 186 296 392 408 470
6 50 74 81 106 142 145 221 367 418 453 477
43 97 212 231 240 294 312 316 357 376 447 498
34 116 122 147 169 199 238 276 277 310 384 495
80 83 102 129 172 208 209 258 284 356 366 427
22 23 40 42 53 124 153 249 282 337 338 473
42 56 64 129 171 213 246 328 339 370 440 461
47 108 172 174 246 345 355 386 388 425 458 461
42 70 71 85 104 156 361 371 377 402 426 453
7 17 69 277 279 315 320 365 429 451 462 492
15 60 79 88 113 128 209 237 266 395 423 483
4 15 41 42 102 145 150 374 381 402 404 475
30 36 58 59 73 125 219 249 346 349 420 482
3 61 105 192 198 283 296 311 348 349 394 410
4 25 49 102 154 204 344 368 411 430 440 499
35 59 76 151 176 191 302 343 364 394 410 426
16 62 134 174 184 269 280 324 332 354 365 417 460
33 70 128 141 174 183 207 303 366 396 424 459 491
103 149 173 208 221 228 277 278 419 430 478 487 498
0 11 23 71 80 83 112 140 187 245 294 341 395
61 63 140 210 223 242 266 273 293 306 307 339 340
0 2 71 80 118 169 182 198 210 350 356 376 467
123 126 127 224 317 321 374 380 390 430 450 463 492
21 90 146 190 257 262 323 374 394 400 408 428 484
8 53 98 139 186 255 301 317 324 361 402 405 440
62 94 96 105 149 173 221 224 274 298 360 373 467
9 34 35 50 105 168 179 230 250 287 318 396 499
0 68 178 207 233 247 261 277 293 341 368 438 456
34 61 63 68 107 227 233 269 355 360 434 442 469
1 74 91 120 279 300 326 330 331 399 445 452 498
2 66 72 162 269 273 340 346 389 393 394 395 499
70 83 288 344 351 356 372 380 382 411 418 456 477
40 68 95 106 236 270 293 304 315 385 401 433 483
12 24 28 64 218 233 289 292 315 349 356 369 410
17 28 54 167 190 203 236 254 284 301 328 415 453
12 37 58 86 115 175 183 200 252 286 290 306 488
8 64 82 98 109 189 245 337 349 377 454 466 474
3 24 65 72 90 147 151 195 201 226 346 409 459
21 102 137 139 153 168 174 176 244 309 344 465 486
35 122 153 160 176 210 238 239 287 375 395 411 486
20 60 101 139 162 188 206 298 338 364 395 413 455
44 87 162 171 207 242 289 306 323 331 362 452 467
50 57 62 72 97 104 151 246 328 366 372 421 472
18 29 46 140 148 193 246 316 363 384 398 408 415
25 106 117 127 149 164 166 237 266 306 307 387 393
15 20 131 155 192 193 243 367 368 378 446 458 464
21 46 132 164 184 289 312 323 328 398 423 430 466
7 15 80 91 194 248 255 286 314 327 371 441 482
6 117 142 198 286 295 351 397 404 432 448 461 487
52 75 233 242 255 360 366 367 403 434 439 459 467
30 51 132 191 195 200 208 235 272 287 311 345 346
18 32 80 173 198 305 325 346 357 374 426 428 465
45 87 172 195 203 224 232 279 342 381 418 451 497
40 186 188 196 235 237 264 301 393 398 402 445 487
25 28 59 64 101 111 264 301 352 369 431 481 484
28 82 154 160 168 228 278 312 354 381 390 412 494
35 70 93 171 181 232 240 255 269 378 449 464 476
133 180 186 190 316 367 400 418 435 438 453 458 485
3 42 119 121 128 178 309 315 328 375 408 413 423
41 48 195 203 212 214 296 380 451 466 474 487 498
98 222 271 284 293 300 306 355 379 390 392 476 481
143 185 222 282 319 362 375 382 420 433 456 470 480
8 43 61 65 83 132 179 198 214 250 290 473 497
66 73 120 132 133 140 176 223 248 260 343 345 363
41 56 76 117 123 139 219 291 328 388 394 409 428
36 152 176 212 213 244 263 315 352 369 384 407 451
19 34 79 84 177 242 278 311 313 314 327 426 448
53 135 152 168 177 206 212 350 372 408 413 438 455
13 26 66 104 172 202 327 334 417 425 432 474 480
121 149 157 207 209 236 247 276 317 393 428 453 492
13 41 124 139 191 193 207 220 240 262 324 345 484
50 60 68 217 319 334 343 389 405 413 443 468 487
26 43 112 149 152 170 195 206 367 426 446 480 489
8 18 45 48 74 193 212 231 280 325 364 375 436
2 97 107 197 213 225 244 250 284 353 403 443 467
15 16 40 49 182 220 236 257 265 307 406 462 479
0 8 9 52 70 84 88 159 261 367 439 441 478
24 32 65 75 82 99 103 122 146 270 406 409 488
27 54 160 168 170 192 199 257 266 371 374 405 436
20 96 103 124 155 172 216 254 318 404 410 451 466
54 59 95 104 112 143 151 154 170 172 318 325 405
129 134 149 168 191 231 308 348 370 380 403 416 455
41 48 70 85 90 153 167 217 344 365 372 441 496
117 132 161 173 191 213 233 253 323 337 353 411 467
3 38 49 83 89 308 330 334 381 445 453 455 458
0 2 21 96 98 135 248 430 439 469 474 476 493
4 87 133 135 169 199 218 235 274 287 354 435 498
5 30 77 120 160 244 267 295 321 401 410 438 479
9 41 85 97 164 179 259 310 319 347 391 414 482
31 58 184 212 244 247 260 307 343 390 391 433 456
12 71 176 177 196 245 308 402 405 419 430 437 487
31 72 147 153 167 177 190 219 266 285 320 346 380
3 62 67 115 127 201 214 251 288 295 353 380 449
25 98 136 188 263 269 292 327 341 355 374 415 421
10 96 114 158 161 236 276 328 354 398 444 479 493
30 153 159 182 191 208 230 251 285 308 348 377 410
51 66 100 212 227 235 302 308 324 385 409 464 479
32 74 95 98 276 285 316 317 348 351 422 423 495
80 104 155 161 165 206 225 276 282 333 376 410 412
8 47 107 155 187 193 214 243 254 323 330 370 408
63 106 154 163 202 229 268 269 294 432 455 476 486
115 126 207 231 295 297 310 328 402 414 418 425 472
60 115 121 135 190 295 344 400 402 403 432 477 491
5 24 72 91 149 155 218 311 335 395 400 412 434
20 27 62 76 95 100 115 214 287 385 469 490 493
45 58 67 130 182 204 267 272 292 341 400 417 443
0 60 74 135 163 188 223 260 329 350 386 404 491
23 116 156 180 209 233 267 298 322 323 329 344 490
57 101 168 184 188 205 265 279 375 431 467 473 476
111 122 146 166 175 178 193 208 246 281 339 416 485
111 124 125 142 160 166 180 189 210 267 274 349 454
76 99 124 178 194 208 312 329 425 458 463 486 491
21 69 121 125 173 195 275 282 312 355 362 399 426
72 138 145 161 194 237 238 309 377 436 451 472 478
14 116 134 150 184 230 258 278 297 302 331 412 479
145 159 181 213 228 247 250 357 372 376 404 433 466
10 11 63 107 152 210 250 262 308 333 373 376 478
42 83 117 118 204 250 262 303 317 318 418 421 449
5 12 88 155 215 228 304 350 356 359 406 415 480
19 32 78 169 215 216 264 297 301 324 337 393 450
0 8 27 62 131 263 274 289 309 369 427 486 496
22 33 98 142 146 164 298 309 344 358 360 390 447
6 120 138 161 237 320 321 333 364 421 426 444 495
21 72 216 285 352 372 389 396 408 431 436 463 479
6 26 38 140 171 251 263 290 331 358 414 465 482
12 38 106 161 174 183 212 233 265 362 371 415 446
14 20 26 94 192 220 291 339 349 367 454 460 489
27 126 156 206 229 232 257 271 326 337 353 438 452
4 62 140 213 243 247 275 284 306 390 442 464 473
67 89 99 275 295 304 327 339 349 358 426 495 497
125 143 165 172 183 189 291 293 295 302 304 305 362
16 34 104 177 189 203 269 274 294 322 326 403 483
0 51 66 80 98 135 156 216 230 286 325 378 481
41 67 73 87 149 183 202 245 247 287 312 316 360
6 11 18 43 45 95 105 129 180 237 304 425 465
22 28 70 111 138 148 164 203 312 314 385 477 498
10 17 32 33 56 77 94 103 210 272 296 336 438 479
118 136 147 189 209 241 244 251 262 334 390 417 441 456
24 46 81 128 247 268 293 299 365 371 416 433 454 481
78 86 151 153 162 200 226 238 239 242 275 403 421 466
79 157 173 192 203 213 229 264 349 370 377 418 429 464
67 94 128 196 203 236 243 277 290 321 337 390 396 447
30 83 96 109 124 170 221 266 275 292 411 439 446 482
89 150 239 261 292 293 318 339 404 461 463 474 494 495
52 73 80 100 171 186 227 230 236 355 419 420 466 498
15 63 66 152 273 276 287 309 362 365 401 462 467 498
1 115 132 156 161 185 187 291 319 395 398 451 475 495
28 34 36 62 75 91 160 161 162 176 236 425 438 488
14 66 71 135 168 181 183 235 309 347 350 369 414 493
58 95 116 128 134 139 196 219 228 301 365 387 390 445
30 63 94 97 114 131 132 206 207 220 264 412 424 478
8 9 42 146 164 195 202 205 219 239 258 302 378 414
12 32 33 60 61 84 159 185 206 252 259 270 379 474
10 72 91 93 137 151 163 189 210 276 296 359 496 499
59 109 136 167 189 193 196 229 234 236 274 450 455 466
7 64 135 210 218 222 284 370 388 392 422 438 463 472
2 6 23 29 33 62 73 136 232 308 319 383 497 499
38 46 79 112 147 185 274 295 315 351 389 448 451 472
28 102 116 119 145 207 211 242 248 275 283 303 315 316
27 31 58 119 154 165 175 214 348 387 417 480 493 496
31 45 100 124 143 144 162 220 318 352 364 370 433 446
0 27 125 166 248 249 253 263 297 328 350 352 449 497
54 137 143 150 205 215 243 290 294 335 385 458 473 489
127 129 236 249 316 348 367 386 388 397 441 465 473 479
3 11 20 46 75 112 121 174 295 308 309 359 380 487
8 57 111 245 338 340 372 374 391 400 410 454 486 489
3 58 73 139 182 200 206 224 300 306 345 353 355 477
10 14 82 111 204 252 275 277 298 343 373 401 422 490
1 72 159 276 308 320 324 328 352 364 378 391 435 436
37 67 117 125 199 262 284 293 298 304 368 371 416 423
93 113 116 151 175 181 218 232 238 250 266 288 408 488
116 146 149 156 184 187 216 236 257 264 350 412 456 479
54 116 142 156 195 214 245 262 290 354 388 391 471 481
3 64 77 89 117 151 190 209 214 276 350 357 393 423
67 105 112 162 185 284 295 301 302 320 362 390 437 489
3 28 74 94 115 121 126 143 258 335 380 447 484 488
14 17 89 102 119 227 234 247 248 333 334 370 399 462
33 94 119 128 183 252 256 283 340 366 387 437 477 482
16 106 156 160 261 302 313 340 376 395 436 439 442 473
2 5 13 16 43 50 106 127 170 215 223 245 316 336
5 39 71 144 147 210 213 260 302 316 336 373 381 468
15 29 41 83 104 138 155 187 215 307 328 364 408 412
61 70 79 119 268 298 384 393 401 414 430 443 457 478
46 58 96 117 120 262 306 337 379 393 406 407 414 454
55 77 90 139 146 215 274 290 298 299 301 325 435 455
29 56 124 127 141 154 171 176 221 286 350 392 467 483
102 138 146 245 271 290 345 357 359 385 413 422 438 494
48 102 117 139 143 156 186 212 224 257 260 316 377 487
28 36 40 59 162 250 267 278 311 356 409 464 471 485
60 69 70 146 153 179 190 201 274 356 444 479 497 498
1 83 101 151 156 162 233 262 312 337 344 360 439 495
57 69 71 80 112 137 176 245 254 327 352 373 377 493
40 102 157 182 208 226 253 259 342 359 400 424 441 454
8 50 53 67 76 89 161 169 263 283 329 362 402 491
5 20 47 84 103 173 244 253 292 313 324 342 437 490
23 32 77 131 181 192 226 300 332 346 362 380 413 492
25 39 92 98 149 180 238 246 272 277 307 373 390 476
8 31 75 118 120 156 213 243 247 250 259 281 330 344
3 25 45 105 129 154 202 206 214 252 373 377 392 431
13 22 91 103 138 164 176 184 199 222 311 326 417 446
17 58 87 146 193 297 303 343 346 373 401 454 458 480
2 60 100 109 133 198 227 237 252 378 391 397 468 489
30 50 103 108 123 129 149 282 287 299 329 366 414 491
37 55 71 156 186 201 232 243 252 325 345 405 423 472
15 16 44 57 71 138 162 264 294 316 376 401 414 419
9 17 41 46 60 102 191 235 274 322 361 373 397 474
4 14 160 189 234 265 270 286 316 409 429 437 450 463
62 75 92 171 178 229 259 329 337 383 400 406 411 440
50 60 69 112 119 142 156 183 193 291 371 438 485 496
21 82 112 168 171 172 223 253 261 272 296 323 399 418
0 41 45 105 129 130 178 262 272 300 354 357 441 456
37 50 60 162 164 185 193 196 242 264 352 361 368 497
57 65 93 128 140 181 206 291 298 315 370 376 468 485
52 114 120 135 157 166 172 185 209 238 284 332 398 467
32 51 71 140 152 228 253 265 266 387 400 420 453 454
74 101 162 180 181 208 253 277 344 400 408 433 454 494
65 79 115 137 141 143 166 213 250 297 307 404 408 453
16 17 37 103 109 257 292 325 357 361 370 423 427 430
3 27 28 51 111 138 140 159 263 274 320 336 427 458
69 93 118 143 151 163 181 192 220 371 434 461 465 484
32 63 66 80 89 110 112 179 194 244 439 445 492 494
9 65 112 150 157 193 214 239 259 328 352 421 473 485
33 75 116 124 125 149 245 259 266 270 311 361 420 494
32 53 92 97 113 193 230 243 355 382 407 424 466 477
20 83 102 120 121 174 178 191 201 220 245 295 342 351
5 68 69 81 182 205 247 253 367 421 430 450 466 496
15 43 123 127 173 182 196 202 219 243 266 341 375 495
7 28 108 133 149 229 231 356 359 390 400 447 460 484
10 72 73 94 121 178 235 284 300 308 359 422 452 453
12 25 54 67 77 91 162 208 213 233 300 339 489 492
7 19 191 207 217 254 266 271 272 306 358 389 415 422
96 109 111 154 205 224 268 269 304 310 376 384 419 453
5 11 26 34 39 83 88 171 209 223 274 336 337 396
25 60 66 74 124 142 202 243 311 353 357 373 393 423
1 34 38 107 126 141 178 180 214 283 287 288 356 455
21 111 136 151 206 222 252 332 343 406 407 432 462 483
11 26 44 72 115 164 238 258 305 351 382 387 412 440 471
82 113 118 208 238 272 288 322 333 347 381 401 434 461 476
20 26 40 166 185 250 254 255 289 307 338 350 361 447 479
23 37 82 89 97 146 244 259 274 308 316 400 430 437 474
17 27 80 87 91 109 136 166 254 276 307 320 383 408 483
2 26 32 87 113 160 184 205 257 301 302 331 338 439 448
17 32 33 36 60 69 150 262 278 316 329 359 384 412 477
15 83 96 111 174 187 207 285 310 356 393 397 398 407 493
25 104 115 124 146 164 175 254 435 440 447 456 458 477 490
28 56 75 97 107 188 190 231 295 296 343 391 400 479 495
39 42 126 187 188 255 261 343 345 370 378 431 456 472 495
42 107 146 256 261 279 321 331 335 374 412 414 422 436 472
93 148 209 216 229 249 289 292 315 400 407 417 428 456 487
1 24 134 138 163 197 257 261 337 338 353 395 402 428 477
16 23 31 52 156 173 236 246 356 366 371 377 403 443 492
42 49 94 224 226 263 275 311 347 354 399 413 416 427 491
60 72 94 97 142 154 300 315 351 363 377 415 421 469 495
12 17 35 75 116 163 183 365 388 432 440 448 481 486 487
2 18 190 213 248 252 263 271 300 327 359 377 394 424 448
40 61 215 221 226 244 295 296 299 333 375 398 447 448 480
21 40 42 96 113 200 202 205 235 238 260 308 404 427 487
20 31 45 140 153 189 193 194 213 267 275 293 436 442 460
23 63 64 86 103 206 213 258 286 303 325 377 447 452 475
45 73 141 173 184 236 277 291 376 377 397 421 422 423 427
5 18 60 79 133 134 136 182 234 329 364 369 435 436 452
6 54 101 248 259 274 308 356 383 396 455 458 464 468 477
29 64 89 110 127 148 158 255 256 268 381 391 397 404 418
6 37 83 104 135 213 296 321 374 382 400 401 406 430 433
33 49 85 102 113 146 157 159 262 266 326 385 416 441 477
15 110 111 163 181 215 295 314 388 401 445 447 451 466 488
49 76 134 207 249 250 254 270 273 290 295 313 379 461 486
110 186 238 274 284 308 322 339 364 368 386 395 428 447 475
4 27 36 42 88 115 153 163 172 174 231 281 292 309 448
25 72 89 113 168 191 192 194 198 233 246 308 396 405 446
91 106 132 194 196 266 276 307 328 348 393 408 413 416 489
40 73 78 96 99 120 141 170 181 224 236 243 321 391 424
31 47 67 73 128 137 165 207 228 252 289 315 325 373 396
88 138 165 171 250 285 316 352 388 392 400 405 409 433 461
10 38 92 98 100 133 141 194 236 306 364 378 442 473 489
36 45 85 92 101 110 183 187 206 249 251 274 363 386 495
36 42 82 105 111 133 145 179 190 258 272 283 366 399 475
43 61 70 222 226 310 337 349 374 378 383 414 445 471 486
85 109 141 250 260 282 311 324 356 388 393 417 459 460 486
18 21 53 62 73 110 116 136 254 292 334 362 381 414 471
19 22 116 122 129 135 224 250 262 302 324 395 415 424 495
26 63 65 151 157 263 328 385 389 395 407 437 467 472 492
50 81 117 175 215 220 275 278 299 304 326 373 417 458 459
25 51 69 115 182 211 242 318 328 364 408 415 443 452 486
10 21 50 144 170 229 237 246 285 356 387 388 400 415 479
19 60 184 226 236 250 292 339 355 364 416 461 474 496 498
4 43 51 54 192 249 256 260 261 281 286 392 411 415 430
49 95 125 152 158 190 192 240 276 333 356 360 383 462 481
37 74 83 84 118 131 186 219 252 285 294 374 376 414 438
50 88 93 142 186 214 259 283 323 331 342 360 428 439 471
28 43 53 65 127 167 183 185 242 246 249 260 285 426 485
70 79 100 121 129 170 178 253 298 300 408 438 449 470 489
29 47 73 102 130 169 226 264 291 352 354 406 427 459 498
3 5 49 67 109 115 118 123 131 151 212 231 428 429 442
45 110 127 205 233 261 275 336 359 361 384 404 417 425 451
39 143 144 157 194 233 248 272 276 300 344 384 445 471 482
1 56 85 105 156 192 240 317 321 325 327 379 388 429 463
27 51 106 109 191 221 223 256 258 261 278 310 385 426 456
42 89 113 193 219 220 221 231 233 251 277 315 347 405 411
3 14 57 144 173 184 186 213 237 246 330 349 380 383 421
28 37 46 52 60 74 176 288 331 345 350 380 478 487 490
48 57 70 84 89 100 189 206 282 299 309 341 364 414 425
25 30 42 58 96 98 233 293 302 338 373 388 394 439 451
14 40 78 138 143 173 220 231 250 342 349 381 398 417 442
14 50 54 74 92 179 227 266 296 309 402 463 466 470 477
2 81 136 142 180 249 275 287 306 315 327 338 423 452 493
34 37 48 53 61 125 166 195 230 269 348 387 450 481 490
51 68 93 100 120 139 214 234 299 308 412 439 454 465 485
17 53 134 142 212 270 298 304 363 383 386 387 412 425 480
5 16 100 129 166 232 245 258 363 378 388 408 432 445 482
56 63 84 110 121 140 277 299 304 327 418 430 465 466 479
19 34 188 220 237 251 338 348 375 394 407 425 428 459 491
9 54 56 100 126 201 210 221 247 296 373 394 420 468 485
48 55 56 79 97 150 182 211 215 218 222 274 306 307 372
28 43 78 105 115 151 250 258 292 298 418 473 481 493 494
1 71 136 185 204 208 231 240 241 271 281 308 328 388 475
4 129 139 150 157 228 247 282 342 349 355 419 422 443 471
1 21 25 86 104 116 123 141 177 196 203 266 278 414 453
12 33 60 109 110 244 245 291 331 363 384 430 451 472 484
3 51 57 106 162 186 222 242 253 278 403 436 457 474 496
61 80 81 90 111 128 131 189 191 220 232 260 263 365 490
0 11 176 178 227 228 229 281 285 307 319 376 471 477 492
21 107 117 120 136 172 199 212 235 241 271 282 354 380 457
30 115 145 181 207 216 220 233 263 373 421 422 450 462 472
19 41 84 170 186 273 287 294 359 422 424 437 452 463 487
18 29 85 102 108 126 157 199 258 282 323 420 427 487 490
32 50 58 65 149 157 183 192 239 240 360 371 377 459 470
23 52 122 141 178 197 207 274 287 306 317 398 402 430 435
8 13 30 76 116 260 298 327 341 345 389 394 406 458 491
51 76 93 146 149 224 225 254 255 274 393 397 462 479 489
3 9 14 46 53 55 73 76 114 126 219 251 308 394 494
2 22 70 115 139 157 322 360 365 370 420 421 425 440 450
49 74 91 137 139 161 243 278 361 388 400 403 415 429 468
26 57 120 153 159 175 202 275 284 306 324 334 389 394 402
13 69 131 132 204 207 264 284 318 336 379 404 414 432 467
26 38 75 163 179 201 230 232 255 263 446 452 473 475 486
5 44 64 69 90 108 158 224 265 322 337 348 368 387 479 490
104 105 182 198 223 232 240 246 285 304 313 351 384 397 455 457
119 131 177 196 275 277 300 336 348 353 363 364 376 424 448 466
9 21 49 52 58 81 115 135 169 196 238 293 381 392 400 428
19 35 45 86 119 148 172 210 332 366 367 385 401 428 484 496
28 51 75 98 155 167 254 291 296 369 383 415 425 436 443 469
4 57 115 156 177 212 220 237 243 284 291 341 397 428 457 467
25 31 53 67 92 101 114 299 301 304 309 336 339 441 462 490
1 47 71 149 185 194 195 233 270 328 334 394 410 432 443 453
4 14 72 102 186 212 242 262 298 314 316 334 341 346 396 428
29 57 58 135 199 228 245 294 315 323 340 355 398 413 476 494
6 64 89 91 135 139 142 261 298 313 328 337 358 395 417 439
56 60 90 119 145 226 253 255 270 273 324 351 371 406 412 413
26 34 108 115 156 184 252 271 325 329 370 372 388 451 460 476
18 78 120 130 132 185 187 200 216 218 259 296 342 431 442 464
3 29 58 81 189 200 203 204 254 286 307 339 346 386 434 484
50 65 82 86 115 152 167 199 254 260 294 309 321 370 406 488
5 34 56 84 164 185 262 353 354 373 379 390 416 449 452 472
51 60 71 79 100 134 154 159 222 229 246 247 311 340 369 382
8 76 82 126 128 131 183 189 199 200 218 254 442 450 493 496
23 57 105 119 159 213 238 252 257 264 272 335 422 427 480 490
33 49 77 86 120 167 183 218 320 331 356 364 389 403 440 451
37 96 136 168 212 250 267 275 283 284 302 342 371 420 481 485
1 14 25 85 110 139 163 173 201 257 330 363 387 417 427 447
1 22 29 76 135 187 229 238 242 248 280 286 296 361 404 435
3 4 83 139 210 226 247 271 278 285 327 333 351 356 447 496
34 64 68 81 107 197 204 234 262 273 310 336 357 377 407 479
39 86 152 160 169 204 214 216 290 293 294 377 452 454 464 495
39 73 128 155 178 195 212 250 307 330 335 339 385 386 408 466
53 56 132 161 181 212 218 225 230 233 296 316 339 380 408 417
47 56 73 135 153 163 172 190 212 232 269 350 428 435 436 461
11 47 108 286 330 332 335 343 362 370 379 446 458 465 475 487
2 12 41 51 68 114 122 135 160 175 204 299 366 449 451 469
67 136 169 180 185 221 255 257 262 289 315 318 391 426 479 484
8 14 19 23 74 97 150 157 164 170 285 291 314 319 355 443
103 117 164 216 236 267 268 278 298 314 344 378 410 417 453 483
29 40 63 75 98 113 300 308 342 351 372 375 394 403 415 454
16 47 52 80 86 135 186 243 247 273 289 325 327 340 429 460
13 77 93 105 179 205 240 242 266 343 354 402 412 423 453 472
14 30 51 57 133 149 312 374 416 431 442 449 462 473 481 488
52 157 170 183 242 296 300 311 353 356 357 377 385 418 450 456
26 28 63 85 146 161 199 243 382 391 406 416 420 431 469 485
20 62 63 102 112 198 200 250 335 345 365 373 446 447 486 493
101 151 210 256 281 286 312 322 338 372 377 408 435 441 449 476
33 76 103 108 111 141 145 184 188 228 256 305 407 464 468 496
17 40 103 116 129 145 209 210 235 250 271 334 357 371 397 451
8 42 94 132 171 177 191 212 257 280 300 317 335 385 483 495
43 48 80 105 138 151 181 268 277 285 385 405 420 427 462 474
20 24 53 84 151 168 203 222 266 278 290 327 370 406 430 444
18 28 52 112 115 142 151 228 230 282 349 384 443 461 467 494
21 55 97 98 106 115 118 146 172 189 193 240 313 367 477 488
2 36 75 93 115 122 125 162 198 229 234 348 361 375 384 476
1 10 16 120 126 155 164 192 205 233 261 279 299 338 343 460
10 28 46 50 70 81 86 110 125 207 245 260 261 358 404 438
6 30 53 102 133 173 194 267 286 293 301 316 408 415 425 497
6 13 29 71 84 98 114 242 301 320 335 348 357 380 419 454
20 53 64 65 103 239 259 316 319 342 353 382 386 442 468 475
4 80 97 141 161 163 191 238 273 278 282 330 359 414 440 452
77 88 89 103 120 130 151 215 279 305 338 458 463 476 486 494
14 60 104 116 140 171 190 214 273 287 331 355 388 400 402 418
106 118 121 137 140 169 188 259 277 300 334 379 389 425 448 485
68 99 101 103 162 193 194 246 264 299 322 330 366 458 480 496
24 39 57 74 103 116 157 180 181 183 256 339 340 364 389 398
27 58 110 160 195 261 279 284 294 337 353 357 410 415 450 472
31 89 94 97 111 161 214 253 260 266 273 293 306 363 411 484
51 106 114 119 164 175 195 219 305 350 387 392 411 444 481 495
6 20 51 94 106 142 245 247 254 280 318 335 378 394 407 439
4 44 73 77 122 130 232 233 246 275 292 322 358 364 365 413
9 22 31 47 48 62 75 82 114 191 207 383 404 436 451 480
26 32 55 81 117 149 195 230 234 262 292 295 314 396 404 476
4 31 98 111 124 127 138 197 220 247 306 319 359 393 413 469
95 122 141 200 210 212 271 280 312 346 378 433 465 479 490 494
43 70 96 132 140 180 204 257 313 332 357 362 388 424 483 487
32 43 62 119 120 154 179 204 267 275 286 367 434 436 448 466
72 83 92 108 130 148 198 218 233 236 250 306 345 349 370 496
22 72 189 192 244 271 316 317 327 363 380 445 459 465 487 489
53 68 99 144 160 179 200 209 216 263 384 391 435 464 469 492
8 58 122 142 170 173 181 227 240 245 254 262 267 361 367 386
49 66 69 78 91 112 122 201 231 250 268 279 293 303 348 389
4 14 104 117 147 183 213 216 228 265 343 369 400 425 446 471
53 191 202 225 269 308 320 333 337 342 360 419 420 438 439 480
3 9 14 73 102 114 163 170 255 257 258 280 338 349 363 427
34 70 111 117 127 131 148 164 168 209 268 318 336 379 471 474
25 37 92 104 105 117 146 154 217 234 266 304 324 343 415 435
60 66 114 120 124 133 151 236 300 312 335 370 378 382 388 495
77 98 117 136 146 158 203 218 266 296 373 395 396 432 446 450
27 42 52 154 163 166 249 285 297 299 307 324 332 345 356 410
12 60 61 115 124 167 234 244 253 289 341 420 446 455 470 471
4 13 106 180 246 249 293 299 320 326 327 336 338 475 480 498
8 118 150 171 180 236 243 268 291 346 376 394 408 478 491 492
1 33 71 99 269 273 300 307 354 398 405 412 419 442 484 485
27 83 104 105 117 122 123 168 191 221 234 308 318 417 432 453
6 30 120 132 161 202 228 231 241 249 304 313 362 380 443 479
49 50 62 76 103 125 223 254 259 268 337 353 358 382 427 439
0 30 41 43 123 153 191 195 240 242 288 362 383 394 404 442
1 56 93 183 272 302 306 330 345 364 379 391 442 452 466 498
8 20 137 213 232 234 322 355 365 391 398 431 432 441 475 476
106 121 146 171 270 309 353 366 369 380 382 424 428 474 494 498
15 18 27 118 129 179 183 234 239 264 306 339 343 382 432 442
9 80 109 110 115 143 153 166 190 241 350 390 423 435 466 467
0 1 6 16 43 58 87 88 213 231 294 319 336 422 428 461 482
10 41 46 67 75 91 93 164 178 192 207 209 218 221 255 418 469
12 35 61 73 83 143 174 263 270 289 295 320 324 325 365 376 452
39 86 91 125 132 148 151 219 227 237 271 284 299 339 349 378 448
5 80 84 86 122 123 130 155 219 232 233 249 272 355 410 420 482
42 44 46 59 80 122 180 186 248 267 283 344 347 375 405 414 472
9 22 155 217 247 269 275 276 294 311 336 346 349 403 416 447 478
45 66 93 102 111 153 160 170 216 306 339 392 403 411 422 442 464
7 55 58 60 66 94 157 206 239 250 258 295 296 382 387 446 493
67 79 102 108 147 154 208 265 292 294 345 352 422 423 433 453 475
2 28 34 59 105 148 200 205 257 261 281 301 302 311 342 383 472
29 30 47 81 100 118 170 276 320 341 363 371 384 387 397 445 464
8 27 67 101 120 122 168 172 203 206 316 331 362 375 394 423 447
37 81 99 105 111 151 229 236 280 337 355 372 418 420 430 431 454
15 38 58 139 141 153 235 259 274 318 331 406 421 438 448 455 470
11 14 65 98 159 176 234 277 286 289 292 367 451 459 469 472 480
25 59 80 125 171 191 193 240 249 253 281 293 330 355 374 375 466
3 13 21 47 75 112 130 140 186 224 250 253 286 353 392 416 463
15 21 97 104 134 140 143 189 193 280 310 312 338 369 432 447 465
2 50 65 75 116 129 163 192 202 247 249 250 385 420 425 453 472
44 51 92 135 147 195 199 250 260 306 318 344 352 396 472 495 499
40 54 58 97 103 121 122 155 171 206 256 264 270 318 341 379 395
14 19 41 98 110 126 131 163 167 203 214 305 321 328 403 473 488
39 47 59 87 90 93 123 141 160 165 261 263 287 308 409 426 445
15 39 59 65 108 117 158 244 276 310 324 336 382 440 477 481 493
42 72 159 175 176 187 191 210 233 260 264 269 290 299 323 486 499
38 51 118 180 214 218 247 295 335 342 364 374 387 407 445 470 478
6 105 136 145 146 154 228 275 301 316 366 387 408 415 445 448 491
4 24 59 100 120 137 176 247 272 283 285 305 328 370 439 452 481
33 45 83 113 136 139 207 216 219 260 309 348 365 411 436 456 462
84 137 156 164 179 196 256 266 280 281 298 328 388 396 416 446 474
7 42 61 68 103 143 177 192 195 281 302 312 319 380 395 414 491
52 82 93 105 113 118 132 146 202 219 307 350 356 358 389 422 430
22 39 61 81 88 103 147 164 171 209 242 245 263 327 410 436 450
6 35 56 69 75 231 237 294 309 318 346 366 397 409 410 417 483
35 43 62 94 124 133 145 160 287 358 370 372 376 382 412 420 476
25 46 48 115 138 146 154 173 174 270 301 306 345 393 419 459 487
8 15 20 89 124 171 172 209 255 270 274 299 320 344 469 470 497
61 122 141 196 219 240 255 281 282 307 373 390 421 427 429 462 498
5 10 85 101 135 138 182 192 255 256 324 329 334 338 347 393 498
12 14 32 43 83 100 228 285 317 334 375 388 432 452 458 475 485
19 96 113 179 190 233 264 279 347 364 393 405 409 417 418 454 466
10 27 41 45 75 137 171 184 245 253 262 325 335 343 384 483 486
25 71 82 127 145 177 181 203 214 263 321 347 375 379 431 473 474
23 47 49 170 179 189 223 237 253 358 367 373 396 404 405 419 457
33 39 95 104 122 136 142 199 263 280 300 317 350 352 358 425 430
50 123 125 148 154 184 185 217 230 240 275 278 294 300 413 415 492
35 61 69 104 112 114 116 132 212 231 246 270 297 306 316 374 464
8 92 103 143 178 193 228 232 254 297 324 346 347 395 455 469 495
10 38 60 94 99 101 207 212 231 241 257 274 281 341 344 484 485
11 41 67 115 147 151 164 176 182 220 262 301 344 355 401 409 419
62 68 160 222 233 271 275 279 344 373 388 397 425 437 446 478 495
24 26 36 90 178 190 221 245 285 304 346 402 414 431 440 471 489
50 68 177 216 232 236 243 247 253 272 281 307 444 447 469 479 493
156 176 203 232 264 316 321 326 346 348 376 434 462 463 476 477 490
18 24 35 40 63 108 123 166 167 175 176 241 318 324 355 394 487
12 22 27 71 99 112 149 158 173 194 264 276 312 349 396 400 436
9 38 63 69 101 122 135 139 189 206 237 242 260 338 395 461 494
29 51 75 79 111 125 128 165 208 213 228 277 320 390 433 458 473
16 25 35 48 50 70 94 99 132 136 142 225 237 354 444 473 475
6 34 37 51 355 358 372 402 412 429 445 451 453 475 476 486 492
8 35 88 99 101 119 130 171 208 233 279 300 317 351 355 358 428
8 88 145 149 213 224 246 270 285 294 306 309 373 388 441 463 490
0 25 36 41 54 55 79 103 123 136 164 228 327 385 395 431 458
6 8 15 51 76 80 99 103 118 171 204 213 314 361 379 395 433
26 60 133 171 179 251 253 263 318 379 384 424 455 462 464 484 493
41 47 48 56 151 185 188 238 397 415 432 433 448 452 464 486 491
38 62 63 64 86 104 127 176 192 202 244 260 338 351 359 363 425
0 13 71 85 103 137 156 165 245 258 265 306 328 355 374 393 452
16 19 52 64 131 188 216 302 346 436 453 460 463 487 494 495 499
19 50 56 64 69 73 124 181 211 260 301 330 409 453 466 488 496
4 27 63 76 129 163 172 175 190 213 214 238 247 269 335 399 498
19 55 59 126 205 223 235 240 272 300 345 358 371 381 428 454 489
4 32 143 221 241 252 257 294 300 313 314 332 335 343 350 386 463
37 67 68 159 186 228 230 253 266 302 308 345 365 374 413 435 456
5 72 133 173 242 245 249 268 278 307 334 375 407 412 420 467 488
22 104 115 154 156 188 209 215 242 243 248 299 334 338 406 419 420
2 6 7 18 82 85 91 105 153 182 271 285 298 325 327 462 482
0 56 69 70 71 78 118 127 170 193 203 208 279 301 352 469 487
11 25 67 107 114 133 144 146 241 279 303 333 345 350 440 451 486
7 13 43 117 127 153 181 214 235 262 320 389 410 414 445 473 477
8 24 28 80 96 99 172 199 209 232 269 322 381 451 462 478 497
57 68 96 105 112 176 192 202 226 244 255 270 277 321 348 429 434
70 99 118 124 133 177 182 187 198 217 232 323 412 419 450 453 498
13 16 23 32 97 112 143 214 258 266 271 290 325 391 402 411 475
35 77 89 207 277 284 285 287 305 316 319 371 381 432 442 444 457
13 17 26 56 60 119 135 138 165 181 204 221 300 337 357 361 432
33 134 135 156 159 228 240 242 257 264 316 342 372 389 405 455 495
7 27 47 56 84 104 157 257 258 266 326 360 373 374 414 483 486
20 63 105 131 136 184 207 219 304 350 356 369 380 390 409 455 456
1 3 31 52 74 97 121 122 138 192 210 243 316 333 386 432 435
22 46 63 65 67 138 154 183 217 223 247 275 304 338 385 416 482
21 35 40 59 80 90 112 114 120 163 167 333 344 345 367 442 489
4 49 61 66 72 73 125 219 236 284 291 309 338 413 424 430 469
29 61 73 109 126 179 357 395 418 440 449 456 459 470 481 485 488
13 31 62 151 174 196 216 218 237 283 297 388 396 405 416 421 477
2 44 87 126 129 133 171 234 257 273 295 297 333 338 396 424 448
11 105 129 152 160 178 225 229 246 270 310 330 347 423 453 466 489
2 9 20 61 121 149 151 169 241 266 309 351 401 404 431 486 490
1 28 86 207 214 234 294 320 356 389 391 392 397 420 425 440 484
42 55 60 62 75 93 102 136 140 198 220 239 254 255 289 406 449 484
65 67 92 117 135 159 203 234 245 268 287 330 332 375 394 407 410 431
30 56 81 92 108 112 132 152 177 232 240 256 266 282 290 372 396 417
1 55 93 100 148 156 166 179 212 224 262 271 293 317 395 418 428 482
11 47 69 104 114 115 142 144 208 235 244 286 315 331 338 353 471 486
7 51 66 72 73 74 80 82 149 198 200 205 225 259 301 355 360 403
7 62 83 108 118 130 152 159 172 240 247 368 397 420 436 446 484 491
18 123 157 176 211 212 218 265 301 318 325 332 335 357 378 403 440 456
5 19 51 74 79 84 91 130 192 199 205 222 284 386 423 464 470 480
31 93 98 101 130 181 182 228 258 301 323 328 346 375 437 456 471 480
16 84 86 219 221 233 276 330 334 348 371 390 431 443 470 487 488 492
8 15 30 112 115 174 230 242 259 260 267 278 351 439 449 460 467 492
38 59 82 88 159 268 288 301 302 361 377 391 399 403 413 447 465 482
55 134 160 161 170 173 199 203 205 270 284 292 297 327 331 365 435 488
17 27 56 72 95 111 123 127 157 188 210 305 319 340 368 428 445 479
36 95 101 119 175 199 248 279 289 309 352 397 417 444 447 449 464 467
7 10 53 125 142 189 211 239 247 263 333 337 352 392 405 423 459 463
17 25 27 52 67 72 78 90 111 140 167 172 213 238 264 289 371 487
18 170 192 207 209 253 279 324 338 347 366 372 383 440 442 444 458 490
43 73 77 80 157 289 296 337 340 343 351 356 368 369 379 454 460 465
17 48 67 93 122 152 203 227 239 261 269 272 313 319 352 371 392 410
72 74 89 105 137 166 199 338 351 395 405 407 409 410 449 470 479 499
9 24 78 105 122 135 182 188 254 288 307 319 342 394 429 449 452 472
22 47 138 140 159 164 187 209 248 249 250 322 389 402 423 434 463 499
40 51 94 117 141 166 175 187 221 237 256 329 354 370 446 453 481 482
18 29 30 65 68 171 182 188 194 233 237 253 266 273 278 317 349 377
7 11 31 48 71 90 117 126 127 184 197 321 343 393 408 439 446 450
49 57 63 90 100 113 144 165 192 207 273 301 334 380 387 438 463 490
32 50 65 78 82 147 151 248 251 292 372 382 395 405 438 446 465 496
7 10 16 23 50 84 204 309 322 331 332 345 353 378 426 455 483 486
8 61 72 81 107 144 178 249 270 299 305 306 431 454 470 474 480 490
12 32 37 73 86 104 105 116 160 162 205 327 334 375 434 465 471 486
60 95 110 168 182 213 276 293 296 327 333 367 370 374 434 440 461 498
21 70 106 155 161 171 196 197 200 226 243 254 332 367 368 426 453 465
60 85 98 106 124 203 204 216 345 347 359 371 377 404 416 469 495 499
15 52 136 204 234 235 245 247 268 309 322 367 402 414 429 431 443 458
33 88 113 114 118 134 149 167 183 198 224 313 323 327 337 342 369 409
18 51 54 88 133 157 160 184 263 267 298 315 328 360 374 421 429 492
4 13 56 99 106 149 157 162 240 287 302 306 332 406 411 424 436 438
52 61 63 115 214 226 227 243 272 321 343 348 394 443 460 466 481 492
13 17 86 102 164 168 206 229 287 319 320 341 352 368 396 414 467 497
21 26 102 114 125 172 187 248 300 302 323 338 340 359 363 385 399 425
14 32 33 49 77 101 151 217 252 263 281 310 326 343 383 428 470 493
30 38 67 96 120 122 123 142 175 185 267 307 308 377 413 431 441 478
72 125 148 178 179 202 222 257 259 270 338 384 415 423 441 445 458 480
52 53 58 71 75 86 107 153 188 233 239 352 366 388 409 425 455 481
27 112 116 147 148 166 175 177 218 273 276 287 297 298 387 409 425 478
1 55 78 95 166 185 217 227 281 306 310 331 351 361 386 445 480 495
6 11 44 104 115 163 176 177 221 234 248 260 287 296 323 330 390 398
17 67 83 95 112 114 122 131 207 213 235 269 271 286 292 309 385 423
37 56 164 208 260 274 298 314 315 326 364 405 411 418 429 438 469 494
123 147 174 176 213 254 273 314 329 330 333 363 366 403 457 459 471 487
35 70 124 234 255 295 318 321 322 353 387 431 452 464 485 488 489 499
37 42 67 99 103 158 164 167 202 213 227 255 267 280 425 433 456 477
10 13 14 66 67 120 129 140 150 192 324 346 352 417 448 469 473 475
1 45 61 136 159 183 184 213 221 224 253 330 345 405 435 439 480 495
51 67 101 133 137 139 168 201 242 251 255 265 283 323 327 461 466 477
38 41 51 65 142 160 187 203 218 250 266 273 296 299 362 386 402 435
19 51 52 60 78 120 144 152 166 184 247 280 282 321 331 341 357 483
31 36 54 68 75 94 110 114 120 149 196 245 292 324 327 343 351 378
40 71 109 114 139 142 168 184 201 233 276 295 315 384 441 450 453 461
4 10 33 46 72 96 133 172 187 207 217 219 272 283 315 333 438 445
20 57 95 97 102 130 188 200 244 265 292 293 304 352 378 438 450 489
14 27 38 105 125 170 215 220 232 245 260 268 289 387 457 476 477 494
43 67 83 99 109 119 183 214 251 258 266 281 298 313 314 346 349 439
33 89 102 130 152 200 203 207 218 221 254 270 288 291 298 383 452 482
6 16 54 65 247 248 289 293 300 309 377 402 420 442 443 462 469 490
11 103 105 113 121 175 180 230 290 297 308 313 337 353 361 405 438 450
4 9 36 89 98 102 161 166 237 243 334 339 347 383 422 447 470 484
14 15 65 83 91 137 185 257 305 317 323 373 375 381 405 417 435 454
4 39 76 77 82 89 113 126 154 189 202 274 285 303 349 404 445 481
28 58 60 81 94 110 129 135 151 238 243 297 311 328 342 372 382 469
10 47 86 98 137 161 217 286 299 304 329 347 361 372 389 390 395 498
2 14 44 57 65 72 120 122 165 170 250 296 346 350 378 382 396 476
107 139 180 216 250 258 266 291 305 310 349 360 410 411 446 448 458 483
21 29 40 50 76 83 104 137 184 241 316 335 415 417 466 471 475 492
12 15 24 77 87 114 130 148 175 190 191 207 282 286 394 429 454 460
68 119 139 144 159 170 177 179 183 186 227 237 293 311 335 338 378 389
13 14 34 44 51 102 157 184 219 232 236 307 319 376 437 462 488 490
8 142 152 159 168 176 221 303 317 344 345 363 371 435 445 449 472 483
1 13 24 33 56 111 125 167 210 222 225 271 289 313 350 370 396 398 460
33 34 53 83 142 167 180 257 260 293 338 351 368 378 387 397 404 434 487
3 9 28 111 115 149 182 188 231 247 256 276 304 308 323 381 403 445 451
2 17 48 57 88 96 159 198 258 301 330 348 384 386 409 429 446 463 489
86 122 125 154 172 180 229 245 248 267 274 279 283 380 424 444 453 465 487
23 30 36 58 73 116 153 176 209 232 238 257 265 302 317 327 355 433 487
4 13 92 138 144 160 178 210 249 251 263 286 312 330 357 372 380 412 486
105 126 127 135 156 173 295 297 327 355 358 373 377 392 412 425 428 458 478
29 86 101 112 183 201 242 252 285 289 325 336 363 425 476 483 484 485 495
26 44 116 120 136 200 206 207 263 272 312 329 358 372 380 389 396 463 482
23 95 118 137 164 172 174 190 196 200 252 290 318 330 360 382 389 411 498
7 9 22 29 50 56 160 164 216 218 284 298 377 382 399 434 482 493 497
12 41 62 112 114 129 155 163 190 208 253 280 325 340 346 414 432 449 458
48 53 90 132 137 156 160 219 294 302 320 353 401 414 423 468 472 475 496
45 64 69 70 110 129 174 182 196 203 249 304 312 333 349 368 427 445 470
6 52 65 93 98 137 190 191 208 224 267 268 283 344 345 373 392 433 492
25 97 113 158 206 220 227 247 255 290 302 308 312 340 342 380 391 448 486
50 68 86 95 96 147 190 224 251 300 305 313 315 347 415 422 433 437 442
32 49 81 90 110 119 124 160 175 197 228 255 258 370 371 420 454 458 495
20 49 241 242 264 291 296 301 313 325 331 337 356 390 403 454 458 477 496
7 31 119 129 174 176 180 223 228 249 303 321 324 355 381 435 483 488 494
14 66 143 147 183 186 204 227 255 267 325 374 437 443 448 464 471 473 497
52 58 152 153 170 172 179 200 220 259 277 305 316 369 383 393 431 437 459
2 47 75 84 92 95 119 152 242 247 263 329 353 366 401 406 407 428 468
31 43 78 90 150 165 177 178 222 227 230 231 238 247 260 276 366 375 410
12 38 61 96 101 123 154 165 183 202 266 307 329 333 336 362 428 436 486
6 21 48 52 55 89 120 187 209 218 263 276 280 282 303 319 465 477 483
11 18 87 89 151 164 167 237 239 242 243 281 285 353 423 428 430 433 466
20 47 55 64 103 176 223 240 247 262 268 327 369 389 412 438 440 468 469
65 88 100 132 158 170 179 189 198 204 270 272 306 325 391 404 474 476 493
22 34 40 47 84 91 127 185 191 309 310 334 396 402 445 454 476 480 495
5 17 25 46 73 107 140 146 148 203 236 257 294 338 355 401 434 443 444
25 31 67 70 74 139 199 205 237 284 292 297 333 381 407 414 432 452 463
7 146 152 238 243 291 340 347 358 362 373 398 442 444 448 486 490 492 493
0 8 9 12 21 23 40 42 62 151 167 205 250 282 284 304 363 365 424
4 22 34 71 118 120 148 237 264 268 272 300 301 316 318 331 411 432 452
0 5 13 21 53 60 73 81 82 177 219 266 277 329 343 344 459 482 490
10 42 45 66 90 126 132 147 164 224 225 316 318 357 374 420 461 470 493
22 30 46 59 65 80 85 135 259 291 302 316 329 332 363 384 437 446 455
3 28 44 99 121 123 159 213 217 225 246 278 282 294 299 332 333 423 437
41 56 75 118 168 204 207 212 223 227 236 310 344 380 447 459 468 473 497
1 4 8 34 46 64 77 109 168 170 173 235 237 293 338 362 444 475 485
5 8 10 70 105 111 150 163 175 198 205 257 397 416 431 453 459 460 483
16 24 34 47 68 74 94 145 232 257 271 275 277 365 373 405 465 470 492
23 38 67 75 81 101 110 121 130 193 200 257 258 292 330 345 356 361 444
3 33 66 77 113 114 125 138 143 231 246 251 302 347 351 359 381 394 485
25 36 44 68 71 74 103 121 126 169 177 183 217 318 383 434 442 465 485
14 48 50 57 119 173 181 215 222 246 248 268 275 286 365 471 472 482 483
13 31 66 91 123 125 134 221 247 258 317 324 330 332 395 401 446 459 486
6 31 68 69 78 90 97 132 158 177 242 279 305 322 341 414 431 435 445
31 79 87 106 150 160 178 223 245 267 358 371 396 397 431 443 468 477 499
36 88 114 129 132 135 144 159 165 167 176 231 267 292 336 380 396 460 467
19 44 56 59 113 128 143 209 239 254 263 297 299 322 342 361 362 398 458
28 29 72 88 129 139 257 269 270 321 338 341 359 361 390 396 434 490 496
35 57 66 117 130 162 184 195 227 234 256 275 340 369 414 433 469 481 488
8 33 39 46 82 87 125 147 180 181 188 236 249 306 347 349 377 393 475
44 48 59 133 145 181 190 201 224 241 260 272 329 340 366 376 410 436 454
113 115 131 159 206 218 224 265 277 302 329 395 408 418 438 451 457 471 483
4 49 96 108 122 131 162 169 194 213 216 267 337 343 357 378 396 442 452
6 22 91 102 172 175 196 217 276 310 313 322 323 341 348 370 448 479 484
7 24 52 55 58 78 142 199 207 229 231 268 314 349 354 382 419 476 498
30 56 76 84 101 105 128 161 199 201 246 252 262 289 331 372 387 413 461
5 8 10 16 46 115 148 164 260 345 391 393 417 432 448 477 489 491 495
7 14 26 35 61 87 100 166 210 217 305 318 348 382 383 401 429 451 472
16 36 117 134 143 159 194 221 239 287 295 323 328 333 381 383 397 400 445
61 71 76 84 175 176 191 210 214 250 268 309 344 359 432 444 455 463 480
19 43 56 114 140 157 218 268 295 308 316 335 358 364 408 410 429 491 498
37 61 81 106 140 148 154 158 237 257 272 287 290 293 309 312 348 363 424
12 26 42 44 63 71 72 116 145 146 216 222 245 287 321 326 367 405 454
17 40 80 108 141 162 189 205 239 253 257 296 353 358 359 366 455 456 473
3 37 74 92 137 141 191 199 203 208 209 297 303 338 345 355 391 431 479
3 39 40 54 111 121 170 188 224 245 280 283 329 382 424 446 463 478 482
23 69 96 137 143 181 186 198 236 257 306 320 325 326 336 353 366 466 486
6 47 51 52 64 87 146 221 230 238 260 281 326 327 357 388 424 443 474
27 54 75 99 143 153 155 191 209 227 255 286 306 386 407 439 453 472 481
14 47 57 83 115 121 130 180 182 188 228 253 323 325 403 425 438 446 457
72 92 95 112 140 155 177 183 242 243 247 254 303 316 327 330 428 439 475
4 20 22 27 59 64 67 94 102 160 174 228 246 310 329 332 376 432 441
2 27 29 42 70 73 82 109 177 189 213 238 278 293 327 333 397 427 471
9 10 56 165 171 202 213 220 231 274 336 359 363 382 433 434 442 462 463
67 81 135 165 203 263 298 300 321 343 359 363 364 388 395 403 404 433 441 484
60 88 89 121 123 166 183 221 287 311 364 382 388 406 407 408 413 419 421 499
4 16 33 43 80 85 88 132 134 176 218 247 343 356 367 368 376 398 411 469
14 28 38 68 119 188 193 228 285 293 315 341 385 392 437 450 456 469 490 493
21 28 32 87 127 130 167 191 236 266 286 298 325 329 332 359 362 405 440 468
12 21 33 46 66 95 107 184 195 251 257 260 271 292 314 334 337 352 372 417
32 34 43 50 93 135 142 153 230 231 239 253 307 324 400 421 429 437 481 495
23 29 32 35 41 43 47 156 159 172 207 208 241 247 326 367 418 423 461 479
13 35 58 94 145 146 150 177 257 271 282 297 309 311 325 332 357 382 400 450
1 3 25 79 94 128 160 164 247 290 305 307 325 346 378 404 443 457 466 481
0 54 83 88 98 112 117 187 229 300 303 344 386 398 401 419 423 479 493 499
5 41 89 100 161 203 216 219 226 239 254 258 335 367 380 400 408 460 468 492
30 56 83 97 123 153 186 190 207 272 284 318 355 368 419 439 451 455 478 494
6 7 9 19 43 46 53 56 82 238 242 243 245 267 325 335 345 362 365 425
19 58 72 101 105 107 120 137 150 174 231 267 284 287 304 307 328 359 464 470
19 63 68 85 95 121 148 158 160 166 180 192 222 245 253 369 388 419 482 490
4 13 21 53 71 88 108 117 213 307 319 322 333 342 376 410 426 433 457 488
94 97 134 153 154 253 262 270 280 318 356 360 366 370 386 403 445 451 490 494
0 22 28 29 47 61 154 170 191 201 260 273 305 308 324 405 451 466 474 499
36 62 92 109 178 181 194 242 260 285 300 306 334 369 398 402 431 449 480 499
28 38 61 97 98 99 104 106 119 137 148 186 204 216 242 327 377 403 457 459
10 27 77 112 113 167 169 203 269 300 316 318 323 329 373 384 405 440 453 454
5 50 96 112 126 155 190 191 210 233 247 248 266 268 269 280 310 320 376 481
51 61 109 133 148 155 175 176 209 226 283 308 334 354 365 391 400 465 483 499
14 55 82 135 160 178 232 243 260 264 279 330 340 400 411 412 415 445 450 452
69 111 117 137 162 174 181 200 206 238 279 320 323 356 370 376 417 455 474 479
16 29 30 45 75 77 110 111 145 170 195 197 220 259 320 327 360 376 402 409
24 33 132 164 190 191 251 255 299 326 350 362 363 370 379 384 406 436 464 475
4 42 104 131 166 216 228 242 258 289 293 299 305 339 371 383 388 412 456 483
3 16 65 124 126 141 158 166 234 251 358 365 369 371 392 400 423 439 462 485
6 8 29 41 70 71 106 141 195 196 208 234 236 248 301 317 381 467 487 493
2 34 41 42 59 133 186 204 262 272 299 301 308 328 336 347 405 459 486 494
49 51 85 89 95 107 166 183 216 228 229 306 327 329 388 406 418 444 445 471
6 31 39 46 116 148 151 154 177 190 206 211 244 277 294 316 344 376 386 451
22 46 50 51 97 155 159 168 177 186 220 268 331 398 405 411 453 460 461 483
13 26 144 159 163 168 180 211 237 253 319 345 402 409 410 416 465 467 486 493
21 37 40 45 82 129 146 190 216 245 246 248 279 303 337 361 382 387 443 491
1 8 20 84 85 87 108 131 133 142 150 196 220 262 314 326 375 381 432 469
5 56 115 123 145 149 150 168 187 232 299 304 336 340 405 461 468 475 478 480
46 58 88 103 106 162 166 180 185 208 224 274 284 295 298 368 415 488 493 494
78 137 154 162 179 180 221 230 242 248 260 273 278 290 371 414 422 449 479 489
7 40 77 96 97 105 117 127 157 175 217 228 236 354 368 371 421 437 464 481
4 29 45 48 83 109 149 153 156 202 263 286 295 307 322 345 400 442 464 481
6 22 45 65 70 97 141 168 172 194 282 306 325 338 358 372 373 388 416 460
10 27 64 102 110 124 126 155 160 190 280 283 328 349 374 404 407 430 464 496
22 31 59 63 91 97 125 159 162 199 200 216 260 386 396 423 431 458 471 490
3 23 66 91 93 148 153 157 207 208 209 213 289 304 325 329 379 410 443 496
21 110 189 202 216 233 236 316 322 334 348 356 373 374 385 388 396 405 464 466
8 29 62 130 183 186 235 270 278 333 336 361 395 400 425 433 465 476 477 489
1 19 31 104 121 155 173 222 236 245 257 261 298 299 302 309 401 402 479 497
21 25 71 81 87 141 191 202 297 301 310 317 320 330 335 344 348 421 452 470
4 104 107 133 160 167 183 207 236 239 248 264 291 305 307 395 402 464 475 482
9 59 67 70 132 142 152 160 280 318 326 328 350 377 405 434 437 454 496 498
19 21 41 52 54 58 88 119 140 179 205 226 279 301 353 406 421 426 465 497
25 45 101 112 119 128 130 152 185 189 196 239 245 251 294 308 317 366 426 446
19 35 46 48 54 105 148 219 242 250 251 275 302 303 320 323 356 366 379 487
18 71 90 101 113 148 149 165 191 207 212 244 265 267 301 317 410 452 454 472
27 50 73 86 112 151 170 213 214 222 256 306 314 326 366 393 395 422 440 441
12 101 115 121 178 180 197 224 251 312 355 361 392 400 403 417 433 450 466 492
41 99 101 112 164 200 202 225 240 267 310 344 366 397 403 419 472 476 482 498
1 21 23 28 71 86 102 115 125 181 187 195 210 316 318 377 390 440 456 475
23 60 65 73 151 182 218 236 237 238 240 241 251 266 269 306 316 343 394 419
63 70 78 79 89 90 92 96 118 143 175 230 246 247 249 255 363 442 453 465
26 40 53 92 116 154 163 173 242 260 264 279 283 298 327 373 424 436 478 486
16 77 104 110 145 178 183 234 239 253 265 277 284 310 321 344 386 403 457 476
8 46 62 70 154 187 192 196 217 235 236 269 281 304 356 364 380 415 456 481
63 94 113 140 174 212 213 229 261 264 276 311 341 359 370 390 400 417 427 460
54 57 64 72 104 107 116 198 204 293 302 310 355 376 399 404 413 428 478 488
1 31 43 61 156 167 180 196 216 227 236 254 299 313 352 410 435 452 454 456
24 33 44 73 91 116 126 163 166 172 214 283 352 362 403 415 429 453 472 477
37 70 121 161 201 214 219 241 264 287 307 314 327 374 389 403 426 450 470 478
22 23 98 165 176 182 192 224 240 258 264 268 322 403 431 455 466 481 487 497
12 18 82 84 86 96 102 133 166 210 216 264 272 318 329 335 336 360 398 445
115 139 184 214 234 263 275 277 285 291 305 327 342 353 365 367 416 425 431 447
13 16 25 58 83 112 135 180 194 218 250 276 309 351 353 370 408 416 458 473
16 29 64 77 79 133 175 198 228 253 304 307 333 350 361 368 379 437 452 470
29 109 124 131 139 150 175 215 230 232 268 276 285 331 345 372 417 422 423 480
2 4 30 118 213 214 235 284 291 294 326 334 360 362 381 401 430 437 442 498
47 67 104 113 159 165 166 175 268 290 327 348 372 404 428 443 451 470 488 491
6 9 27 32 45 74 99 136 152 227 228 236 243 264 272 302 312 413 467 479
