377 429
74 87
58 87
71 138
184 193
11 26
218 286
61 71
373 421
227 297
77 150
133 149
65 127
69 131
197 281
249 283
348 358
22 85
425 486
9 77
206 322
352 497
178 212
153 156
137 164
465 495
403 424
239 268
460 477
5 73
341 448
187 257
211 304
194 266
70 86
244 295
395 419
26 165
234 325
339 447
187 253
84 146
460 483
359 497
170 191
100 136
22 59
203 212
81 118
1 93
206 258
424 495
372 480
84 112
195 278
240 251
169 220
118 129
258 277
86 144
231 323
0 154
341 489
376 461
23 128
336 399
90 148
205 250
168 281
284 321
243 283
428 430
13 92
362 468
332 482
188 253
93 159
175 274
462 495
78 134
205 321
79 90
271 298
144 165
341 410
397 418
407 447
415 436
401 493
191 221
333 471
341 377
458 475
261 314
105 155
404 412
111 124
177 301
240 248
414 497
385 489
179 183
226 256
30 82
440 467
231 242
30 56
176 256
199 226
279 309
283 288
392 461
216 231
183 239
42 99
153 165
64 104
37 144
359 491
256 296
25 111
36 115
239 240
430 444
275 283
65 85
242 315
96 124
238 290
2 60
189 272
230 304
429 481
61 98
204 213
31 134
184 239
36 44
6 141
2 22
360 482
50 150
339 433
344 470
344 427
7 142
459 470
228 314
345 400
200 217
204 277
3 64
88 157
138 150
294 310
393 404
396 435
261 282
228 296
81 133
382 455
201 215
355 399
341 432
24 110
442 494
416 480
171 197
18 35
243 294
207 310
26 165
205 217
172 226
220 242
99 109
248 317
339 390
241 259
273 327
60 84
368 479
73 153
68 70
79 140
193 308
264 319
29 130
452 490
97 141
67 124
292 293
7 114
220 300
433 478
391 462
181 196
227 331
371 488
40 139
15 118
296 309
301 312
101 142
435 484
373 413
18 138
51 71
186 272
216 329
399 495
256 316
41 90
439 453
376 492
193 291
358 482
121 133
167 251
58 113
332 423
411 465
181 330
45 60
416 489
394 456
23 52
39 51
188 331
175 320
364 467
263 305
195 231
175 196
69 130
454 485
188 210
326 330
286 290
374 425
6 24
94 127
180 288
231 307
391 449
223 292
433 487
381 486
347 401
460 470
400 464
347 349
177 225
382 497
361 373
116 134
60 94
373 487
286 314
1 160
226 268
362 468
338 415
333 432
401 422
32 43
411 422
432 444
236 293
187 251
301 304
355 494
441 489
347 484
86 107
154 164
454 482
19 145
188 217
173 309
301 306
198 278
201 307
332 482
340 436
207 315
168 286
204 320
277 301
9 87
389 429
149 157
432 453
300 308
394 407
17 53
180 221
3 88
237 328
291 304
194 251 478
181 309 409
396 426 489
181 228 394
10 341 344
215 451 482
234 245 299
65 339 492
17 138 373
75 95 300
8 93 122
92 127 146
118 193 270
132 137 142
74 75 448
74 239 330
208 264 395
59 78 247
240 309 327
28 104 141
31 352 458
82 383 449
79 251 261
29 101 184
121 151 287
164 251 318
231 287 469
172 355 437
11 96 413
55 83 156
69 350 405
11 23 92
116 135 296
61 392 425
217 327 479
103 113 360
50 57 82
23 158 161
98 338 468
215 305 326
275 426 488
54 134 272
236 370 456
433 474 495
214 254 283
17 80 194
263 273 275
241 294 322
202 278 422
82 141 468
68 346 433
323 344 351
75 394 468
65 168 207
80 101 153
286 387 397
202 290 315
29 123 156
141 142 152
91 413 444
169 303 313
200 347 463
114 347 367
36 47 322
193 363 435
44 171 186
141 186 285
221 227 300
326 475 493
110 166 195
252 302 313
246 247 490
89 152 245
240 295 329
144 388 401
136 150 299
12 436 450
59 158 494
59 69 337
337 407 420
122 445 453
173 318 340
78 141 399
1 69 402
419 452 460
173 277 301
197 255 266
286 378 393
166 172 176
158 392 477
224 280 400
70 111 447
77 338 422
221 257 281
33 71 495
135 395 422
419 464 487
37 188 259
214 282 316
190 193 245
208 267 487
87 370 386
42 361 447
135 140 457
6 378 459
11 56 375
137 189 260
191 224 408
179 296 347
237 264 271
299 305 464
171 381 432
302 336 424
22 428 459
67 79 448
259 316 417
218 240 290
119 142 417
43 62 415
137 242 251
339 427 433
16 363 428
256 371 445
23 338 439
215 288 300
232 422 471
40 186 216
22 151 387
18 29 126
248 330 346
35 120 172
4 61 151
223 379 400
110 363 462
188 287 325
87 127 208
340 361 492
416 451 468
3 115 297
19 112 459
146 216 266
176 192 371
367 390 442
101 349 391
300 359 367
32 51 368
406 453 468
283 308 457
252 309 441
183 379 437
24 127 277
34 160 410
1 88 152
22 123 352
237 249 448
95 343 418
58 179 322
57 229 291
256 348 488
211 378 442
181 182 245
174 248 463
0 154 361
133 371 382
216 379 421
379 398 474
350 367 423
46 94 164
307 347 483
17 317 323
53 62 251
54 137 470
127 386 439
334 370 431
46 51 316
72 173 283
13 100 140
208 372 398
133 156 406
374 413 435
290 448 463
24 31 412
58 83 431
384 427 431
17 65 199
253 289 314
30 140 150
225 233 247
56 99 163
386 453 459
319 356 364
124 423 495
78 105 175
99 388 442
112 154 316
188 390 398
184 379 427
168 240 467
68 75 76
28 263 278
54 144 210
270 290 486
89 343 413
16 278 309
189 294 401
48 101 407
223 307 323
103 198 239
67 126 173
333 357 359
420 470 481
356 439 468
373 408 498
20 162 491
291 426 451
90 367 378
199 261 403
106 154 184
89 411 450
23 158 304
3 198 216
167 248 291
30 199 254
41 150 342
333 389 485
177 358 429
275 290 354
39 276 320
4 304 331
176 187 274
317 362 490
122 402 484
11 118 138
182 233 258
190 243 427
65 92 235
70 195 207
163 403 493
3 32 177
234 236 249
38 83 302
178 339 447
357 383 471
75 164 385
73 404 460
344 443 494
40 192 294
202 266 378
31 90 155
63 136 255
266 333 356
64 106 379
35 47 150
60 182 299
48 55 63
39 131 338
280 328 417
110 388 429
173 315 441
17 347 416
89 333 380
41 69 201
24 41 327
54 123 172
236 247 292
168 303 366
17 70 401
57 76 133
6 108 453
402 409 485
13 172 199
290 399 453
45 108 354
237 316 482
343 420 461
93 204 255
77 180 233
34 66 123
369 405 493
245 269 293
53 120 251
59 146 163
16 398 437
50 103 206
54 155 193
110 158 411
9 475 496
183 245 264
94 258 274
168 240 279
83 169 217
77 193 217
24 219 300
36 43 144
242 378 428
3 11 216
186 214 283
189 201 260
20 338 339
135 159 290
216 279 380 393
258 370 375 450
316 356 434 470
206 215 266 406
120 191 376 486
71 99 295 400
29 94 300 459
74 239 292 300
10 73 101 115
34 125 227 276
192 285 392 401
250 389 402 456
46 96 191 207
203 395 402 464
257 414 449 456
4 161 354 361
7 74 247 409
260 317 382 397
197 240 376 443
173 261 304 403
186 220 367 416
36 87 350 367
41 375 378 421
70 116 141 153
66 85 294 353
341 383 404 491
66 104 191 197
267 279 285 321
198 202 239 247
7 393 488 490
46 309 328 405
231 246 420 458
24 150 153 275
180 200 253 481
139 257 441 450
205 303 322 459
29 39 221 240
38 106 113 435
94 116 135 202
275 280 307 358
147 274 481 498
121 222 370 473
251 297 319 488
36 366 394 437
64 353 384 405
75 83 96 266
10 99 104 418
19 61 71 110
29 149 193 220
366 386 448 486
166 215 233 443
337 367 405 429
28 280 315 465
19 85 373 466
55 217 220 468
193 211 217 366
135 267 423 459
113 386 395 467
52 109 116 124
37 178 358 363
225 362 363 370
45 124 391 393
39 46 83 130
126 366 434 468
30 127 195 262
228 230 307 310
1 16 111 167
44 175 192 361
250 285 300 335
53 62 363 487
290 338 356 444
1 138 147 412
9 161 322 338
142 161 379 469
83 246 382 454
76 115 225 419
11 122 382 485
113 323 329 456
39 79 152 334
42 60 78 165
70 349 361 442
135 404 412 414
191 388 406 493
49 157 161 485
7 23 65 119
40 53 377 496
113 155 307 463
85 169 460 483
340 346 401 473
51 126 136 254
145 164 222 311
10 197 200 218
11 27 419 491
35 365 397 498
286 421 473 481
189 274 400 494
23 52 105 314
132 184 187 229
179 222 360 391
381 383 401 445
239 240 255 382
259 379 396 415
76 95 244 309
182 207 233 307
70 139 144 159
224 370 371 457
70 123 185 290
188 301 325 389
50 225 290 374
175 231 343 473
198 207 221 272
17 254 298 305
67 75 377 499
3 30 105 111
41 245 352 390
65 380 434 438
50 99 259 289
17 80 99 134
24 335 424 488
188 265 387 452
89 100 147 348
166 253 271 446
109 112 211 414
119 137 148 283
371 414 437 498
335 402 426 494
150 269 289 336
38 48 104 272
183 414 422 478
71 190 373 387
123 259 307 422
250 384 418 458
314 390 402 484
24 34 57 416
36 59 201 271
155 370 375 451
9 41 110 271
110 196 356 411
47 83 157 252
73 89 347 372
45 119 129 463
45 67 115 424
1 147 431 489
216 309 325 442
189 331 360 484
14 137 144 483
58 63 129 144
123 204 271 287
197 198 312 420
58 216 309 324
191 258 343 414
22 46 86 121
56 349 368 436
369 424 428 450
167 403 479 492
101 164 180 230
141 195 214 288
275 294 364 435
20 178 182 361
112 125 254 340
15 64 77 235
10 26 120 192
56 129 347 383
79 250 271 493
71 94 161 390
19 399 448 479
117 122 162 169
13 253 478 496
30 89 90 105
98 252 301 434
250 274 289 492
2 377 457 463
0 89 99 121
88 180 313 395
177 206 254 368
312 350 431 434
62 234 258 262
212 262 288 361
33 58 164 400
45 84 172 213
176 224 274 403
197 264 302 307
19 81 409 481
139 360 361 444
5 202 299 409
27 90 268 336
45 245 246 443
40 149 155 251
190 286 330 388
99 410 466 487
27 222 319 447
151 397 433 461
207 315 434 461
102 148 324 418
188 220 371 374
342 343 434 467
3 28 76 133
96 394 442 493
100 381 469 475
101 329 417 454
171 213 281 469 493
61 268 340 362 402
12 13 86 157 171
87 111 414 418 442
78 206 254 358 477
4 42 94 191 347
85 91 203 302 451
175 241 254 301 419
260 360 364 376 424
79 315 367 415 443
5 103 147 385 390
2 62 132 296 423
14 92 130 212 276
353 379 400 424 490
13 74 133 277 482
201 217 254 386 398
10 86 154 216 370
13 141 338 370 374
72 318 347 360 410
130 335 349 455 487
90 374 397 456 491
64 70 113 277 289
75 82 100 102 404
104 105 185 294 322
154 181 306 371 492
199 306 442 485 486
82 168 231 370 415
318 363 374 412 449
187 213 217 246 453
226 250 253 318 341
24 41 228 255 283
29 135 174 182 360
49 75 138 450 499
237 304 312 337 454
53 237 248 276 499
1 154 300 306 372
122 181 229 266 310
10 93 143 280 293
53 152 257 371 409
96 310 411 422 433
33 85 292 389 415
167 304 316 427 433
12 62 71 245 458
40 318 378 423 446
354 368 381 450 455
15 167 209 245 328
8 310 322 338 371
100 105 262 322 374
89 96 251 313 395
81 237 353 442 499
120 153 293 320 381
39 123 386 408 472
207 208 408 415 453
8 61 82 154 318
187 212 220 231 307
150 169 239 290 444
58 103 273 316 453
36 164 358 427 495
8 207 221 361 443
68 197 361 422 432
32 76 84 248 389
35 144 196 247 495
104 149 213 268 423
8 113 115 281 348
4 64 132 280 459
69 162 376 419 437
253 314 398 487 498
205 223 236 342 366
97 136 162 167 482
63 217 237 448 489
7 199 267 300 461
88 131 434 450 460
36 77 136 250 329
196 240 385 406 492
383 408 464 474 487
215 251 311 358 468
216 291 333 366 421
11 98 157 227 432
4 105 163 356 486
88 314 324 431 445
1 67 137 158 335
3 169 195 333 448
104 221 233 386 436
64 231 322 364 399
42 325 354 405 429
49 79 82 222 324
9 77 100 133 204
247 259 406 410 421
38 151 214 396 443
21 90 179 286 462
12 146 160 180 459
186 189 308 343 476
50 57 105 368 384
37 54 95 257 377
61 78 202 313 469
118 142 418 434 495
116 153 200 309 471
2 82 122 142 455
41 59 248 309 390
29 83 89 278 460
20 85 194 202 378
52 260 366 396 487
76 204 281 382 476
149 174 176 218 254
4 334 418 439 499
78 93 464 475 480
46 389 408 491 496
82 165 338 419 427
114 151 230 244 475
19 170 175 179 347
8 12 68 255 420
301 344 348 403 407
140 194 388 398 450
46 291 319 433 438
273 278 307 312 346
99 142 161 363 451
124 159 236 259 352
14 214 231 387 487
48 102 135 362 457
58 136 214 327 369
23 37 88 138 200
54 128 163 244 259
11 83 202 233 394
167 190 203 289 368
1 65 197 264 374
21 142 150 324 381
281 293 386 413 451
46 247 252 412 477
76 159 274 362 495
202 346 404 481 493
90 155 187 188 298
168 178 194 268 375
86 88 90 94 368
70 165 275 286 367
50 181 283 306 372
236 252 337 338 359
105 218 285 287 383
70 338 355 471 495
64 117 357 439 454
142 324 376 393 482
78 86 111 214 412
238 241 271 305 442
130 135 334 420 442
181 258 298 318 420
73 256 382 390 430
21 83 145 315 446
304 394 411 413 442
223 372 378 430 481
17 23 88 345 477
22 29 237 265 445
55 239 274 336 411
212 332 333 382 468
44 61 102 228 381
13 136 356 429 477
19 36 66 311 464
83 87 239 285 379
34 114 151 283 326
18 30 60 211 473
41 76 90 374 408
109 152 221 241 273
135 180 202 412 447
100 115 219 361 441
2 21 140 236 437
14 33 381 410 482
62 228 300 361 398
46 91 183 370 389
120 325 388 434 488
127 169 223 284 352
32 67 95 236 497
22 166 348 369 468
195 212 243 398 488
44 46 174 284 336
195 310 332 338 476
348 411 421 425 442
185 227 370 460 466
15 86 156 465 475
27 74 96 149 434
322 331 463 470 489
10 52 58 129 374
239 299 381 403 464
135 345 357 401 487
67 89 414 488 491
77 216 217 287 359
72 229 269 386 473
66 167 331 363 426
20 192 241 303 399
66 137 144 220 222
115 148 181 197 372
303 364 382 428 437
2 12 94 97 137
6 314 316 344 467
42 66 336 338 482
70 71 136 275 394
16 119 354 408 476
160 161 203 241 464
110 132 142 162 175
151 282 307 336 436
78 162 191 285 396
72 288 312 314 331
72 245 329 350 358
197 360 411 445 476 483
13 20 47 67 203 285
156 201 347 417 445 462
55 159 254 261 324 434
83 107 166 221 316 357
1 82 101 240 285 359
104 138 183 209 301 306
78 120 146 232 260 401
7 31 36 236 264 273
52 156 359 365 367 377
99 267 356 380 450 471
90 93 168 249 294 479
8 17 282 293 467 474
150 230 342 387 395 497
11 71 140 436 482 495
209 282 317 328 395 424
74 175 400 458 481 485
67 326 338 425 455 460
90 104 274 310 337 359
111 116 158 193 374 437
82 109 160 231 261 368
0 1 72 150 312 342
50 65 159 233 487 499
12 77 148 192 250 400
35 138 180 272 296 400
80 166 221 278 302 440
76 151 339 350 436 465
1 15 110 200 254 303
28 212 222 250 251 362
9 30 152 256 365 374
65 133 139 186 195 303
88 153 187 279 386 499
60 161 229 377 392 412
208 230 234 274 439 454
46 92 102 230 244 383
136 155 315 332 410 447
28 55 84 94 234 437
33 153 235 335 371 479
21 275 322 470 484 491
34 71 114 357 456 474
43 231 259 272 451 482
206 395 467 468 472 480
21 213 251 283 327 381
21 31 46 139 176 300
22 58 108 229 296 340
125 153 225 235 369 452
18 41 186 227 275 344
23 31 48 92 338 347
45 214 262 279 382 414
116 195 211 218 240 494
88 294 322 369 391 477
19 38 129 165 193 209
55 61 67 102 294 295
41 46 62 161 264 498
113 363 366 387 413 424
57 190 193 204 328 371
17 123 184 375 444 445
250 286 347 374 404 484
90 332 341 416 420 445
90 154 241 245 342 386
79 105 252 260 310 328
70 120 182 248 262 401
8 9 93 110 237 338
66 100 169 224 242 294
48 50 135 195 292 467
13 87 147 229 282 290
12 137 167 348 412 437
42 51 219 252 349 483
30 83 271 305 394 414
7 84 98 156 160 280
109 228 249 288 356 485
2 142 227 230 329 342
252 256 263 285 296 302
34 45 63 79 169 225
9 215 379 386 421 488
66 296 333 390 411 428
41 356 358 368 453 486
32 101 333 343 384 485
19 159 226 236 409 434
146 342 375 403 451 463
17 226 249 265 386 497
1 60 159 407 443 489
69 114 226 278 338 443
157 165 285 299 312 393
16 30 100 154 169 477
0 77 134 138 284 371
33 164 208 251 258 331
116 185 299 311 470 472
1 58 142 188 274 340
11 124 298 322 332 482
205 253 279 320 400 490
41 45 64 101 243 464
57 123 155 277 355 480
24 27 66 98 249 438
143 196 243 248 298 320
203 219 277 372 438 478
92 264 406 420 437 481
182 191 201 268 270 316
45 80 220 227 230 450
26 97 217 361 366 490
52 103 142 174 197 450
49 65 181 252 271 371
32 56 121 424 431 494
97 114 191 331 347 398
21 264 268 336 386 434
120 174 257 283 351 488
39 243 265 307 367 498
132 176 247 261 278 303
7 23 96 158 163 214
142 308 339 341 395 465
117 144 186 240 344 472
38 111 140 149 259 303
12 17 134 138 151 412
113 348 377 403 476 488
106 141 217 219 231 311
107 122 145 304 363 396
171 196 202 207 219 494
96 244 246 295 346 436
178 403 422 445 471 477
32 151 228 293 412 414
76 83 138 176 469 476
51 167 316 376 410 478
96 296 342 405 432 478
101 178 211 213 249 339
82 84 125 222 329 352
18 40 93 376 414 428
118 119 185 244 246 311
37 39 138 338 344 466
151 159 187 266 470 478
43 89 90 132 183 273
148 163 176 202 391 496
224 235 297 328 402 488
174 199 344 386 410 425
16 17 140 270 303 493
205 218 231 245 253 434
84 236 249 320 481 492
108 112 152 160 235 446
121 340 359 399 458 496
0 157 404 441 483 495
167 226 367 390 424 441
40 252 272 345 353 493
32 87 132 242 332 495
23 70 270 371 435 436
117 136 159 260 390 450
196 233 242 247 381 429
74 123 222 259 294 374
88 97 358 452 470 484
350 384 392 404 410 451
103 163 165 305 423 429
213 234 292 363 391 401
98 125 166 172 270 275 324
85 192 214 216 227 273 438
1 98 173 234 399 420 481
44 66 91 227 273 304 350
18 96 111 162 235 389 412
36 121 224 271 312 357 428
4 18 82 124 165 224 436
94 163 223 261 279 317 433
30 117 198 231 310 352 385
155 178 216 315 413 429 478
3 14 27 108 189 355 362
131 222 246 267 323 422 496
33 119 324 332 347 354 421
52 102 130 149 201 482 496
11 88 167 219 252 286 467
59 204 250 297 302 400 426
59 72 104 165 180 320 483
93 182 285 359 376 465 485
5 51 119 185 189 211 329
208 265 306 344 378 384 465
163 228 269 319 354 414 480
17 54 94 125 244 296 483
11 50 223 288 289 290 421
5 291 303 311 458 462 468
198 222 255 311 313 365 378
0 16 30 89 124 284 399
28 67 288 308 316 329 415
24 80 148 166 299 361 460
17 30 101 149 209 418 430
215 235 255 357 370 381 485
46 91 103 123 274 389 468
37 76 100 160 241 273 412
232 236 246 252 291 361 439
4 55 108 128 339 430 443
13 133 143 289 378 410 487
296 301 308 310 437 492 497
29 31 76 113 115 190 407
20 76 91 395 452 471 484
23 230 244 291 308 392 452
9 41 55 112 387 390 426
12 129 152 160 260 353 369
13 51 124 130 247 444 472
9 186 237 249 361 380 417
33 79 131 165 174 282 485
8 51 230 283 378 386 499
5 97 234 277 297 323 439
142 167 194 335 382 402 412
128 152 232 255 275 310 349
24 146 215 227 328 330 343
50 79 150 224 245 398 413
32 73 97 110 181 190 269
11 16 39 110 130 321 440
112 147 254 288 323 386 450
41 59 60 65 289 324 348
19 88 106 131 154 390 466
169 232 236 255 401 426 491
2 18 49 127 253 265 417
6 75 127 298 405 447 461
17 278 367 432 450 490 495
52 98 128 144 221 293 390
15 61 113 135 190 322 377
0 88 123 215 262 347 447
2 34 40 44 211 323 372
141 255 357 374 385 399 435
13 92 122 139 188 189 425
36 71 77 83 86 291 412
124 253 284 448 457 461 487
45 173 202 264 312 329 492
15 65 134 151 251 289 306
55 161 225 229 235 259 332
91 92 340 464 467 473 499
15 73 108 369 410 413 474
47 51 56 127 279 353 386
75 176 204 237 276 280 327
61 225 336 387 388 431 486
19 87 184 281 287 322 326
73 100 156 169 197 226 299
16 60 102 115 269 278 386
85 132 257 328 409 414 416
10 121 171 274 322 323 367
68 188 296 382 396 426 481
119 173 183 217 338 372 417
100 113 124 219 342 386 429
37 49 74 268 349 399 455
8 105 177 277 317 359 399
4 51 54 141 219 460 487
91 102 247 262 336 453 463
30 35 232 302 335 345 428
95 107 245 290 311 372 395
12 33 167 195 303 315 409
8 58 120 194 220 325 427
69 105 206 248 265 289 330
24 173 174 177 180 373 462
10 43 122 146 193 230 460
83 219 339 379 387 440 484
113 215 314 317 423 456 495
148 205 271 349 350 372 457
128 154 268 342 427 452 495
92 150 295 350 420 481 492
59 62 81 125 157 205 444
9 122 341 347 429 435 489
83 118 143 195 227 272 445
3 224 293 310 327 467 471
166 190 219 231 256 367 463
55 214 280 334 353 359 450
48 86 117 207 212 372 473
21 42 115 160 172 178 282
83 188 229 261 269 276 286
31 87 126 183 285 302 458
30 43 121 139 157 302 489
152 157 166 195 201 309 316
7 136 186 307 315 362 442
40 42 96 107 290 388 487
85 115 178 225 319 423 489
106 168 327 329 330 382 406
74 142 178 236 334 335 476
11 166 218 338 361 410 482
16 182 200 296 311 320 399
91 98 271 299 364 372 479
1 17 357 374 422 438 461
6 72 119 171 422 455 465
36 61 184 186 296 397 482
22 77 150 185 284 288 421
60 181 337 357 361 396 407
55 58 110 174 276 295 331
241 349 380 412 461 496 498
98 175 261 307 425 434 473
124 199 344 353 372 488 497
2 8 92 133 162 361 481
17 30 224 226 251 253 460
20 52 207 224 276 421 473
40 205 267 332 350 387 446
72 172 245 246 387 428 434
39 103 198 270 362 407 443
81 94 134 154 231 409 417
153 171 331 336 357 446 468
40 58 271 338 429 479 493
75 93 105 333 346 395 417
6 15 48 89 120 131 476
137 241 295 323 442 472 497
20 156 304 354 424 425 499
12 16 63 108 344 421 457
38 54 143 377 404 417 425
179 231 288 365 388 403 436
178 194 307 318 343 384 482
19 67 184 375 391 397 436
59 245 257 261 381 423 474
26 111 112 148 231 347 410
100 134 152 253 341 396 453
45 59 86 94 196 222 270
49 100 298 325 414 416 493 495
36 232 250 269 290 345 440 494
48 75 87 198 222 291 351 433
45 49 90 124 325 372 425 435
73 151 223 368 403 404 461 485
12 109 302 333 339 404 437 441
124 152 200 298 343 360 417 463
55 81 318 373 438 455 485 493
23 173 220 247 281 294 319 463
69 96 139 215 230 239 309 342
50 59 126 341 349 446 488 492
30 57 95 184 197 231 245 273
1 6 23 132 135 229 422 460
46 323 336 392 416 452 463 486
2 30 85 88 188 303 436 469
56 101 247 279 398 399 430 464
106 269 368 413 450 459 484 488
11 74 126 158 165 185 282 283
23 74 77 91 133 174 332 422
2 75 78 99 169 304 388 449
29 78 109 119 258 341 382 396
1 13 110 123 201 254 361 498
51 56 119 206 235 273 416 418
9 54 143 163 281 401 409 425
43 175 188 189 227 313 363 455
173 179 212 247 248 412 466 493
65 172 186 209 242 284 349 383
105 132 245 278 319 323 424 466
44 299 327 335 346 371 426 453
88 101 281 359 390 432 453 455
34 143 144 196 231 377 380 403
12 32 47 70 298 329 342 355
5 49 55 168 203 302 351 418
2 87 94 151 178 243 255 341
69 123 172 274 338 379 380 399
1 129 220 293 317 338 424 476
11 38 336 371 436 454 457 488
46 101 107 120 146 161 180 441
50 93 122 137 165 247 336 470
17 72 91 94 131 258 280 425
75 113 121 155 156 187 212 360
79 85 215 229 231 365 432 452
53 80 86 107 113 239 265 310
164 186 320 336 338 359 382 403
91 101 228 233 285 308 355 375
78 222 230 269 346 369 457 489
33 92 158 227 244 245 300 321
40 136 150 164 221 230 345 413
17 228 242 380 381 423 430 453
0 75 90 155 305 391 393 471
231 277 336 353 395 413 418 444
66 109 250 265 268 281 356 426
41 98 250 285 330 343 348 391
35 55 123 298 412 447 480 499
12 76 240 300 301 357 409 414
5 95 135 183 273 362 452 476
36 51 68 167 186 212 273 305
7 53 73 91 145 295 326 379
72 169 184 206 239 336 434 479
87 95 307 327 356 379 425 447
12 63 258 287 345 366 422 457
48 50 85 89 113 215 312 409
218 219 222 234 254 348 412 452
14 24 60 62 126 153 304 411
37 57 99 168 216 272 365 372
14 72 89 111 123 339 401 431
64 93 226 227 354 385 445 469
36 180 305 332 441 445 456 471
27 65 131 157 186 337 361 455
27 37 46 136 212 400 450 469
99 185 340 416 418 432 440 454
59 81 207 290 408 421 448 495
24 96 277 284 306 322 387 398
76 113 166 183 228 268 276 335
62 85 171 193 365 383 432 492
32 233 264 348 367 453 484 488
44 130 248 284 338 348 391 415
96 134 221 272 343 461 479 492
137 190 194 280 303 320 343 380
18 82 109 127 168 188 315 426
39 57 80 102 145 242 390 423
47 208 236 244 302 313 473 494
69 70 71 93 112 217 357 426
54 65 96 213 218 309 363 424
28 115 196 237 253 312 387 488
15 103 110 151 206 274 321 336
16 22 33 54 73 176 282 370
161 228 245 265 266 287 308 440
32 55 119 398 415 433 451 471
8 45 69 97 224 328 348 358
98 116 145 184 253 308 341 471
19 67 79 132 280 292 352 464
10 129 170 183 194 217 225 301
19 177 224 380 458 463 472 493
14 45 74 163 166 261 311 419
89 118 157 232 238 269 378 401
62 137 176 238 266 432 476 487
29 34 76 169 255 298 314 340
2 93 101 210 264 356 481 482
4 70 95 105 126 135 466 483
191 195 204 260 361 381 385 461
31 84 91 125 134 156 363 386
96 101 251 307 310 414 449 464
189 320 332 355 361 375 455 494
35 235 247 260 283 365 434 458
33 171 194 278 284 309 390 394
63 64 140 190 212 214 363 428
17 81 192 337 345 347 396 420
69 181 182 231 278 363 366 407
17 37 63 195 344 345 427 462
27 32 36 323 339 353 448 464
91 172 217 223 256 258 387 442
70 138 150 172 242 258 325 455
188 322 381 398 400 401 441 448
176 263 305 354 369 381 459 464
50 84 169 177 210 230 238 343
29 51 133 134 288 301 325 343
7 70 209 223 279 392 410 442
61 107 180 271 381 392 397 425
39 100 187 199 279 316 422 492
8 90 96 306 333 379 463 464
57 164 264 332 375 376 437 458
47 61 191 304 312 328 390 448
68 107 239 242 247 290 291 411
11 50 150 170 178 267 372 393
65 84 136 182 185 284 345 497
0 12 58 122 134 211 229 329
67 84 132 277 302 394 434 465
43 140 272 324 359 392 398 463
30 34 165 240 264 381 403 499
18 34 36 185 203 240 305 373
109 158 217 260 333 351 450 468
57 104 182 194 372 423 460 481
92 202 205 395 401 404 412 494
25 86 93 216 264 286 409 426
43 65 93 125 128 145 158 319
38 53 168 172 192 232 265 473
72 88 108 281 339 405 474 495
8 27 69 135 274 354 403 472
104 122 175 241 258 339 428 481
42 77 127 174 197 241 342 360
111 137 154 161 239 274 282 377
35 43 53 87 262 345 454 464
125 181 304 346 357 388 402 413
49 52 73 158 163 382 386 429
28 36 78 140 159 188 403 432
164 187 242 396 400 427 466 474
33 122 206 273 326 343 404 472
12 104 216 311 326 335 478 490
44 203 218 323 324 405 468 495
66 144 192 252 322 374 398 418 449
4 118 121 137 226 292 296 338 434
19 63 80 171 189 238 346 370 469
15 29 48 209 270 279 291 368 466
73 142 168 224 317 370 472 479 490
129 164 189 194 265 284 370 390 499
64 134 136 164 196 274 302 372 431
63 198 213 255 267 272 368 433 487
18 102 133 212 293 313 411 432 466
22 141 195 197 227 258 319 441 491
69 121 150 213 268 360 364 385 459
75 78 98 120 140 236 237 311 369
11 20 22 169 178 225 409 450 489
64 92 106 246 253 279 371 383 477
13 73 75 94 308 453 469 480 490
96 199 235 255 303 310 326 402 439
111 122 144 160 351 359 383 427 476
157 209 325 346 352 373 408 415 493
9 99 107 200 221 237 323 424 496
35 96 144 198 205 271 285 352 373
104 113 249 265 291 298 318 374 380
56 80 109 183 255 290 449 470 471
158 252 297 330 349 362 432 467 494
12 44 73 189 218 333 434 451 493
42 57 120 132 143 242 330 393 397
19 34 45 69 101 137 228 387 409
0 10 164 234 251 321 350 427 461
28 38 73 97 115 240 246 248 318
28 180 184 193 275 334 424 455 492
41 43 136 142 215 303 374 381 477
184 258 281 318 390 413 429 446 495
42 67 178 182 218 227 264 329 485
17 27 34 148 153 206 339 430 454
43 101 128 153 178 187 330 368 388
5 64 260 292 378 408 430 474 489
7 58 120 202 288 304 325 327 392
10 12 248 261 346 370 383 420 480
95 107 118 166 179 355 388 434 481
151 268 317 369 384 403 455 472 492
43 60 89 91 148 212 298 364 454
17 84 92 113 140 290 300 340 427
160 168 184 224 233 305 351 450 482
176 178 199 220 244 290 360 388 400
2 98 151 180 221 225 251 308 362
162 178 230 239 264 295 351 402 478
96 124 136 258 315 335 348 480 498
72 133 142 152 165 193 302 382 482
14 143 217 219 221 322 368 410 486
22 75 76 111 241 283 375 376 450
1 23 103 123 190 378 414 424 459
140 212 249 296 308 312 333 368 409
30 59 110 145 147 336 375 470 484
18 153 176 183 248 275 283 298 322
5 14 46 104 179 185 221 222 339
31 49 61 91 99 180 208 272 324
44 75 110 124 232 285 288 436 468
128 129 184 201 219 252 308 400 449
126 165 258 263 270 283 337 430 490
41 103 147 155 187 281 307 474 480
21 29 120 159 163 170 263 467 483
5 26 56 92 105 206 217 353 360
32 70 172 218 277 301 360 388 455
46 158 261 291 357 391 422 430 478
72 131 172 174 215 224 265 271 432
77 155 158 237 275 283 309 395 421
8 75 79 239 275 342 374 443 490
70 113 117 194 299 310 367 370 460
20 39 43 83 124 155 200 425 477
60 115 216 288 329 342 363 416 499
48 108 233 239 307 361 423 455 462
9 44 82 110 141 197 307 311 314
13 36 234 302 397 405 417 445 489
213 234 250 334 428 437 450 464 496
27 41 45 181 271 276 374 391 474
34 78 85 111 129 297 316 338 499
113 206 220 259 335 356 365 384 457
13 118 128 140 212 389 429 468 471
5 44 45 87 390 396 450 488 494
27 131 145 224 259 294 342 367 438
136 146 154 164 236 345 348 357 463
28 72 86 123 245 282 342 378 471
82 145 185 192 244 388 434 479 486
28 96 106 134 310 342 412 463 485
40 100 182 200 308 401 458 497 498
19 72 103 133 143 156 167 289 362
9 54 106 120 176 218 264 273 409
100 110 113 118 127 163 311 318 367
60 130 209 233 241 322 437 450 481
39 165 247 335 349 385 419 431 495
119 161 184 209 293 331 343 366 381
63 196 234 258 298 309 379 426 435
2 73 76 101 117 171 191 393 416
17 82 125 155 179 240 259 349 472
55 59 71 126 136 216 257 263 390
48 88 169 326 348 363 391 414 451
88 97 137 168 239 315 360 385 389
90 253 302 343 356 376 413 444 476
50 107 148 200 265 315 408 410 461
66 90 275 278 300 362 384 388 444
46 204 206 268 327 328 398 474 488
41 49 60 66 151 326 382 429 451
34 102 273 327 330 392 411 489 497
260 313 344 351 384 403 422 437 446
71 145 158 168 236 249 307 332 421
11 33 70 102 243 272 307 442 491
97 124 156 193 207 241 244 482 497
9 72 139 179 248 314 333 353 406
2 17 73 95 125 164 232 336 459
61 75 112 155 166 182 312 406 429
0 95 331 402 407 435 451 463 479
20 159 197 207 225 227 246 312 424
8 77 85 93 96 177 234 247 288
53 85 176 205 209 273 383 394 399
174 200 238 385 388 395 415 425 440
12 148 201 235 299 304 313 430 477
67 138 153 198 251 342 374 461 489
33 67 75 130 198 347 370 414 436
51 75 136 279 342 350 409 444 449
11 90 125 312 330 434 457 459 494
24 39 53 86 93 120 216 377 477
45 96 101 172 180 184 205 222 418
54 73 130 234 289 350 395 452 478
101 120 188 196 205 284 291 416 477
47 134 138 151 233 245 269 309 355
45 95 129 259 272 376 381 475 492
8 59 71 177 358 380 415 416 444
22 42 67 92 162 164 363 383 415
23 135 176 256 334 421 432 459 464
39 86 103 183 200 247 282 289 324
11 85 99 152 227 262 299 357 485
15 65 148 172 260 306 314 318 371
77 84 88 98 306 311 313 338 450
72 126 207 210 228 237 335 391 474
25 50 53 135 166 168 212 289 448
32 150 169 170 196 206 232 333 488
102 113 223 254 311 369 461 467 471
169 218 269 296 412 448 457 464 470
81 90 91 122 155 214 270 331 496
5 55 102 122 304 374 406 432 483
122 198 230 314 327 356 367 450 483
50 102 229 269 307 334 377 413 458
50 66 96 142 158 160 201 393 492
3 68 77 135 316 352 365 371 416
25 128 144 204 227 351 384 434 465
38 91 104 255 371 377 456 472 487
140 237 309 338 355 379 401 459 488
40 155 169 246 329 331 356 442 483
76 109 113 179 335 370 406 450 478
12 26 33 37 174 201 230 266 488
28 42 101 196 201 228 315 320 404
17 183 189 252 272 298 303 334 354 363
4 80 157 184 218 237 359 424 430 436
1 24 33 56 107 286 316 333 348 410
13 134 146 261 350 361 409 428 470 480
193 301 326 331 334 360 370 441 478 495
9 113 127 148 178 280 284 357 384 461
42 52 101 120 136 137 216 226 371 401
18 148 201 358 368 381 414 420 449 451
68 147 153 154 182 207 238 258 388 441
14 130 209 213 221 248 256 331 370 406
36 44 51 160 193 209 262 341 366 497
60 70 162 192 272 297 330 401 472 487
19 22 63 66 82 91 198 261 285 455
95 140 193 205 226 283 399 408 459 485
31 168 199 259 273 287 332 489 492 495
16 80 110 155 294 367 377 390 413 448
43 81 170 201 240 256 355 428 456 472
15 103 134 233 309 337 426 467 469 487
85 144 186 193 204 241 250 304 412 471
129 130 205 243 317 336 403 417 463 474
35 75 97 156 188 224 381 397 441 478
17 34 44 80 129 143 277 301 402 431
34 156 180 189 216 219 229 331 390 395
8 51 128 217 219 240 345 377 429 433
2 60 128 271 301 311 315 387 415 482
36 44 99 147 170 193 208 229 319 334
51 59 62 203 265 284 308 326 450 462
112 154 157 216 238 264 285 318 416 419
8 155 226 242 308 346 364 482 495 496
6 174 191 201 202 253 315 327 413 475
35 47 128 188 193 205 236 330 427 474
8 11 25 39 189 241 293 345 424 431
15 72 88 138 178 198 227 246 262 381
68 72 120 125 142 146 207 311 334 457
36 137 205 210 216 250 254 283 300 418
35 55 97 111 127 231 242 259 306 422
46 75 87 94 186 193 210 270 342 463
159 177 241 310 348 404 414 442 447 454
151 174 202 210 219 301 338 397 403 442
2 47 70 255 281 303 307 331 393 419
12 22 95 181 354 367 376 380 419 442
31 32 98 281 292 355 413 418 427 457
31 49 62 149 279 293 396 430 438 458
13 66 99 154 304 338 347 408 460 474
86 140 183 193 276 381 387 425 448 460
45 85 121 198 218 254 266 267 365 391
32 128 167 197 281 294 349 401 413 429
111 149 170 174 200 230 231 235 371 372
1 12 37 83 133 215 290 293 469 499
92 187 192 195 267 299 305 345 405 441
4 25 183 220 231 233 383 388 445 477
39 55 138 155 166 179 212 224 248 269
2 92 119 120 136 150 159 294 395 476
13 37 86 88 120 133 210 229 252 392
25 32 130 177 195 327 340 432 443 451
83 173 175 240 263 268 324 340 388 394
6 44 134 229 295 301 311 397 415 456
24 87 115 136 264 267 385 429 434 452
3 58 77 178 184 263 285 309 327 386
8 23 116 117 156 325 369 455 476 481
4 91 98 129 155 172 255 323 380 395
79 92 109 120 130 169 228 277 354 436
36 40 56 169 216 254 375 398 417 441
43 65 74 79 150 188 195 261 365 467
19 94 135 178 227 268 287 335 426 486
22 65 102 174 245 330 340 344 489 499
48 89 149 258 276 311 371 418 470 481
74 163 184 204 327 380 409 415 439 444
182 185 264 272 285 287 377 392 440 443
3 9 178 296 369 432 447 473 475 483
68 80 89 117 147 326 380 402 446 461
104 260 272 280 358 380 397 424 467 494
98 127 151 180 216 324 345 425 487 488
5 169 183 198 219 317 323 392 393 454
4 202 205 332 347 380 398 440 446 493
21 83 85 132 200 223 306 338 357 376
11 61 64 88 107 212 419 430 463 499
3 5 30 34 226 263 278 299 426 443
24 28 41 45 122 232 236 338 408 425
9 63 142 208 293 371 394 401 430 462
1 12 111 126 245 260 280 290 458 481
16 40 53 132 150 189 205 217 352 463
34 59 60 102 170 182 215 261 370 489
98 117 161 191 199 204 226 289 343 381
23 55 64 173 229 259 262 339 368 490
34 39 135 141 151 346 402 453 461 468
82 275 287 375 387 400 401 419 458 465
24 60 124 131 227 342 385 434 488 496
15 23 84 89 108 142 153 295 347 455
42 130 156 158 162 257 350 374 439 440
19 114 146 181 227 244 268 280 361 442
55 70 184 203 251 332 363 388 417 464
1 35 118 184 227 257 358 360 400 446
72 98 163 229 289 304 361 470 497 498
11 125 232 278 293 326 374 422 434 441
10 40 55 69 78 99 240 408 444 451
55 109 203 208 256 293 341 349 380 493
13 48 52 166 191 221 376 422 456 465
0 58 99 221 231 235 263 312 403 484
68 77 81 91 93 200 325 354 404 468
8 12 15 32 55 144 357 393 457 467
63 77 120 127 201 231 325 402 403 434
5 18 32 85 149 377 419 425 449 494
26 144 167 224 231 286 348 423 427 482
57 60 83 96 132 150 181 278 279 381
57 93 154 207 216 303 327 336 374 457
40 92 181 259 278 315 324 353 390 453
95 168 229 313 350 413 469 484 494 499
79 171 189 204 321 343 346 357 408 472
22 23 101 139 203 209 220 223 256 389
26 47 187 192 197 230 262 271 316 494
10 15 16 109 133 261 280 304 312 402
171 198 261 347 352 366 449 465 487 493
36 71 153 207 249 298 385 430 443 449
2 55 56 61 132 224 244 264 377 411
118 120 164 256 314 328 377 387 388 398
2 45 65 110 153 298 323 417 450 489
69 82 96 121 135 235 263 282 441 453
33 61 86 159 174 178 278 295 351 432
66 71 148 195 213 216 281 371 411 444
1 52 89 101 155 250 274 295 427 450 479
37 48 100 106 112 193 220 254 268 381 486
13 15 137 157 219 250 258 269 274 403 482
5 113 144 236 243 307 336 345 391 419 445
23 29 32 117 149 239 301 311 354 424 498
7 18 51 105 106 138 237 282 362 478 499
55 86 88 89 118 172 181 210 221 408 428
4 19 47 48 247 255 303 383 466 474 495
22 36 95 176 184 191 233 269 296 391 402
53 98 152 154 182 189 232 289 294 310 384
90 96 106 130 241 275 283 305 325 426 481
88 141 304 323 332 355 391 439 441 474 487
1 21 57 136 159 201 212 243 248 341 470
33 86 141 170 321 332 410 418 426 428 472
6 7 134 152 219 237 246 272 334 433 495
18 98 146 227 248 303 322 383 386 410 478
108 128 230 320 355 367 369 390 415 439 495
27 54 69 123 124 138 230 233 300 370 473
39 66 112 136 155 206 252 290 312 361 433
72 118 151 182 254 281 285 291 324 366 471
30 137 212 220 225 229 244 297 330 350 427
24 73 116 137 208 266 272 290 304 344 442
6 126 166 168 202 299 339 355 378 417 466
27 34 65 232 310 389 390 401 436 443 491
23 41 91 94 170 174 182 265 378 392 464
15 74 119 140 207 235 255 343 349 414 476
51 66 175 243 264 275 281 316 319 372 426
3 50 115 122 128 132 194 285 342 402 423
24 26 55 82 84 134 217 306 338 380 481
11 12 13 26 60 86 152 261 285 394 399
21 44 97 106 131 184 204 301 332 364 498
3 50 71 102 149 281 319 323 334 476 487
57 105 127 194 229 267 273 299 309 436 483
35 50 54 134 140 312 329 336 423 482 491
47 87 146 197 237 291 297 374 401 407 441
151 164 181 295 317 343 384 399 416 439 462
51 119 134 162 163 188 265 394 443 448 460
15 67 79 150 223 290 308 354 363 379 477
10 11 29 113 143 187 223 248 358 376 495
175 176 217 274 345 382 396 406 449 471 495
147 161 190 247 254 263 300 358 457 458 488
122 201 206 264 310 333 342 349 409 445 490
46 109 118 135 186 201 205 257 269 359 484
58 112 160 222 272 276 293 305 326 390 436
39 46 50 62 79 82 268 279 303 305 457
23 29 52 144 185 191 196 220 254 367 377
6 8 74 83 173 200 278 344 362 403 452
27 43 50 52 98 237 238 256 282 290 364
38 42 101 131 170 244 264 286 316 325 416
38 87 111 193 259 275 307 377 412 460 492
37 48 52 58 96 97 108 204 208 375 413
45 70 195 202 220 224 225 266 295 438 446
83 130 170 171 302 328 341 407 422 478 494
0 6 32 48 150 193 261 314 328 449 455
13 103 240 256 276 293 299 382 408 411 477
97 108 169 184 190 198 322 335 404 429 457
10 61 84 104 152 253 307 321 325 420 439
46 202 278 290 346 350 413 414 458 475 478
60 156 187 203 259 275 309 372 418 478 491
27 63 70 83 88 99 156 221 288 289 427
16 44 90 101 142 153 171 298 382 437 459
38 39 42 74 114 191 267 327 355 438 461
62 85 95 104 202 203 347 439 443 462 474
33 56 68 109 134 142 162 204 233 280 380
3 27 29 34 61 96 99 120 163 196 446
8 50 54 118 226 250 262 342 476 485 490
3 4 39 57 102 188 248 271 389 471 482
22 82 89 131 224 363 383 421 429 470 482
34 68 71 113 122 151 340 364 398 416 436
30 116 159 169 198 215 230 347 355 380 425
41 43 160 217 343 365 410 416 423 433 452
40 61 64 65 126 148 155 299 318 346 451
3 61 67 100 193 230 245 317 319 427 463
153 173 191 215 271 286 363 415 429 452 473
32 67 119 209 221 325 335 366 372 433 445
15 44 61 74 197 255 329 354 388 443 490
28 57 71 93 172 208 262 301 304 321 448
2 102 133 199 209 217 219 265 331 366 469
87 105 119 159 182 205 234 324 326 339 499
57 76 124 153 191 267 291 435 455 477 495
0 29 42 81 126 287 291 321 361 376 428
75 100 115 145 199 330 345 372 439 452 467
5 147 159 193 313 349 355 401 409 426 429
24 43 73 85 93 97 191 228 320 363 414
49 50 235 236 241 254 270 363 365 433 446
12 33 39 128 270 317 355 396 415 485 493
67 86 91 123 182 225 240 248 303 332 491
142 162 222 223 341 386 387 403 410 463 489
44 69 134 152 236 252 320 369 378 416 469
13 73 103 184 239 277 375 407 447 476 490
57 75 236 250 308 363 370 389 461 484 496
10 64 78 111 204 290 339 391 404 458 473
1 46 48 175 215 271 303 313 334 344 359
43 71 96 98 120 152 155 195 199 408 489
87 90 207 218 283 287 362 363 372 431 459
50 210 272 328 374 412 419 449 455 466 475
6 62 198 199 276 319 349 356 421 447 475
16 126 127 165 241 250 274 304 325 345 356
5 21 62 98 144 154 189 227 324 393 453
126 135 143 163 193 220 230 267 369 400 427
25 57 74 186 303 315 327 365 413 434 466
82 96 111 120 147 341 349 365 374 415 472
47 77 118 127 240 258 260 263 305 370 373
17 84 95 131 135 171 208 297 317 403 499
26 40 69 210 259 289 304 363 385 472 479
36 43 176 178 330 365 367 382 399 423 494
62 128 131 162 170 196 205 214 268 320 441
81 88 186 207 212 218 243 262 360 405 492
56 63 82 123 159 164 182 226 257 308 367
7 54 102 152 193 217 281 333 335 457 464
66 157 193 234 253 267 268 300 366 425 474
12 30 186 249 259 329 341 395 430 440 497
51 68 86 174 254 289 304 307 328 342 428
44 59 93 95 130 372 378 379 416 423 431
14 78 96 135 169 206 248 308 331 336 413
30 32 88 145 195 207 224 248 348 352 497
21 56 61 65 148 211 247 388 420 426 447
53 55 65 140 183 200 201 227 311 321 383
196 308 326 338 397 400 408 454 466 475 481
30 57 80 141 164 175 219 311 314 350 400
8 13 76 97 110 114 179 338 350 360 432 446
1 57 227 229 269 273 301 331 361 389 434 498
8 85 197 204 218 220 247 258 289 415 454 468
28 239 275 277 287 314 328 333 356 371 461 475
29 49 58 91 95 183 195 229 231 277 285 432
15 59 91 201 227 259 274 295 359 372 424 479
5 17 41 73 137 172 192 377 401 434 470 475
40 64 94 118 199 293 370 409 415 422 430 479
15 52 73 125 190 256 266 323 384 428 467 486
16 107 141 172 187 204 277 320 321 324 335 442
58 124 142 144 146 241 303 371 402 446 450 482
24 31 41 72 116 126 169 229 261 265 315 478
18 54 107 237 240 274 317 322 327 391 422 471
27 209 228 234 236 237 267 323 335 408 411 446
8 39 129 149 210 225 276 286 338 372 396 494
38 82 122 149 157 159 194 214 223 258 372 484
113 178 253 273 287 307 326 359 379 406 419 484
26 65 91 108 198 236 273 274 289 329 373 379
30 91 114 159 162 263 301 304 341 371 420 434
46 122 123 167 224 228 255 273 297 344 352 479
1 58 86 183 211 407 421 430 435 457 488 490
21 35 110 117 186 195 267 348 380 405 442 453
101 104 145 171 182 202 236 242 253 359 401 474
16 39 47 48 118 261 291 292 343 360 415 459
35 38 45 63 176 211 266 276 292 354 393 405
148 194 245 271 293 326 435 467 481 491 496 499
34 69 72 73 123 133 207 386 397 444 453 483
101 180 182 186 193 222 253 318 320 422 435 454
41 92 96 109 155 190 284 358 423 425 454 464
10 26 41 171 234 241 346 364 398 421 445 475
31 43 179 257 308 313 331 369 389 409 440 474
34 98 112 171 249 320 378 429 455 457 475 477
34 94 142 156 216 228 257 278 338 378 404 457
1 93 98 102 138 151 176 194 307 328 430 475
36 73 85 167 183 211 356 380 427 431 451 493
38 92 95 254 328 345 364 416 451 465 468 476
1 3 82 168 217 253 312 335 361 436 455 469
0 59 93 119 153 173 185 200 213 268 360 393
17 58 68 112 204 216 225 278 310 338 372 486
1 52 109 144 244 261 281 349 356 367 410 431
24 38 80 290 299 301 334 345 351 389 397 400
12 14 36 117 186 212 220 277 321 327 389 495
5 26 91 112 121 194 211 282 346 378 400 499
65 95 143 191 214 240 303 389 402 459 465 494
130 156 249 275 283 291 300 317 360 375 383 485
16 38 92 99 140 184 232 269 285 286 318 441
91 138 259 264 265 333 379 389 402 433 441 450
17 24 67 146 271 278 291 344 349 359 374 411
107 140 161 269 315 399 403 409 418 455 486 492
165 183 197 263 276 304 320 370 425 452 472 487
17 39 46 73 91 111 193 281 312 323 387 393
39 76 108 178 184 211 258 288 324 405 438 480
7 80 97 120 219 241 268 360 386 397 439 492
19 37 48 49 134 167 170 177 237 281 342 350
20 97 115 122 159 161 332 349 358 369 451 470
9 17 99 118 139 146 316 332 356 365 432 447
108 175 181 191 218 239 262 291 327 418 438 499
8 59 107 110 137 144 248 371 399 432 461 468
17 36 39 135 171 219 252 257 262 286 359 449
38 41 74 140 189 218 287 289 303 306 368 425
16 25 99 120 251 252 276 282 333 373 471 482
33 111 120 252 277 307 322 376 424 445 451 497
3 5 74 104 116 135 167 262 413 429 448 495
41 107 177 242 275 364 375 387 401 416 417 457
61 123 128 169 182 241 243 278 281 331 351 395
11 15 61 85 156 169 213 219 265 288 370 459
20 26 48 60 175 206 316 362 382 472 487 498
12 15 45 92 94 97 257 288 292 298 408 463
54 71 84 171 269 272 331 336 407 422 423 440
38 67 127 168 192 311 332 342 403 458 485 487
74 77 114 145 163 194 221 284 310 390 448 481
94 142 178 180 223 231 245 298 334 376 412 471
12 49 95 109 122 167 175 222 224 228 386 398
62 178 201 248 288 299 325 331 343 438 439 456
21 137 177 192 236 259 289 305 309 320 406 436
15 46 103 174 198 201 209 224 230 232 259 397
27 41 77 80 85 154 166 299 310 332 334 395
110 130 150 157 166 293 331 344 374 380 459 485
7 115 130 175 230 238 309 335 393 459 463 470
48 56 125 266 316 356 405 443 469 470 492 495
87 111 149 181 199 224 243 285 339 354 385 425
48 209 240 355 372 378 439 448 474 478 494 497
15 31 113 128 195 214 257 414 464 468 488 492
11 27 77 118 140 148 157 199 257 368 379 458
23 50 61 90 107 114 258 288 289 407 448 462
7 28 161 187 196 222 240 335 349 392 458 471
8 23 53 125 132 175 233 324 374 435 446 470
16 48 108 189 242 260 313 326 370 384 415 424
134 139 165 168 206 296 297 366 370 401 479 483
6 22 24 114 136 152 163 221 255 258 420 478
16 22 69 77 93 118 121 146 210 237 281 308
7 119 145 156 169 281 308 324 340 349 372 405
90 147 163 170 193 277 291 330 342 455 473 499
54 99 217 218 243 257 258 288 389 409 447 462
27 87 196 239 269 296 340 373 381 410 483 490
54 105 190 194 207 224 236 245 393 411 415 418
61 101 149 175 223 248 251 265 331 332 429 464
30 37 59 71 72 295 305 369 404 465 476 478
54 75 100 149 169 216 240 246 299 361 419 476
26 30 32 147 160 215 222 256 285 356 442 450
71 109 165 189 228 235 236 262 317 321 408 432
1 12 49 68 92 144 176 212 220 256 324 429
139 173 194 226 240 252 262 265 368 416 426 482
1 22 79 168 213 221 257 321 401 406 425 484
29 42 77 96 197 318 387 388 406 413 441 494
31 43 137 179 240 244 246 251 280 289 359 428
35 163 190 233 246 279 305 308 325 339 343 499
36 76 77 84 110 245 254 296 362 398 469 470
22 46 52 78 87 228 360 391 400 433 460 473
63 94 169 210 248 264 268 287 309 348 371 396
81 87 188 198 233 248 262 264 320 382 384 436
26 55 67 107 172 175 184 185 313 392 403 424
106 115 146 159 179 242 306 311 336 337 364 468
35 46 63 148 175 232 240 251 351 398 451 471
3 60 125 138 172 226 339 349 376 441 447 497
14 95 184 229 238 267 273 420 454 456 457 494
87 106 134 178 247 294 307 364 394 402 472 489
7 17 33 180 225 235 311 312 322 355 448 457
17 128 170 177 195 334 347 350 372 382 388 490
91 111 195 217 224 321 348 354 366 369 379 496
9 16 68 81 103 213 227 265 316 333 338 418 443
21 60 81 168 207 240 254 267 275 285 441 485 499
11 13 62 69 140 156 191 219 269 284 305 381 417
21 27 63 76 241 254 284 313 322 329 397 406 468
1 91 100 106 116 130 196 275 322 404 440 481 488
20 27 76 109 196 238 240 268 389 413 419 427 441
79 89 179 190 288 336 351 383 385 425 447 461 494
8 69 74 117 132 142 170 225 235 378 477 485 488
18 40 152 218 234 276 306 399 415 425 440 491 499
89 91 104 114 176 190 204 219 222 227 291 326 452
19 54 78 150 155 177 283 400 414 420 432 451 496
10 39 71 82 189 308 335 341 374 385 412 436 466
2 13 15 254 261 292 293 299 351 429 443 453 486
42 54 73 84 106 150 185 187 205 271 277 464 471
80 100 106 122 144 181 265 313 343 387 446 457 479
22 123 136 158 194 209 249 289 308 351 365 409 426
140 168 260 268 276 288 292 301 312 341 389 418 463
25 27 70 84 118 127 163 266 331 340 377 379 469
8 36 88 109 136 140 141 216 294 379 443 474 484
11 33 64 79 98 111 171 183 231 257 442 455 464
7 97 179 182 196 251 305 344 356 381 382 403 494
53 75 172 241 281 297 308 349 383 432 444 464 470
17 155 175 219 232 267 278 282 349 356 357 391 476
92 97 98 123 147 180 209 267 340 425 471 476 495
0 76 173 192 194 227 243 289 359 363 449 462 499
13 31 78 129 136 228 278 292 302 318 354 366 465
7 117 175 225 226 339 361 379 401 406 441 443 465
17 43 71 103 119 147 161 184 190 239 250 345 468
3 20 74 117 135 140 341 343 344 353 380 438 458
11 64 123 129 140 147 196 225 250 408 416 471 487
11 17 75 93 94 184 194 241 242 286 294 314 455
15 48 213 219 225 230 285 295 316 346 364 452 469
44 52 62 78 98 107 247 288 300 323 350 448 454
35 76 167 253 258 278 354 384 455 478 488 489 494
11 62 66 91 169 177 188 232 296 303 357 468 479
48 65 101 103 229 255 332 333 359 380 381 396 410
4 35 49 186 187 221 277 279 311 337 386 394 436
5 37 120 168 238 240 281 344 353 382 401 412 472
18 29 88 124 169 177 201 246 270 395 397 416 442
1 6 147 239 274 289 326 385 386 399 473 476 483
50 72 114 135 141 153 213 250 254 256 281 342 404
47 48 98 125 139 142 181 187 253 278 284 321 487
3 36 127 161 165 202 272 278 283 318 320 374 416
15 85 87 144 167 186 264 282 369 371 421 465 495
89 174 177 197 199 202 237 263 308 384 409 471 484
17 23 39 46 48 132 190 203 319 321 344 362 448
0 11 49 66 130 135 158 208 264 301 423 457 477
69 82 90 107 109 119 228 248 264 436 482 483 493
127 144 162 187 205 234 253 306 308 357 417 427 474
9 24 39 61 163 182 194 203 226 263 291 356 478
56 68 105 169 177 190 195 208 262 306 337 353 384
17 86 142 148 176 264 403 404 449 452 474 478 481
6 37 51 161 176 279 299 352 359 364 387 403 491
48 87 90 168 218 239 247 251 253 338 369 397 446
64 212 228 241 271 279 360 367 383 386 388 475 493
26 130 136 155 165 186 205 249 310 374 382 420 456
30 95 100 159 181 197 224 243 284 365 405 434 456
6 57 59 60 159 186 266 272 280 302 323 428 440
41 67 141 260 265 266 303 315 340 351 443 482 495
68 78 109 176 185 190 249 293 347 371 416 437 448
14 19 47 115 130 149 291 300 350 390 440 458 490
51 86 115 161 220 231 247 282 309 310 326 364 376
89 121 159 161 172 206 233 325 328 337 353 425 481
60 87 102 173 178 257 281 283 318 369 430 464 486
7 82 83 151 161 272 314 340 406 422 434 442 490
11 58 76 106 169 211 212 314 321 339 424 443 489
49 57 89 103 143 172 238 242 288 289 311 342 444
17 28 63 90 93 129 136 166 387 416 443 485 488
48 213 231 244 247 305 312 322 383 391 395 401 426
18 33 40 50 63 67 76 92 103 145 189 205 226
48 79 100 107 111 118 128 322 333 353 435 442 461
15 60 98 151 172 201 211 230 310 317 348 406 434
31 55 65 112 176 187 190 233 239 276 315 334 479
40 67 84 104 110 173 210 213 275 326 355 374 492
48 52 125 195 208 237 242 253 326 421 451 461 474
42 47 83 126 142 145 317 336 395 430 444 477 486
17 29 41 76 78 83 85 154 221 342 393 395 439
40 73 77 104 122 150 249 365 387 421 453 459 467
68 105 148 149 168 197 231 238 296 299 322 382 399
6 12 99 108 110 186 254 279 301 330 411 452 479
56 89 118 152 157 163 179 190 231 250 331 365 466
13 98 154 199 205 252 266 276 357 401 451 459 480
9 48 138 156 170 240 273 359 376 382 395 406 439
15 20 73 135 143 149 168 245 246 263 277 351 438
89 95 96 113 124 167 185 208 316 336 341 367 421
66 166 197 210 239 261 295 297 311 349 390 413 422
76 78 142 191 205 210 238 288 294 310 337 416 463
86 90 100 160 164 252 254 318 348 366 377 431 434
3 49 53 106 226 230 275 287 317 338 437 458 498
46 110 117 132 163 220 228 336 343 383 386 428 456
2 5 16 46 157 194 207 247 330 356 365 379 441
5 36 106 191 225 230 284 304 324 326 358 400 480
61 99 101 124 131 187 239 293 304 396 413 433 463
17 41 44 107 134 143 259 308 352 362 363 409 481
20 187 227 229 240 242 256 292 293 385 398 441 494
1 34 40 131 135 155 161 211 227 317 337 395 420
2 79 109 143 148 150 275 280 367 402 420 450 460
49 75 123 199 235 250 278 340 350 356 392 444 458
60 167 170 209 242 271 321 331 405 407 470 474 484
1 6 76 99 115 155 193 202 241 348 351 396 471
1 33 35 72 115 154 279 281 331 350 372 404 499
38 45 76 98 121 128 153 203 223 314 335 359 386
40 48 118 202 225 243 284 302 319 324 387 451 467
20 44 47 72 138 166 192 222 230 290 390 395 490
18 27 36 55 120 250 271 294 307 338 367 395 425
2 11 77 124 150 156 157 249 269 282 367 383 459
10 15 21 42 92 146 378 404 415 443 467 472 493
37 71 130 160 226 233 269 290 327 395 419 453 484
87 118 131 195 351 354 358 366 415 447 469 476 481
25 38 58 59 107 113 137 155 215 432 440 451 493
71 80 113 115 136 217 226 283 349 379 438 449 485
26 86 116 127 132 277 327 389 429 433 446 461 464
18 79 128 139 166 219 309 330 332 351 394 462 496
8 17 55 143 150 173 182 209 245 330 379 411 482
11 45 104 126 167 262 311 326 374 383 427 438 495
22 45 66 70 145 220 230 285 298 393 408 498 499
2 15 81 89 123 124 287 319 356 361 364 384 404
8 95 178 209 267 290 301 314 348 390 432 434 435
40 44 85 184 199 230 250 315 323 343 363 435 476
121 166 192 199 209 221 231 237 239 269 341 400 436
32 47 65 150 157 166 205 209 243 254 263 286 326 340
0 70 130 147 158 189 284 301 310 320 331 355 409 467
7 22 26 129 165 191 194 239 256 370 397 433 450 478
70 78 150 160 165 204 226 232 290 319 392 402 403 439
25 73 82 92 133 135 165 242 245 305 344 385 407 437
11 61 106 109 114 167 208 232 275 293 329 332 347 434
16 43 45 55 200 252 268 296 318 373 406 419 481 493
7 25 27 59 92 120 134 237 239 243 366 404 409 487
29 63 68 99 107 184 186 211 215 220 240 248 416 465
20 32 39 40 47 63 93 97 149 208 219 260 343 469
31 52 92 94 100 173 181 214 235 239 271 298 310 366
16 26 45 84 95 147 160 246 285 309 338 380 385 468
55 73 152 155 179 187 235 243 252 281 286 412 422 470
52 59 157 217 323 342 356 368 384 386 445 450 461 471
59 85 146 167 172 241 250 308 327 333 368 389 409 428
43 63 90 101 105 108 143 198 291 299 304 380 386 464
32 40 92 111 143 166 218 269 275 313 345 351 396 441
141 180 236 244 259 267 271 296 341 347 388 428 473 474
15 135 169 232 245 281 301 319 362 392 424 428 446 498
45 133 185 187 193 316 319 320 375 384 399 400 416 499
5 20 45 116 124 156 214 262 269 293 409 442 459 471
10 111 120 125 163 198 227 235 344 374 382 424 471 474
44 136 173 242 252 263 290 304 349 351 352 388 452 493
60 115 123 143 151 158 212 221 274 309 354 360 445 455
36 46 113 151 166 183 247 267 323 347 393 415 443 465
5 33 45 56 127 145 203 209 251 272 298 307 374 469
17 19 48 69 89 102 114 250 336 389 395 421 426 471
25 49 80 93 199 219 353 358 370 372 426 435 482 486
10 22 128 133 134 197 231 240 244 309 323 340 353 493
34 49 125 173 188 192 234 242 244 324 332 350 403 430
4 9 33 71 96 125 179 186 198 305 309 404 416 493
5 27 34 40 46 122 139 148 248 303 329 347 410 432
16 213 237 290 338 357 389 412 415 417 446 452 464 474
67 95 103 105 157 176 279 312 396 401 410 412 417 495
24 37 48 63 98 102 208 217 257 275 302 367 451 477
4 19 40 51 137 141 174 199 230 257 284 412 421 444
31 87 109 157 205 252 278 328 363 372 399 430 454 457
45 68 81 89 164 174 193 229 269 306 368 414 448 491
81 132 154 236 285 293 305 307 332 372 391 415 433 463
60 152 183 199 243 268 286 328 377 388 411 440 451 494
28 77 106 124 135 150 184 216 334 368 377 387 394 439
65 81 118 221 244 265 306 308 316 328 380 416 418 448
108 167 171 227 261 271 317 339 342 345 376 430 436 494
13 120 200 206 231 263 267 274 318 339 369 376 413 499
2 62 85 133 136 145 194 241 282 292 347 367 395 432
24 42 50 75 82 110 113 244 319 331 355 433 446 475
84 111 121 188 207 231 247 258 303 347 372 442 472 480
50 153 180 206 248 292 305 405 410 441 448 457 458 476
29 39 60 63 134 179 198 255 259 278 316 413 451 462
6 36 140 161 186 225 233 270 274 282 293 297 332 385
88 108 113 141 162 240 334 335 359 368 393 436 483 488
11 60 99 124 132 147 216 257 260 342 366 400 421 428
7 28 48 84 211 218 276 281 293 339 378 414 435 494
7 110 146 153 207 236 239 275 300 388 394 406 419 490
62 67 79 90 137 228 264 289 334 384 405 464 478 493
1 32 53 86 90 121 140 188 228 345 360 383 478 497
43 66 102 152 201 203 277 300 301 355 360 385 465 498
49 99 112 182 219 225 226 258 260 270 300 368 389 450
5 16 20 105 122 123 220 270 360 379 425 460 461 473
32 68 156 165 233 245 272 286 394 415 423 427 429 476
7 54 74 82 88 146 214 252 258 261 302 345 395 495
2 7 8 72 86 105 124 149 270 305 326 378 447 473
11 24 40 60 99 166 283 293 310 319 372 418 453 493
34 82 83 101 109 123 140 189 238 243 330 351 355 460
33 41 53 54 203 257 286 298 339 349 357 455 486 498
24 52 144 212 266 277 304 329 338 375 384 385 467 482
42 55 57 77 100 131 133 159 174 207 208 357 468 488
82 132 157 187 189 196 253 289 317 358 412 438 483 485
33 98 117 124 137 147 171 191 201 256 293 325 430 486
36 58 83 85 93 96 211 227 328 357 359 426 496 499
41 130 150 165 179 186 188 200 208 237 248 308 363 402
59 60 87 114 148 276 302 381 424 454 459 465 469 498
121 141 171 192 267 291 305 349 363 369 376 395 413 489
6 66 73 148 169 193 197 220 271 285 390 422 441 499
0 70 122 133 171 188 194 196 219 286 290 300 304 358
14 22 60 157 161 242 244 336 381 402 450 451 453 498
7 40 126 142 166 183 207 238 278 305 350 403 416 430
45 55 78 136 144 149 215 232 253 324 362 371 399 456
58 109 160 171 211 291 294 295 324 394 401 404 426 443
24 28 41 42 45 46 72 126 137 144 247 324 344 379
22 56 65 108 122 163 207 324 339 363 381 427 451 453
10 85 94 113 146 156 161 220 265 341 369 405 451 487
19 49 85 165 212 217 231 270 287 326 353 383 384 442
92 138 164 214 262 268 278 318 347 358 420 437 440 486
35 44 60 75 168 229 275 280 371 377 416 475 484 485
41 135 182 202 206 229 249 264 276 288 296 347 389 436
41 69 76 198 292 312 325 386 424 441 448 462 479 489
53 94 157 175 287 310 398 423 427 444 449 464 465 481
117 142 244 258 273 281 282 320 349 381 427 474 477 485
9 37 40 60 76 100 108 115 127 178 232 305 406 470
7 25 153 192 218 278 292 296 350 382 418 469 484 497
26 101 173 207 235 238 239 258 293 330 340 347 455 493
1 13 49 54 61 101 122 156 186 234 238 288 322 470
3 69 125 166 172 175 197 210 211 256 358 419 429 445
2 35 64 88 90 192 197 265 272 330 352 372 424 453
68 71 118 126 140 211 396 417 421 435 450 454 482 499
15 30 38 140 149 161 208 251 346 357 410 445 457 473
37 71 78 95 231 268 303 345 381 414 424 449 459 475
5 70 95 118 138 152 177 183 290 291 320 405 459 467
11 13 21 39 65 186 209 227 251 301 312 327 403 438
11 44 51 117 145 179 291 343 371 379 394 426 438 465 494
3 14 19 49 81 113 163 212 240 309 310 353 420 446 484
10 24 65 92 99 149 189 203 226 253 331 431 464 469 472
39 107 138 164 189 190 219 248 331 333 378 399 441 448 454
15 104 105 107 129 191 201 243 275 331 346 407 434 471 474
40 53 58 89 103 147 149 161 204 214 274 289 318 358 420
10 92 112 116 145 160 279 284 302 340 362 363 374 414 472
79 109 130 163 170 242 249 250 257 307 314 320 479 484 488
14 31 33 54 96 137 140 145 162 193 231 247 337 456 491
51 183 184 188 197 243 247 299 328 336 357 402 428 473 484
1 5 40 70 75 91 138 154 197 251 279 331 370 382 448
3 11 27 126 185 188 197 216 223 277 282 380 405 443 486
3 17 18 50 82 102 116 141 179 200 217 223 292 375 479
10 92 212 219 229 240 253 269 270 274 313 380 381 445 446
5 95 118 146 191 207 241 252 290 301 317 355 439 450 479
1 67 140 146 173 210 218 230 259 300 307 323 327 436 470
28 43 191 244 248 251 267 268 275 317 395 398 411 467 481
12 104 164 169 184 195 209 223 262 289 334 337 403 446 491
38 43 44 80 90 105 115 141 233 269 305 383 393 408 494
148 149 151 186 189 253 278 286 290 331 341 363 365 383 480
26 28 41 53 58 150 179 193 206 233 270 294 383 388 390
19 29 53 138 212 217 303 387 411 427 435 442 462 474 476
0 68 94 122 148 216 242 280 287 310 346 351 379 416 488
83 129 144 151 153 155 181 221 250 356 372 417 426 434 446
24 43 107 167 267 282 286 300 310 320 359 360 412 424 456
4 17 46 103 130 135 165 182 234 331 335 345 432 471 478
21 192 225 238 241 254 272 277 376 386 403 408 426 431 432
4 100 103 108 129 151 172 186 222 252 360 419 422 453 489
10 28 46 49 127 141 215 256 283 303 317 369 418 495 498
24 42 56 72 86 97 103 116 119 285 343 366 397 414 435
31 62 63 103 127 209 246 273 302 309 327 403 440 462 491
13 30 32 46 68 102 160 229 231 240 264 346 448 460 497
20 84 87 88 136 239 255 259 275 302 304 362 424 483 491
33 54 63 72 83 129 131 218 362 373 375 381 420 440 495
43 44 119 126 130 146 171 228 233 277 359 398 457 462 498
14 33 45 68 96 158 170 185 188 190 243 331 347 443 466
35 78 83 118 150 158 246 259 298 321 351 397 406 414 416
27 54 92 173 178 284 289 305 340 368 375 379 399 412 435
54 127 170 198 219 249 289 292 336 344 422 437 472 474 496
33 40 98 171 179 238 246 249 267 294 315 356 372 441 457
26 39 64 147 152 173 215 345 367 409 421 464 469 475 494
4 72 97 113 137 155 180 200 229 230 344 367 448 468 490
61 93 129 199 203 279 345 368 372 389 413 422 457 458 493
10 13 14 27 42 76 162 169 203 233 257 368 402 425 491
95 109 128 132 166 230 237 272 294 326 350 361 385 418 472
29 57 62 63 64 84 132 189 226 262 375 384 385 392 476
47 89 119 174 213 284 289 294 314 330 332 352 472 490 491
25 56 169 174 226 238 252 283 311 336 360 413 419 424 434
60 104 142 143 144 219 229 274 288 327 329 354 450 480 496
19 46 90 140 226 262 357 368 382 383 418 423 462 477 499
58 139 163 182 195 225 245 247 258 262 278 292 379 412 416
36 51 99 138 158 219 224 255 293 386 389 426 430 433 488
8 20 52 60 70 88 105 117 187 235 291 338 383 408 409
59 81 107 114 123 251 332 352 379 386 430 436 454 461 494
16 35 37 48 56 80 90 143 160 178 212 326 395 449 497
12 54 61 174 209 215 216 257 273 351 385 428 463 474 487
12 44 56 117 189 221 234 235 279 282 304 329 377 411 490
15 30 54 116 139 240 252 259 333 342 365 426 485 495 499
1 2 7 55 76 190 292 293 305 321 388 425 428 452 454
6 74 92 120 155 178 192 203 226 232 254 271 321 431 476
35 45 53 55 103 107 121 138 158 174 210 289 347 435 498
26 73 97 213 223 231 281 309 318 350 361 389 402 447 450
0 49 130 188 193 273 282 298 314 335 342 366 390 443 467
5 11 97 216 236 294 335 359 362 402 409 415 429 453 471
14 56 117 163 164 316 323 336 349 367 399 416 429 463 472
51 124 223 226 266 267 270 319 337 338 349 359 385 393 449
11 21 43 64 69 82 146 240 258 259 324 354 374 401 441
1 99 100 137 161 165 239 249 250 272 302 346 348 396 475
33 48 68 90 204 215 235 244 339 414 435 436 474 486 493
0 47 53 57 169 194 211 270 292 305 320 324 348 362 440
7 52 86 91 99 173 189 196 202 206 286 296 417 418 474
1 25 46 53 58 61 63 144 177 297 315 400 420 422 468
70 109 117 183 241 264 273 280 281 284 304 317 355 361 406
2 38 44 48 53 89 181 200 201 208 249 255 301 312 383
17 32 42 90 97 131 200 218 224 226 232 287 373 476 496
69 100 112 120 134 240 269 324 325 351 385 454 459 464 498
22 118 185 192 203 219 268 283 291 305 313 341 409 465 496
77 84 97 128 144 162 179 192 253 328 406 421 424 458 493
24 29 57 87 209 213 256 310 322 349 401 408 409 419 462
107 158 189 190 209 211 278 282 339 377 405 427 467 488 492
39 47 90 96 149 179 212 232 301 340 347 383 423 453 498
36 39 107 119 141 148 243 261 271 302 305 368 448 456 474
51 69 85 171 178 184 192 225 235 251 267 298 306 444 460
46 59 78 125 152 168 214 262 292 377 384 407 431 477 497
26 93 137 153 258 262 277 282 287 320 336 406 447 452 481
45 54 111 140 177 213 256 304 343 364 367 381 398 429 434
27 38 56 69 174 203 247 297 309 316 345 351 366 435 449
52 79 87 102 103 109 190 333 350 356 417 428 454 467 485
0 25 71 109 117 130 171 183 205 215 217 295 345 399 448
56 82 86 88 101 126 141 175 188 360 369 370 412 428 434
3 48 67 74 115 157 167 183 229 253 340 356 361 437 459
2 24 35 76 115 178 179 194 217 299 377 408 412 421 428
52 95 136 148 158 172 254 265 269 344 364 371 376 425 470
15 63 116 121 164 195 198 243 256 282 296 318 391 398 453
97 112 119 164 201 202 210 277 317 332 431 438 465 486 490
17 38 72 78 121 164 172 173 193 224 238 249 257 323 497
29 62 74 139 171 177 216 302 315 347 350 371 389 414 479
48 51 53 98 145 166 203 235 242 286 320 325 368 408 410
49 50 113 131 173 220 295 300 310 328 337 349 391 469 497
90 169 186 202 211 262 266 287 309 337 345 346 382 412 461
112 113 192 209 217 219 221 226 229 240 250 274 304 423 437 447
91 96 99 177 185 223 225 239 243 267 268 296 303 347 454 495
25 61 105 126 127 173 193 256 276 308 350 354 414 479 481 492
85 101 115 184 227 230 270 284 311 328 350 368 415 463 481 495
8 17 42 49 69 80 141 153 182 200 226 232 262 276 282 323
64 85 104 180 242 255 259 277 350 362 363 388 403 419 439 497
26 38 39 41 104 129 170 231 259 317 319 320 342 344 472 481
8 54 79 85 97 177 228 249 261 315 351 355 433 434 479 493
40 44 85 124 125 128 160 203 218 329 393 432 435 439 443 449
30 63 74 95 160 168 172 227 241 253 294 310 317 347 409 438
2 54 65 126 199 202 231 261 286 334 359 361 386 406 415 459
34 40 43 46 125 131 134 210 224 243 248 304 330 375 449 481
51 63 104 144 146 187 198 235 255 324 358 363 365 428 455 480
0 54 63 70 103 114 151 193 219 226 245 248 351 367 414 497
65 87 116 119 137 178 183 216 224 250 263 267 309 391 401 452
1 49 51 84 146 179 183 231 262 348 355 406 412 422 423 474
71 114 200 211 213 289 318 337 345 367 375 384 395 417 431 486
14 39 60 66 111 144 174 182 203 212 274 349 404 407 436 471
4 21 37 108 127 195 229 234 265 305 326 344 404 457 468 480
46 101 102 130 132 159 180 185 188 273 308 346 404 460 490 495
17 64 69 120 142 162 193 218 287 376 406 409 423 433 450 460
57 66 117 177 194 207 218 223 248 295 330 351 354 404 412 456
6 24 71 144 171 173 174 194 201 217 333 347 422 436 454 495
33 38 65 77 113 128 137 141 200 204 233 259 264 371 427 474
35 40 53 179 189 227 244 334 393 435 439 462 464 470 482 491
14 31 80 163 195 228 267 285 294 307 358 413 443 448 465 492
33 47 108 158 195 214 252 288 349 351 394 430 435 436 464 475
23 65 69 110 137 152 164 211 246 252 317 318 396 423 444 467
62 99 193 200 204 205 241 283 304 311 326 395 402 450 480 483
31 45 48 58 133 140 173 256 269 314 324 394 404 413 447 466
3 61 62 70 102 140 163 182 187 261 269 275 289 318 381 384
114 157 161 175 180 206 216 228 255 261 273 347 378 419 433 464
1 31 181 189 201 206 212 221 296 304 330 396 437 438 462 490
8 10 61 74 91 99 110 154 271 272 310 321 418 424 472 478
60 70 102 112 149 171 204 209 271 274 293 296 328 333 377 492
6 22 54 75 108 155 156 169 233 321 349 375 384 461 463 492
0 49 71 119 123 187 189 205 209 228 319 367 405 414 449 457
93 115 118 176 179 184 218 232 233 247 353 358 392 433 435 444
65 95 144 169 177 266 286 356 378 381 389 407 448 464 477 496
80 103 110 120 187 232 240 241 252 342 360 378 403 416 437 460
11 15 63 67 116 200 240 251 263 325 326 340 387 408 421 471
15 19 38 79 306 328 338 346 377 408 419 423 425 458 482 494
10 38 39 62 74 106 126 145 206 260 284 322 327 344 369 484
0 56 79 101 157 203 247 268 294 301 348 406 413 428 431 476
34 36 46 123 124 138 185 219 220 245 298 315 335 358 463 476
113 149 193 255 272 292 294 312 314 320 339 348 379 401 412 426
43 51 189 206 219 241 243 245 279 283 297 305 326 385 475 495
10 19 57 82 108 118 123 161 236 317 336 343 371 383 392 415
4 41 64 87 136 232 267 312 343 364 367 381 382 383 400 476
2 13 20 93 119 125 169 206 243 258 366 373 389 444 475 488
14 25 41 59 129 166 188 197 313 353 396 439 441 469 471 494
4 18 24 128 139 169 207 235 247 291 299 300 310 403 434 479
55 125 145 153 155 159 169 185 304 318 319 326 359 412 458 481
0 9 24 36 50 98 131 142 154 174 201 209 325 418 421 427
10 46 126 130 136 152 175 203 235 246 348 404 405 423 475 485
10 96 118 127 133 142 257 309 313 324 339 352 355 371 426 481
39 56 60 71 124 148 178 186 243 315 330 370 378 454 476 486
6 32 56 106 115 150 161 239 240 254 260 269 350 401 429 430
8 44 67 69 122 128 161 231 242 266 275 335 393 394 476 493
21 60 94 124 133 154 278 302 312 370 376 394 411 420 463 495
26 71 108 153 180 234 253 274 279 287 288 319 338 388 444 463
7 85 110 113 149 188 190 255 310 314 322 325 350 408 412 496
2 10 152 197 207 221 251 254 296 305 367 407 417 424 439 475
38 52 58 69 96 262 297 300 303 311 351 402 433 445 452 488
24 58 90 183 200 212 241 249 294 305 338 397 417 457 472 481
14 74 165 175 183 187 204 211 252 276 282 384 435 441 461 471
7 8 25 111 114 136 139 147 161 224 250 255 299 310 359 437
21 34 41 157 162 178 249 271 319 358 374 412 443 453 464 498
8 11 34 43 51 70 73 128 185 221 279 289 295 341 433 488
18 40 50 106 115 139 167 188 248 293 336 357 360 404 433 450
83 90 101 115 152 207 222 340 356 360 383 420 426 433 466 491
7 18 34 73 117 131 216 223 231 291 352 357 404 431 440 488
22 30 33 43 46 62 92 173 244 247 257 258 313 342 348 375
58 92 182 183 184 250 274 319 327 363 392 393 406 412 460 462
7 15 16 20 121 141 153 157 174 181 216 283 311 358 371 388
13 57 82 155 187 209 261 274 296 308 362 368 375 388 440 484
1 41 55 108 167 263 317 321 324 339 420 422 425 450 458 465
14 33 52 103 115 157 212 224 237 253 276 321 326 388 393 410
27 32 66 80 102 141 153 154 218 225 288 293 312 379 441 489
3 89 117 180 193 251 304 335 353 371 393 404 411 423 446 465
8 11 49 86 199 200 208 276 312 337 402 408 437 450 454 459
21 23 45 105 129 138 180 290 303 423 426 438 442 444 470 499
46 92 105 118 130 231 258 277 282 286 302 323 363 428 437 485
3 18 89 103 179 210 247 250 252 283 315 325 339 403 426 490
12 31 37 239 266 343 345 374 377 393 430 465 477 478 487 490
3 9 59 68 89 112 125 140 205 240 315 339 340 382 408 422
2 23 37 76 121 156 170 203 224 272 314 394 395 420 443 444
6 11 18 28 102 111 120 124 137 174 190 204 241 303 325 343
38 54 153 157 176 192 203 212 214 220 226 261 282 345 441 462
0 30 73 103 120 123 192 249 354 386 388 391 396 428 455 479
6 23 40 66 126 146 178 200 202 218 296 314 378 397 425 442
41 56 64 101 167 186 213 244 266 366 380 416 434 439 469 498
42 50 56 89 119 122 185 192 195 251 277 320 351 426 455 471
104 134 137 145 158 162 230 280 315 332 390 415 434 454 469 490
1 51 58 81 108 185 186 242 323 342 353 363 373 388 410 419
2 14 18 21 71 82 88 109 133 269 285 286 299 348 389 393
123 125 128 176 179 191 192 264 300 347 377 384 387 421 461 464
23 92 97 112 138 160 256 268 285 288 302 318 326 360 407 481
12 95 105 127 150 204 225 246 296 336 367 369 374 377 459 495
0 32 34 37 96 112 124 157 169 187 197 212 388 412 444 494
20 105 119 128 146 196 214 235 253 306 377 390 410 441 444 490 495
12 14 24 49 57 90 104 136 228 230 254 270 274 308 345 420 462
72 175 238 261 264 279 284 332 383 398 400 417 424 444 477 478 484
51 77 114 118 144 171 223 244 286 328 360 389 445 450 477 478 494
16 74 107 121 143 146 157 173 219 265 273 275 282 293 307 324 476
4 56 122 123 167 168 222 269 276 281 311 327 332 393 399 458 482
43 60 83 129 142 175 249 299 323 360 371 429 432 465 481 491 499
38 59 86 96 126 224 230 231 254 271 274 292 306 313 316 381 426
67 75 138 186 206 252 262 271 275 281 305 322 360 398 439 445 458
19 27 47 51 124 140 153 184 196 219 238 275 395 424 447 469 481
40 56 78 102 118 123 141 146 190 221 249 257 288 347 434 476 486
10 14 62 71 75 111 137 212 321 357 360 369 381 407 451 464 477
6 10 23 58 80 150 154 231 237 285 291 305 364 406 410 467 468
102 143 179 187 236 250 274 280 285 293 326 333 350 394 402 405 474
16 40 102 183 188 212 224 231 261 276 292 348 390 403 421 457 492
13 131 140 180 203 235 256 289 342 347 382 439 451 452 455 463 471
0 1 126 132 138 174 197 204 217 251 275 308 327 369 370 433 467
45 92 190 202 223 229 232 241 279 280 309 352 363 395 397 454 492
4 22 35 66 89 116 119 158 208 219 240 323 329 401 450 461 497
39 74 100 107 114 163 189 199 201 212 241 285 290 303 322 448 455
23 42 46 54 123 131 201 203 233 242 252 329 330 357 440 444 483
16 66 76 122 123 201 233 289 296 335 345 355 370 377 403 467 481
3 24 38 51 66 67 164 178 197 282 309 330 345 356 376 393 467
3 30 58 72 94 127 196 207 282 289 322 386 401 402 410 454 485
48 91 114 116 136 166 190 239 253 273 277 283 301 321 387 429 437
26 53 105 130 211 246 258 274 285 335 341 348 358 471 482 490 493
8 62 65 85 163 183 221 235 247 278 279 348 368 378 403 468 469
96 135 137 173 183 189 205 229 241 256 318 324 351 417 462 465 472
30 53 80 82 138 153 160 209 288 329 359 370 452 455 463 466 478
41 81 93 118 172 267 272 296 311 338 350 357 369 382 400 450 463
5 39 101 106 112 176 188 218 253 261 265 355 397 403 430 461 481
5 8 12 65 83 97 153 155 212 229 253 254 270 298 436 487 497
17 18 58 63 74 76 115 125 199 201 277 313 354 357 399 400 454
33 38 40 48 59 75 134 206 233 250 259 297 414 423 438 445 490
3 5 18 81 134 135 172 217 317 342 345 348 352 370 376 414 424
9 38 97 98 115 222 224 227 272 293 295 317 327 346 452 472 480
16 41 71 80 84 94 138 139 143 155 175 215 275 319 328 332 342
0 22 37 38 87 128 159 170 212 229 233 245 369 399 441 442 445
28 43 51 71 110 136 141 148 186 229 267 274 289 295 362 380 480
2 3 18 32 159 169 193 215 230 235 238 305 327 359 426 448 472
56 70 123 125 162 173 211 255 301 325 354 363 375 376 441 458 463
2 88 124 127 134 140 150 160 223 253 257 279 301 313 318 419 488
5 44 55 255 273 297 309 318 332 341 343 415 447 448 453 469 496
15 105 114 139 147 204 212 237 293 328 354 366 376 377 392 394 452
52 90 120 137 176 289 302 318 336 342 351 358 397 408 411 454 455
19 26 58 69 99 176 265 268 282 288 294 321 371 437 457 478 480
45 68 75 143 237 253 265 284 321 339 349 364 404 410 440 446 455
8 58 89 118 149 159 179 287 350 370 401 422 424 444 467 480 481
19 23 87 98 100 165 193 204 223 301 308 331 351 366 379 462 466
59 63 117 141 148 165 236 303 309 339 355 402 411 424 441 485 492
63 72 98 147 198 220 242 289 290 314 358 371 398 408 429 444 449
37 47 69 92 107 193 242 254 286 328 353 355 395 410 425 461 475
8 41 88 107 184 195 201 205 208 293 315 320 330 433 462 467 480
40 107 109 144 178 253 288 291 331 345 368 418 422 431 437 467 499
13 52 63 76 83 120 174 192 204 230 253 259 317 322 344 404 448
46 48 51 140 165 196 207 214 263 336 361 415 437 471 478 479 495
7 37 64 97 109 136 167 184 315 330 383 393 394 400 452 465 498
8 14 69 134 149 194 236 245 332 346 365 368 404 470 475 476 485
57 66 91 176 188 195 230 269 273 322 366 369 401 441 462 481 483
15 45 56 72 95 111 156 161 175 179 186 219 257 311 372 473 477
8 15 17 20 27 52 57 64 154 158 218 244 264 349 437 453 465
68 87 125 138 139 176 201 213 227 236 268 289 300 330 331 350 433
13 31 108 112 124 142 150 170 175 197 318 326 354 386 408 417 466
10 38 57 64 74 208 241 319 400 421 422 423 440 466 467 477 492
75 116 142 152 186 197 277 343 351 362 382 383 388 395 412 485 494
8 96 175 215 219 239 240 243 254 315 346 361 414 416 417 458 478
30 52 59 72 114 132 149 174 177 211 250 288 307 328 395 404 441
15 66 103 123 134 181 188 192 206 227 290 297 336 364 418 486 487
39 42 85 160 172 189 195 217 223 231 243 258 276 306 319 421 439
14 40 85 87 126 138 175 195 235 268 296 324 336 364 432 448 461
23 31 47 94 122 148 168 199 200 219 223 252 372 410 463 467 497
21 23 55 59 156 180 201 203 224 241 256 260 282 306 346 386 474
0 46 52 114 120 177 191 200 227 281 339 342 389 409 432 468 496
0 75 93 171 174 224 227 240 248 252 264 279 295 353 367 397 462
39 49 86 97 140 166 179 248 355 358 361 371 414 449 453 469 490
66 78 93 117 126 140 175 225 242 292 299 317 331 345 376 387 480
9 56 71 132 165 173 200 232 253 278 338 376 381 388 463 491 494
67 68 81 85 94 124 144 175 183 239 249 252 308 418 421 481 497
24 49 131 137 155 159 167 171 210 251 268 304 331 334 415 431 440
42 44 75 171 176 208 256 261 288 297 299 307 323 325 375 417 462
97 117 127 140 147 154 155 277 292 294 368 410 424 440 472 473 493
50 112 156 199 216 236 246 248 289 295 308 317 323 336 343 413 439
46 56 103 110 134 143 205 223 234 260 372 373 377 402 415 446 466
49 95 103 106 133 257 272 283 325 336 351 354 358 398 441 479 485
32 48 68 98 111 162 190 191 225 229 247 249 322 407 415 423 427
20 28 39 43 59 96 101 170 196 238 239 249 251 290 397 398 461
3 50 92 138 207 221 227 236 288 297 298 350 389 417 422 425 476
94 102 118 121 124 133 192 230 240 278 347 348 371 375 386 397 431
0 46 149 182 253 255 257 295 296 359 422 427 431 440 445 456 470
25 62 93 119 160 165 272 313 331 357 359 360 383 385 454 490 497
13 136 158 179 181 188 206 246 262 265 280 298 331 371 427 481 482
0 69 92 125 158 270 281 295 315 341 359 365 380 409 437 484 495
102 107 116 179 184 187 218 237 245 282 285 312 330 331 333 404 437
14 20 55 58 87 91 94 148 155 181 184 225 269 278 296 361 371
27 48 112 151 209 267 291 296 299 313 355 384 423 435 463 484 496
6 15 50 123 205 216 224 241 251 281 374 377 383 407 417 464 484
3 29 31 77 116 135 168 175 192 207 294 307 310 404 457 469 470
5 53 78 89 164 185 202 212 213 256 285 294 372 381 463 477 493
58 64 69 93 110 123 143 159 257 273 288 292 299 370 387 390 436
10 18 30 44 82 155 201 262 292 302 314 354 369 396 450 476 483
76 171 197 198 208 215 236 262 281 295 347 348 369 421 434 442 473 499
11 22 28 44 61 120 137 145 193 242 270 315 319 320 358 378 435 459
11 58 158 176 191 206 234 239 264 290 319 322 373 376 427 433 454 462
24 60 73 84 154 164 195 208 234 254 255 297 310 314 321 335 427 428
25 86 90 143 148 157 219 255 340 357 367 378 391 414 415 420 473 494
16 30 33 54 55 97 106 114 116 148 154 223 302 415 436 466 471 490
132 136 159 222 315 331 336 395 396 400 424 436 440 452 457 466 467 493
0 23 71 89 93 158 197 213 243 266 278 282 283 291 348 382 473 486
0 37 145 153 156 167 190 217 282 285 315 320 328 418 426 462 473 492
13 14 53 96 224 228 231 243 247 289 301 303 308 370 379 410 430 459
3 114 115 150 199 203 266 270 272 306 364 374 386 396 398 410 432 492
74 137 155 168 183 205 206 216 222 353 358 360 364 381 385 397 406 433
9 40 52 75 94 108 156 162 164 176 221 264 273 318 354 368 461 478
43 52 100 104 111 113 123 186 193 209 241 245 273 352 413 435 468 469
17 42 51 166 168 174 193 215 253 304 307 321 404 407 409 422 428 469
1 93 99 152 183 207 209 225 271 301 312 322 346 391 432 445 449 496
20 80 84 93 103 135 148 151 163 168 184 263 286 287 347 354 424 451
29 57 92 96 102 120 149 163 202 258 271 379 384 392 395 411 421 452
13 140 143 228 270 308 314 362 370 423 436 439 456 460 481 482 490 498
55 89 93 123 165 184 212 252 257 258 259 317 337 350 428 435 487 489
34 70 81 103 141 171 204 221 232 246 252 293 294 326 392 397 428 478
22 51 60 76 83 90 151 185 245 288 297 299 390 417 418 438 447 454
17 18 39 55 75 127 157 165 166 169 200 259 260 269 271 302 380 442
29 50 56 84 103 141 142 149 253 295 310 311 385 405 408 458 487 498
51 53 69 82 102 110 135 136 141 166 331 341 376 422 449 455 478 497
32 82 139 169 216 250 264 275 278 354 361 406 409 412 417 420 454 487
8 26 52 59 64 96 128 155 163 175 201 219 224 286 327 349 359 441
5 107 110 117 151 173 182 259 261 322 328 335 364 366 378 455 469 473
11 12 18 20 44 58 63 140 154 169 280 328 329 346 410 421 457 485
0 7 16 68 98 120 124 128 143 172 183 226 299 343 360 383 433 441
14 80 106 139 177 218 240 254 309 365 371 374 380 381 402 405 439 453
9 57 69 76 115 119 134 145 194 217 279 288 298 345 377 406 423 495
53 95 105 118 135 144 150 205 206 250 276 313 381 421 422 460 484 489
71 112 182 201 215 234 262 263 282 303 307 317 372 390 407 417 441 450
21 29 38 76 95 130 181 259 296 320 337 355 356 382 417 431 458 465
22 34 54 72 74 90 108 130 135 152 153 226 238 270 314 363 424 441
11 44 71 94 106 187 226 245 262 310 342 363 381 405 415 422 444 487
17 19 62 108 129 164 228 229 293 305 308 311 336 366 407 418 441 469
30 46 95 123 139 148 196 211 222 256 288 302 318 331 375 439 459 475
3 10 11 39 89 113 129 143 199 205 216 236 266 276 281 352 462 463
77 97 107 198 219 229 244 245 268 273 301 367 368 372 375 383 391 487
19 23 44 70 71 83 158 168 209 262 263 267 276 293 302 395 447 460
16 52 55 65 128 131 134 188 260 288 301 352 362 392 395 438 493 497
34 59 80 95 138 151 173 188 286 306 307 319 351 372 407 439 461 488
0 6 29 30 35 101 136 184 187 240 308 324 325 399 437 442 444 454
35 55 181 191 202 232 239 274 294 308 327 340 351 359 360 364 491 498
53 64 157 161 175 243 251 308 314 316 347 363 382 383 405 411 434 435
14 28 48 59 71 115 125 126 133 218 255 269 306 312 321 354 358 453
10 42 159 165 209 234 235 257 264 268 297 333 340 429 432 457 485 498
89 142 183 191 195 226 272 347 355 416 418 423 442 448 456 463 471 479
46 48 51 63 80 90 97 122 133 156 275 317 332 370 403 417 458 477
1 13 64 67 104 127 139 153 190 248 259 311 312 383 434 454 455 486
1 22 85 95 100 142 150 158 256 306 339 345 386 404 442 463 470 486
26 30 32 48 66 78 95 129 147 164 172 200 205 284 354 378 428 442
38 54 79 82 87 102 109 137 170 211 244 279 294 296 375 385 391 401
10 39 48 68 79 118 191 222 244 260 269 274 279 343 406 421 432 437
20 66 81 106 162 189 237 251 284 290 340 374 382 409 461 472 476 477
6 39 87 98 160 169 173 181 194 234 235 261 270 271 274 386 389 453
4 11 93 160 210 282 286 308 320 348 351 352 386 399 422 425 448 498
139 142 143 189 204 216 326 337 355 362 366 376 377 406 411 421 432 467
32 51 83 101 119 157 182 206 232 239 255 261 333 355 361 455 459 493
17 20 28 57 81 109 111 134 180 188 337 392 404 413 428 458 473 481
16 25 31 89 95 122 137 144 151 211 239 304 327 394 395 414 427 458
47 59 78 82 112 129 177 188 247 257 261 308 347 357 387 427 460 493
11 44 95 109 189 190 219 220 245 250 268 269 328 354 388 415 475 492
3 11 29 72 107 142 158 161 206 232 297 298 333 369 385 427 435 445
18 104 151 153 187 208 240 287 307 321 334 335 347 374 387 400 440 454
57 84 142 185 226 250 251 263 352 366 367 417 421 435 473 475 486 494
50 122 150 179 208 232 245 329 334 343 344 417 419 420 421 424 429 496
37 50 115 133 141 167 293 301 312 351 364 369 409 412 426 442 460 498
4 8 28 44 122 143 158 189 226 294 329 346 349 400 401 404 412 432
62 166 167 171 179 269 270 277 301 303 310 344 358 369 439 454 477 486
0 10 25 33 43 57 64 70 268 305 309 313 340 357 371 444 484 489
43 45 85 87 95 102 105 126 137 165 180 216 223 250 300 358 451 463
10 27 37 42 48 120 121 129 136 186 189 200 202 272 345 389 404 494
7 13 53 85 99 104 122 209 214 316 363 388 446 453 472 473 488 496
32 47 87 90 97 114 133 155 213 219 263 267 349 364 416 460 484 488
25 87 97 126 163 189 202 223 250 262 317 329 387 397 411 448 469 478
5 7 18 63 75 76 97 135 151 157 161 230 260 323 327 336 457 476
1 28 47 65 81 105 173 185 209 258 276 317 356 388 401 411 420 473
4 8 31 97 126 142 167 194 209 210 225 234 266 300 305 328 333 383 413
12 14 45 50 64 155 180 239 243 248 261 281 343 347 452 465 470 478 497
40 57 74 95 100 153 202 216 219 232 263 283 306 309 311 334 403 449 465
12 42 67 92 99 100 116 152 173 303 347 353 361 366 400 437 439 467 483
21 72 89 135 139 181 204 208 238 245 284 353 365 376 400 404 428 461 462
2 32 40 44 86 124 161 196 257 258 323 327 332 384 394 398 414 458 489
32 42 70 73 88 116 131 163 176 265 273 280 288 417 436 459 462 471 480
1 21 71 76 150 154 167 214 236 239 275 304 316 317 319 329 343 352 377
12 35 41 84 126 206 233 253 272 286 291 301 306 310 348 365 391 445 488
1 2 51 69 113 133 166 239 249 291 336 358 365 399 408 415 428 453 485
20 51 86 108 130 202 208 216 237 307 345 349 363 378 381 410 427 441 457
42 65 84 115 119 133 171 196 231 236 255 285 287 320 326 365 374 420 485
1 6 20 32 42 49 67 85 100 121 175 188 269 346 366 380 387 403 498
8 117 136 152 171 188 209 264 265 302 318 379 382 400 419 430 451 452 494
17 31 35 58 94 112 133 154 227 313 338 339 351 359 365 415 428 484 492
24 36 60 63 92 97 108 141 171 214 248 278 280 295 335 338 410 444 459
5 196 205 224 254 258 268 303 310 318 331 348 360 367 375 383 386 390 454
8 42 55 174 184 212 216 222 249 299 305 312 315 399 414 438 447 478 493
14 18 31 46 71 93 204 241 248 318 338 353 387 389 405 423 429 442 446
4 5 9 37 164 168 210 211 276 281 302 314 359 377 388 406 424 432 456
2 20 25 32 50 74 133 143 260 264 286 315 336 337 372 386 392 400 428
16 20 28 37 55 83 125 129 166 196 220 314 335 353 378 400 445 492 498
100 105 109 156 166 179 198 244 248 287 288 305 331 369 374 386 416 435 486
23 47 70 73 110 111 121 129 162 210 222 285 305 365 398 403 434 457 478
10 58 77 84 98 107 125 140 162 164 256 308 330 351 356 427 456 457 460
18 69 81 131 182 231 232 258 267 301 318 325 336 345 354 356 366 379 457
0 19 24 46 70 99 128 141 148 149 218 248 272 302 331 358 381 436 471
5 24 66 83 89 90 144 194 214 226 237 245 281 288 308 310 337 341 420
2 38 45 69 100 184 218 264 278 286 299 327 359 380 382 387 391 439 465
20 22 24 44 60 71 94 186 230 239 346 361 414 416 428 438 448 466 497
3 11 36 69 93 98 122 131 268 286 288 305 312 325 431 440 460 466 480
10 18 98 99 110 134 158 192 238 271 276 292 306 325 356 386 390 456 457
17 18 47 67 81 90 92 106 114 141 162 168 283 298 316 336 375 385 390
5 59 67 134 137 140 153 203 242 252 285 328 345 349 395 404 451 481 490
14 16 27 47 48 77 90 108 138 162 163 287 295 296 312 373 393 490 496
89 98 107 151 171 180 182 219 239 270 303 357 363 378 405 421 426 466 478
23 25 61 62 69 92 125 149 186 274 297 316 353 354 361 363 441 465 473
14 21 184 197 207 213 232 253 278 294 335 351 375 390 403 431 447 448 449
38 104 128 135 152 188 202 264 274 310 345 380 394 403 410 424 434 452 463
2 9 45 66 87 100 110 123 131 171 277 283 293 348 365 421 432 444 493
5 8 21 38 53 153 163 164 203 252 277 313 355 376 408 416 418 423 439
4 9 47 48 67 96 118 120 126 200 221 270 295 329 431 440 463 485 491
1 8 18 20 26 34 84 88 112 114 122 170 175 252 267 410 441 487 496
12 52 90 92 134 160 163 207 228 272 290 297 365 384 401 402 451 493 497
46 56 137 158 160 183 186 191 198 260 295 324 325 397 424 429 446 471 497
3 11 39 82 103 137 140 157 160 177 185 223 266 270 323 425 465 479 484
11 14 22 44 48 51 129 138 149 232 316 332 337 355 392 416 435 436 487
21 32 39 48 99 103 106 109 140 144 163 167 183 197 207 370 428 492 497
9 13 23 37 77 79 106 108 123 166 169 226 258 261 274 335 343 448 460
22 77 86 102 113 167 212 231 234 247 269 279 282 313 360 369 406 446 452
85 141 143 172 191 203 286 294 296 300 314 326 328 334 367 384 386 438 460
28 29 41 168 191 196 198 201 213 294 320 376 382 394 414 422 456 469 490
2 33 57 128 164 185 188 191 210 239 286 306 311 329 338 342 353 418 434
7 9 11 35 60 116 131 132 153 165 176 246 304 375 394 398 415 434 449
18 72 102 110 190 203 207 219 246 256 262 270 276 284 288 301 391 411 452
1 26 27 57 92 94 107 164 182 242 284 296 304 312 357 362 377 417 472
6 50 104 125 136 139 149 184 212 218 267 335 338 353 409 471 472 483 493
12 13 25 40 55 92 93 204 331 349 387 406 414 415 423 446 468 471 494
11 74 76 132 136 143 145 149 176 194 213 228 236 242 283 294 401 430 466
51 61 75 82 113 114 127 153 183 184 191 204 213 267 298 324 337 379 451
19 20 48 104 110 153 155 159 220 225 226 247 329 372 381 433 439 467 482
14 37 62 94 128 142 168 174 184 187 195 206 213 304 341 348 357 365 378
8 33 62 64 118 157 189 193 199 200 242 253 281 330 361 400 411 438 491
19 51 75 109 111 122 172 176 212 295 305 306 333 338 340 418 433 455 481
15 16 69 162 164 175 198 238 251 262 291 308 345 369 387 396 443 456 490
46 68 85 93 116 165 208 240 254 286 301 342 346 360 374 403 474 489 498
34 70 171 173 233 305 312 342 375 378 401 435 436 441 451 460 463 465 484
52 63 66 86 87 102 104 120 227 231 237 299 345 354 363 366 438 485 495
13 22 76 133 174 181 183 189 194 200 216 223 224 337 370 382 452 462 472
0 22 39 70 73 108 114 119 127 148 189 300 302 322 347 413 426 428 474
57 71 80 92 114 140 197 298 349 389 412 423 430 434 436 461 468 485 499
6 63 78 81 82 94 126 174 210 236 257 258 401 425 427 459 486 496 499
45 57 69 72 80 115 119 197 229 230 242 252 275 294 347 390 401 421 440
71 116 165 190 206 228 262 305 311 312 323 348 356 391 403 414 440 452 476
3 9 59 76 106 128 141 171 194 244 248 280 288 313 366 385 406 487 490
10 25 54 76 89 96 145 155 229 236 265 275 293 345 352 401 442 469 472
25 80 99 125 132 152 166 168 176 240 242 253 299 359 372 390 401 415 498
9 34 49 51 67 156 205 212 269 270 292 297 350 376 423 428 468 489 496
20 27 44 52 72 109 205 244 251 253 270 283 292 301 313 319 339 371 479
1 51 68 134 136 139 157 158 161 176 254 271 341 437 446 447 451 469 495
18 34 74 90 104 133 175 198 204 217 219 261 277 304 323 350 366 379 415 429
39 57 63 72 88 145 152 175 183 239 258 268 305 333 371 416 454 468 485 490
14 48 55 86 118 146 179 200 203 227 255 271 286 296 302 388 444 445 480 492
15 26 57 77 79 99 139 235 278 281 313 327 342 376 393 394 412 419 470 476
32 39 107 116 146 156 185 229 241 254 281 289 362 365 375 385 433 447 449 484
31 59 147 170 174 177 178 192 235 239 248 274 281 283 421 427 434 452 463 485
83 166 169 173 180 191 234 254 264 271 293 371 377 383 395 411 424 429 452 470
1 4 59 78 85 120 134 138 147 181 193 197 221 355 414 427 431 448 461 491
26 68 74 126 140 142 173 178 186 234 235 256 294 314 353 358 413 451 457 469
33 86 89 125 126 146 149 160 161 192 212 234 281 319 342 390 394 397 431 477
9 32 36 52 53 59 64 81 84 88 93 101 178 214 281 326 344 376 465 498
49 105 116 121 151 215 227 231 232 259 291 295 333 339 373 386 390 411 457 497
14 86 91 93 115 120 136 166 168 179 181 218 226 267 274 313 372 381 407 430
14 22 25 31 78 83 102 173 191 264 334 356 397 411 426 429 436 460 481 493
14 31 75 84 93 117 129 142 153 160 245 278 299 319 334 406 410 413 442 484
13 91 100 131 162 173 198 210 222 235 258 319 323 328 334 340 405 415 438 484
13 25 46 63 82 84 111 113 128 155 159 166 199 228 298 372 379 414 442 490
123 124 146 152 169 175 180 196 201 223 224 280 351 352 363 380 399 412 418 442
1 47 50 62 86 118 131 143 214 275 282 321 328 332 335 369 377 400 445 484
24 41 50 81 139 149 179 238 269 276 295 310 316 341 355 382 462 475 477 482
18 36 41 67 114 140 174 177 181 223 231 238 258 271 285 346 419 468 489 494
4 12 34 37 40 146 174 185 228 302 312 318 345 375 376 386 396 481 485 493
4 35 43 56 81 106 138 167 265 268 273 283 349 373 388 391 430 450 455 489
45 126 162 166 219 230 246 255 279 282 308 320 346 392 404 419 435 468 490 498
2 16 37 44 129 140 170 183 206 244 253 290 298 301 302 338 362 374 490 492
10 18 26 28 33 37 68 69 86 153 193 203 212 232 254 360 380 414 423 428
4 20 41 47 61 145 187 197 202 203 205 225 239 258 305 331 336 425 461 488
10 13 36 41 45 88 124 128 150 209 210 219 259 302 340 344 399 432 455 498
17 26 31 33 88 126 153 192 196 203 238 278 289 294 321 362 384 447 468 488
22 47 85 99 138 141 201 217 287 318 320 334 373 377 418 440 444 455 472 497
35 40 49 54 118 143 183 229 249 312 314 315 318 335 340 378 391 438 484 493
90 99 132 134 156 185 189 193 241 252 277 308 316 317 340 346 353 366 401 413
24 27 33 45 181 216 223 226 248 261 262 277 351 353 365 367 385 393 462 468
12 21 35 55 82 84 85 134 193 212 216 238 288 312 326 362 385 396 442 451
22 33 45 78 83 96 112 185 244 258 290 323 337 357 375 392 396 425 448 480
1 29 44 84 85 113 225 248 252 264 282 301 326 332 356 376 392 444 465 495
9 33 55 100 110 117 119 148 155 175 180 243 284 295 319 345 429 434 440 494
37 64 97 157 159 185 225 256 271 272 279 280 356 364 383 395 409 429 457 465
13 41 109 137 148 150 158 161 183 211 283 354 362 377 388 404 413 443 455 499
22 36 117 183 232 263 267 271 279 288 308 334 347 391 396 425 435 457 465 487
10 58 75 90 104 193 199 214 227 306 349 351 354 356 364 378 448 460 469 484
11 23 41 71 113 150 178 179 213 233 238 239 263 276 331 353 387 391 455 483
6 59 73 78 84 96 112 119 120 123 156 199 256 280 293 390 394 410 421 469
87 100 106 110 128 133 173 196 215 217 228 298 324 370 371 380 391 411 413 467
11 13 94 98 115 131 187 231 243 253 273 305 313 330 375 377 412 449 452 461
49 83 95 181 207 220 282 302 324 341 357 364 390 399 423 432 480 491 496 499
46 57 74 86 95 99 105 184 266 292 293 312 363 370 401 417 426 438 470 478
19 32 56 185 200 230 303 311 327 336 375 385 388 391 392 442 478 482 494 497
96 165 174 203 218 224 241 249 250 267 268 278 300 304 322 340 356 360 391 475
9 13 100 103 135 143 147 165 174 199 208 265 301 323 335 362 378 414 457 491
76 87 122 127 200 204 205 228 230 232 259 268 275 346 365 369 395 443 449 452
25 40 56 79 81 144 175 210 223 230 291 294 305 306 344 361 380 449 462 481
8 30 129 132 137 145 146 169 174 181 189 203 279 316 351 373 383 398 435 439
17 30 75 86 129 136 182 200 215 242 261 269 270 292 353 365 414 416 449 489
9 18 23 39 89 135 164 166 178 201 216 220 270 298 308 332 356 428 432 479
45 84 116 149 154 201 218 220 237 250 279 286 310 339 387 388 397 398 438 457
18 40 67 126 135 140 156 173 213 234 249 274 277 300 324 330 351 354 427 431
11 40 110 133 212 226 235 242 250 313 316 327 336 387 395 446 472 479 491 492
12 21 25 50 54 85 119 121 135 139 168 284 315 365 373 452 453 466 467 483
20 28 29 40 89 168 245 275 287 305 308 328 338 373 375 378 414 421 435 486
5 39 53 87 91 114 142 144 152 185 189 200 202 206 248 268 269 289 360 481
13 36 43 83 140 171 190 191 240 262 285 306 310 378 383 434 463 471 473 477
60 77 110 190 201 237 247 261 273 282 302 308 313 346 365 376 414 426 427 453
58 82 112 152 203 219 226 231 246 251 267 285 293 308 324 334 342 433 460 496
3 7 15 23 27 92 169 179 206 214 255 259 289 292 299 386 398 459 474 497
18 22 25 40 61 73 133 169 192 234 236 257 271 376 377 379 408 473 479 486
52 57 85 153 183 187 252 254 274 293 303 309 336 348 364 395 407 438 454 478
6 30 32 60 85 144 168 198 199 207 246 255 298 305 334 348 427 430 448 472
6 38 70 75 112 218 262 269 283 298 307 314 318 320 349 376 416 429 435 473
42 66 75 89 94 102 132 138 146 155 165 190 194 346 353 359 384 393 414 480
24 33 40 53 98 100 109 140 186 188 220 238 345 351 369 383 412 474 485 486
9 24 30 34 38 43 62 74 111 134 237 250 308 335 342 368 385 392 455 472
8 56 67 112 151 165 183 210 252 268 294 299 391 399 406 415 431 452 468 470
26 52 54 63 89 107 143 165 188 203 211 283 292 298 299 326 403 410 413 465
11 17 21 34 47 68 69 110 129 186 213 275 281 288 342 347 409 415 422 431
3 20 36 75 90 91 176 202 215 242 266 270 291 302 325 329 338 364 394 468
2 7 27 76 91 103 119 121 144 195 227 242 284 388 395 407 409 412 413 445
57 81 184 196 208 231 245 248 260 281 312 329 333 334 341 343 355 373 376 495
7 8 17 41 79 89 90 92 95 118 142 271 333 415 429 443 454 469 476 491
1 18 66 103 143 167 202 210 221 237 262 297 341 365 400 407 417 478 479 497
