285 463
260 326
76 95
275 372
0 206
184 192
26 151
37 109
408 456
64 146
353 452
107 209
123 144
76 214
0 132
332 452
42 168
260 369
25 197
343 492
370 382
317 430
286 288
129 240
58 221
439 440
317 400
300 399
10 212
256 442
27 71
73 133
27 54
335 350
280 456
302 473
300 387
250 363
328 352
308 432
345 456
255 355
316 447
58 191
257 431
14 34
35 85
420 463
195 201
55 75
153 200
282 452
420 447
302 336
82 116
276 373
2 22
156 223
443 460
62 249
49 243
268 390
490 495
23 213
61 209
29 234
257 336
50 188
60 245
155 225
54 197
154 173
343 487
0 146
408 437
92 112
266 418
28 29
20 144
396 421
315 447
16 205
462 469
23 117
67 125
304 351
283 481
267 290
63 214
313 466
281 370
369 402
77 120
398 470
311 372
412 466
383 396
87 135
150 200
378 422
432 485
38 52
103 202
342 359
194 214
292 323
366 416
378 446
48 162
363 437
94 206
398 444
179 217
297 484
317 367
57 215
200 213
263 412
64 182
252 343
414 458
20 217
140 204
14 31
424 428
340 470
22 249
368 420
258 259
314 418
60 220
338 374
384 471
285 459
19 242
342 429
384 420
263 476
16 111
340 392
318 421
13 136
120 144
2 62
283 379
166 189
409 413
41 245
34 239
322 405
473 485
74 205
252 476
460 462
307 423
269 326
13 105
48 143
121 243
20 210
18 158
355 401
183 243
360 367
347 486
176 185
11 72
40 188
261 333
133 203
304 452
367 434
320 332
28 193
464 477
386 475
157 168
317 424
284 398
269 464
27 71
113 184
294 359
190 241
403 450
11 202
148 233
66 205
314 469
30 116
253 447
65 199
352 474
350 354
332 467
402 432
102 224
347 365
1 83
82 101
390 478
110 247
230 238
20 176
284 334
273 495
263 418
88 212
74 190
367 439
395 499
79 106
29 105
13 230
39 62
322 324
328 487
54 129
165 192
306 308
37 216
156 163
92 218
367 428
254 280
154 212
434 455
65 164
26 238
143 157
121 123
35 154
63 163
86 218
370 471
313 406
457 488
82 111
70 139
328 437
48 232
107 126
420 423
77 91
287 376
73 226
312 453
32 113
160 186
297 465
260 416
274 319
254 339
33 223
385 424
44 102
265 298
397 428
273 433
275 412
276 341
484 491
470 482
351 413
305 425
187 244
5 128
402 415
250 412
352 442
319 384
15 163
117 195
44 178
106 209
50 189
372 450
223 236
366 439
371 433
360 396
331 357
108 153
260 473
169 175
9 246
8 82
364 378
43 53
440 447
130 248
367 388
31 224
279 446
84 91
172 216
257 364
253 363
43 128
47 203
239 304 393
77 91 424
250 261 418
21 179 199
288 303 462
42 80 190
163 191 232
283 352 360
13 35 365
261 425 472
22 80 316
273 340 490
91 331 369
83 172 324
64 92 194
100 203 219
236 435 454
11 15 236
27 78 221
174 388 408
128 174 249
35 56 308
36 125 212
300 346 451
352 431 475
2 214 413
97 132 199
166 247 445
281 424 442
361 426 458
159 239 243
95 227 430
128 250 299
272 451 455
343 396 414
145 239 305
379 400 459
105 207 393
38 54 211
276 332 468
165 376 450
293 351 402
81 157 247
184 288 476
285 287 478
309 358 395
213 249 290
20 213 453
14 161 208
187 211 270
81 220 299
29 477 499
21 177 463
97 172 174
118 347 357
275 462 480
255 343 455
107 288 395
16 209 249
57 385 421
82 256 397
5 277 363
58 112 192
367 393 407
27 142 164
7 9 214
18 68 238
83 157 272
90 339 446
161 374 472
6 231 441
1 40 171
24 65 463
302 331 337
277 293 487
25 340 423
20 247 391
299 346 380
98 244 284
78 218 240
193 313 424
278 325 365
54 185 402
217 269 346
302 329 342
3 181 289
298 323 490
42 288 441
313 395 473
227 434 443
48 69 184
270 406 474
72 262 282
229 279 297
282 299 468
193 197 495
66 117 179
26 424 425
305 399 496
228 307 474
83 90 345
46 72 444
18 262 297
202 244 272
258 293 299
118 387 465
67 75 247
31 45 356
56 97 305
273 346 415
57 336 388
23 161 167
64 72 185
295 416 431
294 332 395
13 390 495
165 226 272
38 207 343
105 191 296
101 159 190
27 147 224
21 69 195
37 299 351
10 159 219
292 318 481
29 307 484
302 410 439
70 282 439
24 169 205
134 222 444
9 26 36
266 321 444
165 203 324
14 36 93
47 428 430
65 243 411
137 169 232
20 151 277
27 99 139
171 397 448
102 243 272
136 162 285
104 198 223
250 390 431
51 65 414
132 283 339
380 469 492
158 200 474
128 268 377
282 396 457
11 282 286
17 212 363
17 51 105
18 66 79
294 430 439
29 46 300
54 74 294
176 207 225
32 123 265
154 312 466
306 385 415
96 108 452
217 248 267
157 306 411
312 408 443
6 28 97
48 138 209
14 349 448
422 453 460
280 304 347
296 298 311
383 398 441
319 322 359
117 160 263
66 77 407
288 308 415
144 149 340
442 472 483
131 157 386
142 199 231
41 399 422
308 318 395
21 158 197
256 293 494
14 35 419
195 275 465
13 168 484
14 55 194
179 201 230
38 379 495
119 315 403
33 55 247
287 364 465
421 428 471
120 146 165
268 387 463
223 377 389
240 381 445
285 369 433
14 53 316
292 323 424
127 271 396
313 482 497
41 132 263
149 220 242
164 237 273
218 274 383
108 123 167
9 106 164
195 290 354
7 13 139
41 93 465
1 3 227
196 314 341
163 210 371
39 307 497
263 335 344
177 391 477
267 294 470
329 464 483
80 107 218
268 293 427
198 226 381
311 329 374
278 492 498
305 382 425
335 414 478
285 399 498
326 336 344
257 292 427
336 350 497
67 106 292
375 445 481
321 333 417
107 313 447
4 148 369
54 328 335
301 316 415
158 237 363
256 308 379
341 368 460
81 98 480
273 437 452
20 275 439
160 363 453
216 462 465
127 270 285
202 319 402
7 98 185
299 347 412
115 283 316
361 408 451
141 205 235
307 359 464
123 235 474
20 194 200
173 349 373
181 431 482
5 422 481
243 377 481
69 169 210
102 158 385
142 198 461
142 178 188
184 192 236
166 251 476
117 367 405
10 25 221
136 195 220
60 281 341
250 442 487
271 308 384
14 209 216
178 336 367
62 306 346
251 270 351
254 371 426
120 244 395
38 244 249
107 150 181
264 403 481
31 41 159
98 123 325
88 141 423
17 62 291
144 278 463
9 59 75
180 310 448
410 443 451
183 228 435
130 166 190
10 333 437
14 51 221
81 173 248
153 163 461
221 311 321
63 69 198
53 115 267
38 234 320
0 301 487
18 183 189 232
70 278 390 483
40 181 238 319
57 315 383 386
83 227 338 452
152 265 348 474
28 46 153 172
343 367 389 448
84 123 199 240
73 171 270 316
2 24 105 435
67 88 199 298
60 112 150 205
202 268 281 393
3 136 205 250
55 358 454 489
26 180 206 498
8 72 104 313
93 103 159 495
72 186 217 253
27 183 229 424
27 212 317 438
320 334 361 488
137 218 382 431
20 29 48 151
148 213 267 349
155 349 374 424
119 332 444 459
27 270 298 392
58 141 289 455
311 364 412 479
341 349 424 428
5 115 116 207
238 309 426 478
50 59 67 229
137 156 372 419
58 63 274 306
120 166 426 471
247 363 378 432
180 253 473 488
51 69 98 220
214 265 334 435
57 80 139 401
28 145 354 379
245 370 381 495
67 201 219 351
252 366 488 494
33 226 355 465
69 295 306 341
282 360 375 461
136 179 366 496
14 73 122 484
57 88 182 443
97 342 396 463
98 282 292 335
100 308 324 448
70 404 446 496
64 92 190 232
51 117 120 452
13 171 232 316
54 199 308 484
15 53 129 413
86 99 212 283
71 208 220 381
121 212 342 351
93 118 134 173
157 229 393 489
17 43 173 231
11 282 378 388
24 158 216 399
126 199 258 288
250 287 461 496
59 80 249 374
79 180 185 355
336 427 438 479
76 358 400 429
48 74 83 450
92 103 254 346
116 470 481 489
244 373 448 454
30 132 163 183
31 58 140 218
44 284 373 397
304 393 395 494
105 295 317 325
77 115 212 245
284 342 457 467
239 299 395 480
329 340 469 479
298 362 409 457
215 283 335 402
58 334 349 470
105 152 436 487
49 53 93 100
149 207 213 214
264 335 421 459
221 421 471 498
56 335 437 496
150 171 201 431
30 229 264 412
64 117 188 192
45 145 348 370
19 246 268 308
325 389 407 490
15 38 119 155
119 318 456 485
73 83 179 187
74 189 259 428
249 282 329 429
6 16 32 470
160 233 336 377
299 335 343 470
23 286 300 483
204 456 489 498
61 296 370 381
139 322 329 347
400 402 432 477
25 159 178 419
93 249 329 412
72 135 149 486
192 200 443 475
121 271 314 429
109 166 214 218
143 187 288 437
68 103 246 330
293 294 458 482
90 219 338 351
318 345 388 459
57 104 345 467
12 96 98 338
205 330 426 450
221 367 414 432
4 140 284 487
90 320 390 439
105 167 180 307
104 134 167 379
132 244 247 359
9 106 175 256
25 130 366 426
315 317 415 442
40 194 270 389
133 146 424 482
167 195 203 418
116 131 197 210
305 313 416 477
1 102 188 495
199 320 373 421
45 170 316 459
66 216 442 496
43 190 321 437
71 145 381 429
249 337 450 477
102 119 328 358
52 148 312 344
67 245 428 439
78 135 231 267
85 154 190 229
248 289 310 460
8 118 128 148
111 130 319 497
34 152 277 498
171 176 258 332
266 305 379 382
101 211 218 288
204 337 361 432
94 255 265 324
38 170 345 354
128 212 231 248
55 153 163 228
107 414 429 478
157 195 245 346
117 175 185 459
7 361 428 476
20 52 140 290
153 220 286 330
212 226 397 405
52 157 185 449
86 128 409 481
65 192 264 397
45 98 183 248
165 236 237 243
22 42 61 300
106 254 272 333
43 71 162 201
223 232 248 320
40 121 155 379
80 154 382 472
85 182 272 307
239 325 399 458
83 263 362 451
20 148 365 406
20 38 47 71
8 165 246 491
53 97 239 421
60 146 318 366
63 129 240 423
256 286 334 444
178 230 236 337
48 196 453 479
2 22 170 247
27 60 263 286 493
158 160 179 210 469
8 212 280 310 317
147 343 400 405 425
99 194 327 345 376
215 369 397 405 480
60 70 124 341 455
245 316 336 396 421
29 78 118 127 240
22 70 240 322 431
163 255 282 326 498
5 15 350 401 431
18 169 241 339 347
116 141 274 426 479
42 280 370 445 481
81 103 195 324 433
28 96 147 176 462
74 161 304 305 395
253 299 350 431 459
36 47 72 274 333
182 230 267 305 327
62 74 135 237 329
39 127 221 251 380
17 51 83 117 297
184 351 363 408 494
80 100 367 377 481
322 329 333 375 442
33 50 245 274 499
22 76 175 404 435
94 238 284 322 354
9 80 97 142 413
63 163 208 235 497
72 244 257 277 416
251 295 342 401 481
34 37 279 350 362
46 231 368 428 492
7 153 181 256 403
292 314 398 408 472
23 240 256 379 454
1 5 218 311 465
80 270 324 478 493
22 260 324 332 388
57 76 295 391 486
65 117 251 268 330
110 140 248 371 471
34 159 258 264 348
39 59 213 242 487
23 159 205 233 484
152 303 363 472 483
18 125 338 404 442
50 176 189 197 420
28 78 188 254 319
30 99 135 435 465
44 157 184 376 381
10 19 171 258 339
33 72 383 461 465
102 106 147 194 489
104 265 312 437 476
41 118 168 204 344
140 190 233 242 266
35 115 123 231 276
18 84 173 248 494
173 177 311 405 415
95 200 221 270 385
23 53 143 313 486
234 244 253 269 273
35 165 289 346 353
195 296 339 359 383
199 295 384 452 477
38 221 283 410 431
17 110 230 272 327
10 41 43 234 493
65 292 341 447 472
30 32 199 364 422
18 24 123 175 235
122 125 233 289 458
10 100 178 310 462
87 141 151 249 253
262 276 377 401 422
238 292 301 396 429
13 24 27 125 141
71 112 243 249 437
22 258 330 457 478
23 42 210 229 287
61 192 286 297 323
153 189 210 388 440
34 298 402 421 486
111 238 291 376 439
45 173 261 341 397
37 59 151 165 316
137 321 387 432 441
91 154 193 322 429
4 297 320 349 468
141 187 396 422 434
230 251 356 365 367
19 179 394 398 476
56 165 247 356 479
14 77 111 229 348
105 274 286 336 457
148 407 417 487 488
299 310 321 471 473
26 145 199 222 250
53 138 163 169 231
160 262 292 423 424
222 360 361 456 477
31 82 162 218 248
1 309 330 454 466
89 174 366 472 487
174 179 362 369 418
77 171 237 255 291
50 137 142 159 246
99 308 370 462 497
62 169 218 332 416
89 228 333 485 494
177 214 328 403 470
175 292 336 393 463
83 213 245 288 335
2 42 162 197 420
56 126 321 373 394
25 63 74 209 328
313 344 467 480 497
131 180 214 284 462
68 112 172 422 480
330 341 436 440 447
8 139 207 238 456
6 256 410 425 429
40 196 260 438 487
319 327 397 417 418
140 230 249 319 403
212 311 330 429 466
154 224 294 352 376
106 142 221 251 367
63 98 257 314 401
114 140 193 316 398
21 29 68 145 156
14 67 162 267 288
57 76 94 170 339
21 57 193 216 315
55 94 388 452 480
24 134 194 402 494
16 249 270 313 448
41 110 164 234 434
46 95 133 203 320
9 242 375 383 422
237 249 318 391 476
26 56 70 178 201
14 47 267 448 471
45 110 185 373 495
8 151 409 444 458
30 197 240 248 447
6 167 197 364 425
157 178 220 224 498
20 70 171 231 394
23 231 334 452 456
120 123 266 328 396
17 182 203 377 431
44 101 159 221 235
169 406 415 434 480
41 63 85 126 243
7 95 96 208 445
74 218 286 314 340
86 371 380 385 497
101 111 251 363 383
24 228 255 371 390
250 290 367 368 398
38 114 262 345 462
52 57 98 135 495
4 6 60 89 470
87 181 346 401 454
27 67 178 204 220
253 300 324 356 375
100 209 223 261 316
1 28 207 392 397
20 44 302 393 414
160 164 185 196 476
117 127 214 236 262
49 339 387 409 420
300 371 372 403 438
44 134 155 190 287
87 93 94 132 285
25 129 213 263 281
35 331 389 403 451
39 95 131 142 181
30 61 164 247 334
16 175 244 368 404
12 14 312 472 480
60 88 91 113 212
6 49 146 219 394
156 245 266 281 282
55 135 142 223 493
20 28 220 266 396
108 150 178 222 366
22 215 313 334 412
239 389 438 461 476
0 87 119 247 463
25 138 327 331 365
3 235 355 372 491
24 93 268 348 408
42 177 213 238 490
316 320 374 446 482
67 140 189 233 389 396
179 285 327 350 366 458
82 160 302 338 353 425
127 217 228 356 380 440
17 46 129 230 234 329
6 29 86 244 245 292
6 23 77 83 267 403
77 113 319 422 450 475
114 129 144 380 396 460
72 195 200 363 411 415
46 129 269 360 388 486
146 267 310 316 325 341
127 136 216 365 415 436
131 174 222 236 324 453
125 135 150 227 417 490
56 104 190 222 346 410
22 195 203 215 230 264
108 253 345 357 378 473
30 123 276 307 413 478
70 146 372 415 437 466
27 41 122 123 401 432
144 191 214 219 221 244
39 129 175 190 240 402
32 268 285 292 293 372
74 103 135 214 286 333
58 80 115 317 373 472
189 274 339 411 423 491
44 178 243 286 358 405
122 244 249 290 427 440
2 257 277 324 376 382
45 121 135 337 360 446
73 97 132 213 286 457
14 97 178 377 439 462
20 161 199 255 435 498
27 226 243 271 328 363
22 31 33 62 91 404
82 112 185 249 416 483
71 113 229 328 356 378
195 239 315 399 417 492
49 94 172 216 245 254
133 188 241 269 322 415
86 110 178 293 438 481
1 4 58 118 200 203
286 287 318 359 435 495
121 152 312 355 362 426
116 145 211 242 303 376
139 219 293 301 387 390
30 142 181 249 299 485
52 163 182 414 479 493
22 71 83 158 299 414
80 249 257 369 389 481
107 250 317 357 371 469
34 218 303 356 422 450
143 212 227 258 464 479
25 103 208 361 451 456
77 335 386 409 420 461
1 10 85 233 319 377
38 50 269 312 320 332
102 146 176 282 414 487
92 114 155 160 256 453
23 43 140 150 285 480
45 113 287 452 468 486
4 37 42 145 279 458
22 167 315 340 406 410
16 128 246 282 339 480
35 183 197 224 265 412
190 315 409 458 473 492
91 127 172 264 307 378
98 216 238 247 346 484
97 148 184 216 377 433
71 119 277 279 351 473
11 69 151 162 320 370
93 109 110 219 242 294
85 151 166 180 215 241
124 164 205 266 401 416
56 152 153 171 421 433
40 53 108 122 292 356
79 95 163 239 254 477
280 297 344 379 445 470
35 112 153 159 397 442
105 156 185 257 375 417
20 40 178 347 469 495
64 117 159 228 282 386
80 92 188 295 299 326
122 224 239 306 424 446
48 137 187 260 435 464
0 59 161 201 241 431
215 270 294 331 393 488
79 212 396 415 452 457
12 32 162 220 262 375
50 60 221 231 277 479
128 132 256 366 387 437
143 202 381 409 482 489
86 280 295 330 333 464
94 323 398 439 461 462
11 167 204 252 322 365
75 125 167 284 404 474
51 174 240 400 460 493
50 151 187 312 335 441
31 50 162 175 403 479
7 10 50 208 348 378
90 122 287 384 408 467
90 99 159 183 229 378
136 272 312 316 387 398
95 161 170 340 424 458
114 213 269 292 309 437
122 128 158 186 271 283
4 76 154 189 202 274
58 119 163 186 396 470
21 156 190 224 236 406
130 202 346 367 387 489
20 66 74 151 255 484
19 95 274 275 339 416
48 57 394 415 459 472
59 94 242 282 320 390
75 201 313 324 378 460
19 20 130 143 208 409
58 97 158 174 279 323
4 40 156 341 363 424
74 85 116 165 341 483
91 209 312 329 348 495
122 123 170 226 293 342
0 56 70 313 459 463
24 128 169 178 256 412
33 56 58 133 199 463
11 146 219 329 399 406
160 176 200 256 365 444
119 131 153 275 312 375
42 109 196 202 359 475
77 125 184 241 285 437
10 27 52 67 223 411
62 111 319 346 357 463
21 79 183 191 217 366
150 164 312 316 337 391
28 144 155 400 464 480
46 56 243 245 267 325
15 136 206 218 259 272
58 82 123 148 209 428
47 78 228 238 294 348
26 27 98 274 297 300
74 183 269 280 305 431
175 185 260 286 313 386
8 267 272 293 427 436
40 51 59 167 170 175
69 217 251 269 422 493
86 305 322 475 484 492
163 256 268 350 368 458
18 46 110 205 220 232
184 310 319 380 391 468
51 75 80 121 177 208
120 160 218 295 355 401 435
69 123 149 202 238 392 403
64 121 177 219 222 239 417
13 86 181 210 257 411 415
31 73 84 177 232 240 383
56 298 314 364 405 418 469
12 13 61 137 149 186 419
17 184 270 307 348 405 496
56 68 74 121 217 402 435
134 209 279 306 329 394 401
44 171 242 331 362 382 452
38 215 271 281 455 485 494
93 137 188 206 257 360 413
13 131 269 271 318 377 419
145 158 276 317 338 438 490
97 115 173 200 284 458 482
63 64 276 299 351 425 452
54 116 185 263 388 421 429
45 55 115 201 232 357 405
152 227 259 266 283 341 396
64 90 129 150 246 427 473
0 58 92 108 152 247 292
179 228 284 294 392 396 430
0 34 77 83 265 284 388
77 113 117 150 174 430 499
13 15 113 223 262 348 417
78 120 141 180 181 321 391
13 35 44 118 136 390 417
16 47 78 118 174 327 414
52 131 232 248 308 364 499
28 63 204 262 318 336 373
18 42 62 98 147 201 274
0 16 39 119 234 344 372
12 25 44 73 250 419 441
129 134 168 308 348 380 403
2 64 123 139 151 238 272
65 132 234 299 380 433 476
5 20 34 85 164 207 319
7 81 279 283 314 365 497
43 53 108 204 244 401 421
159 182 206 304 318 373 430
10 96 172 187 315 334 438
174 245 269 317 410 423 439
74 181 234 253 394 410 486
153 169 229 279 357 465 487
8 13 133 240 260 468 491
18 117 136 192 257 328 338
67 295 304 426 467 479 486
13 223 289 311 399 411 477
100 117 212 287 329 337 487
38 116 169 291 325 403 450
6 55 71 91 294 422 445
40 274 278 292 332 430 438
37 49 73 376 398 430 445
57 159 187 208 243 323 349
28 130 176 285 351 404 436
14 121 167 299 305 435 483
94 121 184 271 279 336 475
45 64 116 120 208 387 436
49 99 305 318 384 421 490
25 52 216 226 228 260 352
6 155 245 324 341 354 381
254 288 382 418 441 456 465
52 86 104 115 135 306 327
8 64 99 193 254 329 422
48 65 125 265 300 302 475
28 98 127 171 190 214 372
4 31 53 68 129 357 407
59 256 261 311 348 349 461
46 118 210 242 323 340 475
213 215 365 397 409 423 456
140 187 260 321 349 371 499
53 74 78 311 393 412 480
42 322 328 377 408 475 488
84 181 265 336 479 493 497
66 92 141 205 220 251 433
156 219 245 282 317 413 414
218 233 240 242 296 339 429
18 35 141 194 204 232 450
156 211 301 340 422 471 486
17 145 216 219 255 311 359
19 121 148 160 201 245 369
42 117 155 239 350 370 409
3 55 73 134 307 350 439
6 80 137 192 197 236 372
61 224 255 268 418 440 461
1 68 142 254 308 440 484
77 99 253 255 354 427 432
4 85 91 106 142 212 338
42 83 132 145 254 269 321
187 241 377 381 392 413 477
7 33 117 314 379 451 452
51 94 166 313 354 402 481
76 82 131 169 183 189 469
19 131 182 196 238 279 325
0 85 106 203 216 290 495
80 183 193 354 371 380 485
83 105 147 257 351 400 430
22 29 70 235 333 365 440
132 147 195 231 262 313 334
40 265 271 273 394 396 495
169 209 323 351 401 453 456
70 134 163 181 218 282 419
23 126 232 271 274 286 353
7 56 151 342 357 380 473
36 104 135 241 420 426 461
80 141 176 182 194 223 466
101 184 294 312 344 394 480
118 146 231 237 300 301 346
11 70 101 229 279 365 455
30 36 59 260 304 394 443
180 225 282 302 339 358 391
40 53 109 135 190 217 340
78 109 136 202 225 297 450
156 166 240 288 357 457 460
85 130 232 378 444 450 460
25 61 67 110 447 471 485
103 120 216 267 314 417 453
66 81 104 152 198 373 475
25 41 155 183 291 408 463
245 253 286 307 345 389 481
87 125 156 315 446 455 498
3 186 237 339 383 415 475
0 86 121 173 193 312 373
81 247 253 295 322 430 496
70 124 234 303 431 452 455
11 45 143 240 243 297 396
6 7 32 116 155 295 365
74 140 173 229 234 243 279
29 118 159 172 202 226 397
149 190 215 275 340 402 409
13 70 98 215 375 391 415
45 50 124 158 164 272 497
105 283 303 348 410 418 450
55 76 120 214 361 437 494
6 124 151 278 308 406 455
51 129 219 247 330 343 467
80 155 219 222 249 420 477
63 145 153 155 324 384 402
46 76 255 274 354 363 493
74 186 239 264 280 281 390
47 224 263 327 392 424 496
104 166 243 253 373 381 387
74 95 109 166 197 449 477
18 59 334 360 436 441 480
43 251 272 277 441 442 474
15 22 99 125 227 234 343
119 136 160 194 213 225 493
15 88 219 294 355 418 489
20 115 168 173 315 443 450
71 88 164 165 329 414 489 497
9 14 43 243 370 399 473 484
82 116 303 314 315 330 404 407
56 68 132 142 231 312 377 379
5 29 50 83 184 217 253 329
14 71 175 235 347 414 489 493
14 49 50 96 213 239 343 392
83 159 188 300 386 401 419 499
2 60 158 170 189 253 472 490
76 97 104 184 189 233 304 449
2 203 312 350 356 364 426 446
33 98 169 254 292 352 376 380
15 34 36 74 187 247 280 341
198 304 356 359 365 415 426 465
23 55 143 152 228 249 283 305
39 41 48 122 219 374 381 404
17 119 206 307 319 402 462 488
66 82 151 215 293 328 349 489
77 152 280 283 324 408 432 461
25 56 90 112 135 218 347 429
7 86 114 154 161 380 443 452
11 75 140 141 146 174 237 359
74 91 139 161 179 278 316 403
63 198 234 286 341 398 402 490
0 82 219 268 298 415 444 492
4 9 35 175 219 399 421 426
13 144 178 198 249 251 412 419
145 190 224 241 260 333 435 436
24 105 125 126 170 192 210 469
28 82 270 279 353 425 446 447
43 77 137 255 262 275 354 446
30 100 156 167 212 347 377 398
98 102 154 179 198 202 215 225
152 208 285 303 346 350 429 433
8 28 67 268 340 369 376 473
91 182 308 364 368 389 426 454
13 14 36 93 117 129 355 468
110 114 124 151 167 227 269 318
25 41 55 74 141 220 352 377
13 139 201 244 254 268 288 346
37 109 206 234 247 357 369 435
34 146 156 278 337 350 365 475
12 284 307 327 354 447 450 487
63 153 217 250 258 320 419 431
72 178 215 307 328 375 477 495
16 32 64 107 219 380 394 438
22 93 110 120 349 395 473 476
67 90 158 196 291 425 451 453
56 127 237 332 363 428 446 489
12 15 88 115 300 420 423 435
21 81 82 177 213 269 287 343
192 223 226 313 318 323 346 379
35 58 65 75 279 323 399 443
49 80 166 185 207 251 362 472
39 44 64 151 333 364 423 451
4 187 206 261 277 300 340 416
77 104 210 328 336 391 415 417
98 118 127 142 151 181 267 415
60 76 90 293 376 396 419 490
129 164 169 215 249 310 337 393
47 54 176 177 290 306 347 486
3 50 167 169 231 242 380 445
18 23 110 173 464 465 469 481
44 158 207 212 367 442 458 468
76 189 227 247 248 374 405 435
36 161 189 304 314 440 444 472
30 35 55 118 156 207 241 442
31 45 55 154 200 211 294 351
11 70 84 140 247 263 406 428
66 69 254 256 313 396 420 466
23 55 116 120 319 328 383 462
67 155 185 255 351 354 357 485
45 140 220 233 237 261 275 451
164 187 201 215 267 410 426 432
14 43 76 104 126 228 251 394
2 89 172 228 344 470 479 480
115 125 232 405 440 468 478 480
39 99 155 212 339 408 422 466
46 95 103 244 264 288 461 489
156 183 193 237 268 371 459 463
46 52 164 176 288 326 380 490
126 151 168 201 203 216 392 460
13 29 59 95 241 275 320 453
23 86 102 121 220 253 270 274
55 85 168 224 234 259 267 343
81 142 180 306 406 452 484 493
25 30 40 121 140 301 350 482
9 130 156 176 180 234 415 459
42 138 195 249 263 314 380 469
18 35 100 102 125 308 425 468
7 22 26 93 128 172 468 494
10 214 256 275 323 422 429 435
4 42 144 196 210 237 283 324
58 159 271 357 387 396 411 483
33 157 207 209 280 370 379 443
68 98 242 261 262 266 373 381
47 88 130 149 165 219 393 494
95 144 304 333 344 413 440 491
5 74 92 177 289 336 395 470
17 45 81 237 253 346 364 370
85 119 211 213 289 386 410 493
12 153 158 181 204 261 401 481
31 57 65 71 122 158 284 339
3 186 284 338 349 388 408 489
60 69 112 142 156 268 287 291
24 103 119 259 295 358 436 437
169 227 332 336 430 438 448 456
95 111 226 296 398 443 448 480
86 100 101 164 196 239 244 247
68 106 198 294 320 392 405 430
10 16 51 102 168 419 430 474
25 67 129 172 339 490 493 494
58 141 159 170 210 295 305 369
69 74 131 168 369 377 415 484
111 192 197 305 353 361 417 486
88 96 97 317 355 412 420 479
42 49 107 113 207 306 349 488
90 103 150 173 190 193 216 378
129 143 156 169 192 285 316 464
120 208 228 262 296 383 418 474
24 44 303 401 406 422 443 481
19 105 123 135 199 372 392 477
130 142 146 229 261 271 350 402
76 108 186 203 357 363 443 467
5 15 23 154 202 357 381 417
20 62 94 103 154 278 356 369
84 99 106 128 253 294 360 476
26 93 102 195 239 248 251 325
7 26 121 131 233 246 254 330
19 74 128 183 218 285 392 450
14 72 116 153 222 287 326 334
33 249 303 308 384 412 418 478
9 57 84 111 185 394 447 467
36 37 54 137 172 211 344 395
74 98 291 298 378 430 446 474
165 241 261 310 337 345 368 479
54 56 78 107 188 207 376 482
18 30 51 148 431 452 472 481
68 126 291 336 338 365 489 499
134 165 203 204 325 329 470 486
12 100 242 268 306 407 419 439
94 131 193 305 373 376 435 442
14 17 22 104 176 316 371 477
19 265 289 362 366 395 479 490
10 142 164 227 275 282 284 329
83 93 114 120 138 196 207 329
22 48 195 243 305 351 372 400
14 28 52 63 150 238 275 297
25 62 97 198 261 382 435 496
40 143 213 301 306 327 368 380
99 271 286 295 296 307 377 388 441
53 100 261 291 343 358 378 398 472
108 219 230 242 257 320 332 387 494
9 77 113 152 285 292 415 446 469
128 135 181 214 248 272 414 466 492
23 41 139 156 169 191 310 345 484
24 47 65 82 101 108 125 344 399
75 78 109 159 252 260 273 320 364
68 95 120 147 154 177 204 281 312
11 30 129 161 199 219 310 410 455
76 191 260 261 314 321 372 416 458
82 88 180 209 226 232 299 301 420
46 71 252 292 302 309 331 346 347
191 208 222 254 271 345 361 465 470
3 83 89 108 186 308 381 453 458
16 44 75 190 219 242 374 418 448
30 45 119 186 201 361 370 387 431
1 85 110 278 327 330 363 387 427
81 100 133 223 263 366 409 443 465
10 26 51 131 280 305 451 476 488
116 225 232 250 269 403 433 465 487
46 58 98 196 206 302 337 364 415
28 237 273 292 318 328 381 433 453
66 126 277 313 317 344 356 455 478
36 37 92 115 126 457 464 466 471
1 75 151 227 281 360 438 480 481
38 116 147 199 286 292 392 426 428
9 90 186 244 306 389 433 450 479
2 60 257 272 321 328 354 395 495
103 128 143 149 273 287 316 462 491
39 115 169 183 294 331 379 425 463
129 172 251 265 329 399 444 452 484
51 78 86 87 142 146 224 301 320
34 80 123 130 151 158 184 210 441
95 102 108 186 189 305 377 425 451
4 170 180 225 289 398 430 463 492
49 61 91 150 164 185 390 473 490
21 65 100 120 163 226 299 307 471
36 141 256 279 329 349 389 456 465
64 66 94 100 109 235 246 262 281
158 160 173 233 397 422 446 478 484
43 70 281 290 293 313 329 362 400
4 13 14 26 87 166 242 366 367
123 148 218 230 234 276 324 355 445
78 104 107 345 349 373 377 422 432
30 50 108 175 326 329 430 447 456
19 76 121 139 214 216 247 253 481
3 32 115 151 226 247 253 299 459
26 54 156 164 219 238 420 446 451
23 162 346 398 416 426 461 479 490
18 29 62 135 189 229 286 288 298
8 57 99 116 143 284 347 488 497
32 79 268 357 380 392 441 472 476
14 26 104 141 187 213 282 295 381
35 42 176 284 286 319 348 356 463
10 161 207 275 376 395 446 452 453
79 133 171 200 325 328 417 432 446
56 145 146 159 197 254 318 453 457
45 74 90 122 339 384 389 490 495
26 90 152 210 222 258 388 438 467
50 190 198 289 300 302 305 320 325
75 138 143 246 257 269 347 361 394
175 216 243 253 267 328 439 440 444
126 199 327 342 352 363 365 430 445
63 82 110 125 179 292 345 378 435
38 92 130 138 174 284 325 393 413
33 83 224 231 250 298 302 361 388
0 45 56 129 148 252 289 293 441
47 175 176 181 220 303 305 324 345
230 257 266 279 347 376 381 429 436
106 113 168 202 228 350 397 423 460
44 68 93 120 164 299 412 454 465
44 61 241 302 385 415 430 452 453
32 39 92 174 193 230 382 396 490
0 86 178 210 232 326 340 367 405
86 97 114 135 185 206 209 331 332
29 42 129 150 228 236 326 411 428
43 173 182 221 244 299 374 383 459
32 37 91 116 242 278 292 321 412
113 202 208 272 333 347 375 396 476
18 101 137 181 187 337 411 479 481
18 78 130 200 216 256 342 442 464
10 21 100 184 196 204 247 345 474
9 36 41 68 229 257 327 435 452
33 142 149 156 212 242 298 420 482
33 39 71 86 121 363 390 418 435
0 10 102 120 144 364 365 435 480
26 154 171 218 256 285 361 382 383
32 64 71 195 210 246 377 379 462
60 119 140 198 211 307 337 471 474
11 14 47 89 141 160 213 214 404
35 128 133 145 312 372 442 476 479
5 57 94 268 339 340 364 398 420
2 10 27 122 247 322 338 415 453
20 46 108 226 234 235 361 373 415
25 30 182 183 222 227 242 328 443
36 81 101 206 240 282 319 338 341
5 13 219 224 238 263 283 397 476
1 85 162 166 177 256 360 374 452
63 130 247 263 317 327 439 464 491
24 80 178 186 218 253 257 321 461
108 147 197 267 272 279 282 353 379
59 70 152 158 219 220 257 341 367
7 43 52 261 316 373 397 423 469
56 69 70 71 78 208 279 333 352
99 101 171 204 208 244 279 418 438
77 139 182 249 291 295 308 366 428
40 56 81 110 121 159 190 330 447
27 169 215 290 340 434 454 479 481
24 90 93 113 134 190 325 452 473
25 57 95 114 171 183 294 314 424
36 102 118 126 161 166 218 239 447
49 58 131 143 195 261 305 453 460
38 111 320 327 357 371 380 409 419
52 90 159 188 264 290 352 384 487
91 114 215 220 303 330 369 410 493
18 163 239 282 336 361 413 416 464
11 125 165 172 183 291 302 305 416
23 57 63 109 119 139 295 316 423
34 41 109 164 195 214 296 451 487
23 83 145 173 233 253 263 441 494
42 113 297 362 364 393 412 436 454
76 119 192 234 332 378 383 386 462
6 12 14 30 96 166 304 412 450
65 114 135 302 342 382 431 453 464
18 114 219 252 288 308 320 380 494
20 123 125 172 188 243 377 422 464
46 111 114 130 152 222 287 432 446
57 175 213 285 345 414 417 441 480
25 32 163 166 266 275 310 318 377
29 137 165 179 253 260 339 407 443
37 50 137 162 175 176 242 368 468
50 70 92 95 223 253 263 353 409
36 59 107 193 265 284 369 400 467
47 81 143 175 265 325 352 354 396
45 60 106 116 162 186 201 386 388
9 60 106 261 284 318 323 351 420
136 154 165 187 212 215 243 355 408
5 27 73 245 250 270 279 414 445
10 64 74 130 176 181 207 227 267
25 28 95 132 212 226 288 383 396
120 123 174 228 238 241 375 418 489
34 71 207 208 269 374 396 444 498
26 75 125 238 391 415 424 428 474
6 36 59 289 305 313 357 426 449
13 24 93 121 229 311 350 354 364
9 47 48 114 207 290 357 358 438
44 46 263 325 341 432 451 472 491
32 62 174 217 258 285 355 466 481
8 117 218 281 340 416 422 446 475
56 79 110 117 292 303 333 379 432 454
36 63 77 94 109 345 380 436 471 492
2 47 50 68 119 149 182 184 185 239
91 114 128 129 258 328 351 419 470 485
89 112 232 307 332 351 365 371 434 439
43 77 118 189 194 316 330 392 430 464
92 139 291 307 311 316 330 339 409 414
11 45 95 180 278 332 357 385 395 477
19 71 115 116 122 240 259 410 439 484
24 39 159 176 199 256 286 326 334 423
56 137 225 236 256 272 285 326 347 473
20 191 193 223 234 245 274 343 386 420
22 43 244 307 326 327 349 367 459 465
168 178 288 322 353 360 379 389 412 453
13 54 66 136 200 349 351 368 461 474
1 74 121 129 176 217 245 266 284 492
33 35 181 300 335 340 349 397 475 497
81 178 215 241 243 306 308 320 467 469
10 101 199 210 321 333 394 407 410 449
56 193 225 266 275 313 385 444 460 499
44 63 168 198 237 247 277 310 364 411
43 61 207 217 223 334 439 440 481 492
84 127 179 186 285 294 338 346 376 475
6 18 20 103 191 246 276 370 404 406
13 40 42 58 130 213 311 370 380 461
33 95 125 147 152 155 188 255 343 370
44 67 137 153 346 375 438 442 470 485
21 64 152 219 237 297 356 370 372 487
35 74 121 151 205 295 333 357 364 470
44 115 158 163 200 244 387 412 436 440
143 145 184 211 227 296 317 325 418 436
94 114 149 175 176 196 272 292 344 359
4 16 54 118 146 184 251 368 481 496
41 82 141 320 352 377 402 421 444 475
23 54 59 143 170 172 318 325 347 382
2 26 64 247 252 279 281 309 409 452
21 25 145 154 157 174 272 393 468 497
32 41 91 231 328 409 448 467 491 499
52 81 86 116 118 230 298 386 411 476
6 12 43 54 162 289 339 373 489 492
121 142 195 210 232 279 330 344 417 441
19 30 44 85 182 183 216 231 404 443
29 67 96 175 179 204 216 264 367 407
12 24 104 191 220 235 286 389 457 460
143 185 296 317 329 389 406 411 497 499
1 3 85 156 263 269 295 327 379 429
13 108 144 202 294 301 429 462 465 481
44 155 163 264 290 416 444 447 478 494
16 133 198 228 260 278 426 437 447 479
27 31 47 144 216 273 280 417 473 496
73 180 243 281 336 339 344 348 356 387
17 130 131 137 170 197 243 315 322 344
185 222 244 267 308 322 328 336 355 422
87 162 250 289 320 328 352 441 465 492
51 68 174 212 223 265 339 393 461 491
10 41 55 171 204 233 250 295 337 413
31 77 97 182 280 302 365 373 429 489
52 148 162 196 224 278 283 373 408 472
3 43 162 178 264 282 406 409 465 480
34 128 176 179 241 258 276 348 408 498
4 33 117 149 276 278 323 324 413 466
1 23 168 194 316 368 429 470 482 486
91 135 148 200 267 268 413 437 448 474
101 213 274 320 357 391 433 453 468 476
16 31 114 130 150 168 214 245 316 399
106 186 277 289 331 376 390 444 465 471
5 15 35 112 190 233 268 269 280 310
33 58 73 102 226 250 264 272 416 477
8 48 133 159 198 230 238 412 435 479
14 116 135 215 348 375 376 377 432 447
29 87 93 147 153 174 289 308 320 426
32 110 125 131 183 225 233 314 367 397
22 91 132 146 171 172 215 300 383 470
60 76 106 111 172 232 263 300 394 415
25 62 92 172 244 253 260 339 430 481
14 32 67 73 98 107 120 325 407 448
64 90 98 126 186 367 397 412 481 482
39 92 131 160 180 237 238 391 415 476
7 73 169 283 322 352 370 398 462 499
27 31 59 60 228 317 371 429 446 475
2 12 87 149 211 234 273 295 448 455
24 44 71 73 214 299 352 429 477 483
79 104 189 195 202 250 257 286 310 407
13 39 62 216 297 302 316 339 468 478
13 26 61 68 100 247 280 286 367 370
31 124 138 197 306 310 359 387 391 413
42 43 51 74 119 247 294 383 417 485
18 86 115 210 216 275 277 336 425 445
55 103 170 176 274 299 366 370 405 440
27 105 137 326 336 351 395 407 409 449
14 21 101 118 122 168 266 335 464 499
113 125 157 241 242 277 282 296 301 356
49 67 100 124 179 211 214 296 314 470
16 68 112 166 167 187 280 319 392 495
24 62 103 131 209 269 368 445 457 477
61 73 126 127 179 229 231 281 395 456
60 108 116 124 177 223 275 375 381 460
74 186 240 264 332 365 387 392 471 488
53 137 208 295 317 318 334 373 389 434
19 84 171 173 242 257 369 426 438 461
9 35 71 80 168 173 265 318 322 400
12 84 103 110 152 259 264 339 360 417
5 35 107 230 248 262 272 372 424 449
31 101 114 200 299 304 335 364 455 462
5 56 69 108 158 204 232 245 455 486
3 12 24 33 75 101 162 206 368 465
8 9 102 130 172 178 263 272 316 354
139 192 222 269 274 279 326 417 443 445
20 34 59 68 263 269 325 378 436 450
106 191 272 298 302 306 356 454 473 496
5 74 79 185 213 254 392 414 432 435
1 45 112 153 162 205 245 425 447 489
113 227 257 298 312 319 334 452 473 491
56 63 73 107 127 163 262 363 370 449
43 48 80 105 138 303 385 404 420 438
40 65 107 116 293 327 344 359 376 439
31 34 210 213 307 382 393 465 475 497
53 178 179 202 241 250 276 320 351 364
25 80 106 164 197 306 350 408 435 450
10 41 104 143 159 249 290 296 426 435
14 228 282 298 317 325 414 452 458 470 475
9 17 102 137 191 213 233 281 322 397 407
48 63 77 123 151 160 209 215 345 358 408
24 73 77 140 176 223 248 260 299 397 432
9 89 114 132 145 190 244 251 367 377 425
57 74 83 142 155 221 247 253 269 299 333
103 119 178 212 238 282 284 300 304 396 440
23 30 35 130 132 281 290 306 332 334 341
10 20 61 108 181 223 257 268 301 366 466
3 41 73 103 123 137 152 170 191 267 399
84 96 148 202 206 243 288 372 402 441 484
142 164 167 195 262 264 286 305 319 340 405
80 96 98 211 268 270 274 344 374 450 472
37 89 110 253 264 291 364 374 413 488 498
49 81 146 202 242 260 266 268 295 305 342
0 61 99 195 197 233 260 341 375 397 483
13 27 29 34 52 96 133 167 187 310 463
1 51 74 113 115 145 165 226 328 386 497
24 26 60 81 147 185 189 297 303 404 433
58 71 72 101 105 260 294 302 304 367 466
25 42 96 202 226 277 323 373 388 433 441
177 197 242 279 295 352 394 410 412 425 440
1 46 72 194 232 236 267 269 356 382 424
13 20 25 29 36 84 111 145 190 268 399
6 36 174 186 284 294 308 379 456 467 494
65 93 128 181 225 287 338 370 410 472 489
52 57 101 117 182 213 222 356 430 454 497
17 118 153 219 248 252 370 381 406 435 447
122 221 245 315 320 330 397 399 418 428 491
48 55 179 224 262 327 343 387 428 465 475
24 115 129 131 214 221 249 294 360 439 486
24 62 83 218 266 295 344 365 426 433 480
4 52 224 228 240 282 284 285 319 377 379
52 63 98 115 134 280 355 372 425 427 431
30 256 279 320 322 331 403 428 437 463 494
29 53 83 94 179 230 248 349 449 460 466
52 101 191 203 226 278 346 373 421 456 494
20 86 95 115 125 240 353 392 412 444 451
28 130 161 198 201 291 292 294 405 412 452
102 119 126 129 180 196 248 275 278 290 410
14 24 83 105 134 184 230 232 278 370 377
73 124 156 219 248 262 286 421 435 472 491
105 111 125 236 262 287 412 413 421 456 479
16 17 77 92 109 116 184 258 325 366 424
9 21 62 87 190 259 264 267 289 386 499
7 54 106 189 207 307 328 337 390 465 493
30 146 219 317 332 379 431 470 472 476 488
1 25 45 104 188 211 293 302 306 384 492
28 55 159 164 170 280 305 330 369 421 476
36 73 134 143 221 239 258 287 312 323 445
52 154 167 292 312 317 318 355 387 415 438
74 97 130 132 157 225 233 256 257 305 380
38 148 157 194 221 296 299 350 407 488 493
26 28 43 50 62 161 281 287 412 476 491
6 21 50 62 74 81 110 136 266 446 477
50 55 98 141 229 244 281 341 444 452 496
38 103 194 213 319 328 368 369 374 407 458
6 16 66 107 162 180 214 232 412 445 447
19 47 58 156 164 201 220 306 307 396 399
42 112 120 141 143 192 195 263 290 308 390
60 97 100 101 134 149 214 272 341 378 456
8 67 89 122 213 225 234 336 367 431 473
70 113 169 229 266 275 310 312 418 425 451
78 109 136 167 189 231 236 307 450 455 473
27 72 115 221 235 237 249 275 304 311 353
33 128 179 180 277 308 317 318 337 364 366
142 176 214 262 272 292 363 372 421 422 496
49 65 115 131 166 188 223 248 315 445 474
48 104 146 149 269 319 353 366 399 432 463
48 189 227 240 296 330 337 343 395 455 472
85 103 121 144 159 188 189 203 317 336 474
21 43 120 156 164 186 226 402 413 425 433
3 5 110 205 397 416 453 472 473 483 496
16 26 49 103 223 293 346 359 463 487 489
84 101 103 121 221 313 324 388 419 421 437
4 27 41 56 58 118 221 247 341 374 402
2 20 105 172 199 204 271 348 397 433 440
31 34 68 69 81 242 305 341 414 431 435
173 183 213 246 328 339 341 355 397 399 404
25 73 105 166 209 227 236 237 291 294 484
89 118 199 224 227 231 271 295 389 404 463
19 22 146 181 188 306 314 322 376 402 498
78 122 165 203 213 263 321 364 404 433 444
57 111 210 264 315 344 361 396 425 454 462
43 67 72 157 218 252 361 429 475 478 490
95 100 197 199 219 228 305 320 417 427 449
84 186 216 230 284 302 309 332 347 391 486
18 41 46 164 196 281 367 376 383 396 490
5 97 106 115 125 299 313 318 363 446 488
20 35 68 74 88 130 233 300 306 428 429
28 60 62 86 266 308 387 393 423 457 488
50 56 74 116 122 228 242 256 370 479 496
1 88 131 161 197 272 352 366 396 436 459
28 44 48 57 60 64 185 202 251 347 428
25 62 84 86 120 121 123 130 174 355 482
57 234 321 324 354 417 426 472 478 483 493
45 58 61 77 109 135 194 242 255 256 415
27 54 115 164 168 353 377 386 441 458 491
17 33 36 128 187 246 265 297 305 318 326
6 15 29 77 97 163 186 217 310 450 499
1 28 47 97 273 308 334 374 404 409 476
42 49 72 94 134 214 302 324 354 413 416
71 151 153 214 290 318 332 414 415 434 458
115 146 190 212 252 308 316 334 423 464 470
10 34 43 138 264 294 343 373 376 424 465
18 114 203 214 215 225 237 304 356 462 489
102 143 150 162 267 270 294 302 319 335 385
60 115 141 163 211 362 382 453 457 469 499
47 55 60 98 226 344 347 359 361 389 469
36 94 116 131 227 243 277 290 337 414 486
7 48 129 132 168 253 281 345 370 480 486
46 60 120 138 314 347 358 422 450 470 477
81 107 115 141 188 260 287 350 388 392 492
14 65 129 147 184 187 200 258 279 431 465
48 146 148 203 212 250 380 408 427 454 498
99 129 141 241 248 264 271 314 327 358 433
115 176 261 306 315 340 368 418 446 458 483
27 67 174 207 226 241 290 331 385 472 479
54 86 89 164 241 245 308 311 323 370 400
79 102 149 186 188 263 291 322 356 476 495
2 21 23 65 96 135 246 406 420 450 462 474
38 110 126 180 227 283 285 293 305 391 442 444
71 91 119 141 146 164 208 275 428 434 448 471
3 9 51 124 153 154 203 250 299 355 445 494
19 95 171 229 265 305 347 351 361 385 387 392
20 32 59 156 189 201 252 265 346 388 434 468
33 49 99 178 236 262 338 340 389 403 483 487
19 69 76 86 137 177 196 340 427 437 453 496
0 76 258 262 327 348 374 394 406 429 451 488
9 71 117 152 224 237 298 303 330 343 371 495
50 62 107 172 174 178 232 247 282 356 375 380
8 56 131 154 185 231 259 269 341 362 394 430
71 104 114 121 202 210 294 314 351 387 492 496
21 40 76 161 179 200 235 238 260 308 388 391
180 214 222 246 270 329 333 339 342 430 431 453
34 59 136 163 170 206 313 336 413 424 426 482
85 87 103 104 106 140 296 318 347 358 435 449
55 65 139 150 151 158 160 210 296 463 467 487
1 13 25 124 169 175 310 322 417 421 434 485
16 27 50 90 121 211 248 333 375 386 419 458
64 105 193 201 236 250 285 291 301 348 463 471
59 80 122 180 248 265 283 338 362 406 414 483
22 51 188 207 219 225 233 273 276 290 323 373
4 143 163 217 238 247 269 376 401 408 422 455
166 191 203 226 252 265 279 300 321 420 436 483
0 5 10 27 47 61 78 204 272 314 350 411
25 51 55 59 74 120 137 192 198 204 218 488
46 126 134 144 162 202 246 273 312 337 487 498
29 33 66 80 97 112 136 184 197 257 271 292
5 29 56 115 160 168 181 246 272 309 453 493
40 42 53 124 149 162 178 179 258 282 293 380
139 179 192 203 221 266 289 312 333 390 486 490
4 17 77 167 205 247 309 312 328 375 422 461
4 35 37 51 62 148 208 221 298 313 335 439
51 107 117 151 188 270 321 348 355 366 405 410
71 74 77 100 103 115 123 199 383 465 485 492
18 24 118 274 321 328 341 387 400 468 477 487
83 168 174 189 190 212 344 371 393 443 465 482
13 25 31 57 72 136 147 151 246 376 382 421
96 99 120 166 178 216 292 338 410 420 454 498
87 97 121 205 221 238 280 326 327 428 472 477
53 109 112 137 140 183 194 231 242 260 431 455
51 187 196 251 365 387 394 423 443 449 490 494
9 15 46 85 87 94 108 166 170 261 277 486
25 58 216 259 271 346 349 391 417 429 469 482
10 77 101 112 196 249 258 270 304 337 382 433
11 29 31 115 212 277 302 355 396 447 463 490
3 106 182 276 316 369 373 392 447 461 486 491
6 29 59 60 98 126 203 204 331 335 469 499
34 64 206 258 271 286 309 325 358 377 455 475
0 1 6 87 169 213 257 414 422 428 461 482
51 106 195 254 270 298 327 344 363 383 442 447
97 100 106 155 160 168 193 219 242 272 300 394
54 91 107 126 161 164 194 237 253 266 330 357
15 28 29 79 94 115 125 186 213 237 286 423
23 33 73 79 194 195 275 276 304 333 337 378
27 35 111 122 162 189 201 226 373 411 431 478
8 32 74 95 124 133 170 201 207 346 418 458
5 115 123 158 179 260 334 338 362 371 384 416
15 57 63 67 155 224 250 252 297 342 457 484
9 25 120 133 157 236 247 264 402 412 464 496
9 18 117 140 167 175 177 182 220 233 316 465
120 134 179 234 236 237 322 345 366 428 451 490
99 182 195 205 256 308 327 349 360 388 389 476
84 151 168 217 278 292 317 327 332 370 431 439
96 104 127 151 296 310 326 364 434 439 479 494
6 10 35 38 76 88 208 249 261 305 432 467
21 40 46 79 98 114 123 143 246 397 477 479
1 22 28 60 83 116 186 204 228 260 308 427
52 57 75 77 114 145 308 357 385 394 401 456
146 233 270 282 301 313 341 342 348 469 477 495
5 24 91 149 155 218 261 311 335 395 400 434
38 157 160 208 211 230 246 309 367 422 450 480
3 39 100 128 153 248 266 407 414 441 446 486
40 89 91 102 155 180 196 221 269 331 377 400
18 75 87 128 159 160 169 300 328 383 414 493
60 120 134 209 224 235 273 293 315 366 367 413
71 94 124 176 185 205 264 266 290 311 378 382
29 55 62 132 139 228 238 325 333 370 467 476
16 220 244 321 344 377 383 439 446 456 477 487
29 67 76 180 185 189 255 262 289 328 479 488
33 35 38 49 164 183 218 230 320 356 364 451
19 65 131 213 224 239 271 291 300 327 384 474
11 51 104 142 144 192 208 235 269 418 457 481
59 102 128 145 199 232 271 272 332 339 366 462
10 13 66 129 140 145 148 307 315 346 352 357
14 40 56 76 90 132 182 211 260 316 414 432
41 107 115 146 229 234 363 369 411 434 450 481
1 42 65 121 202 204 216 227 271 288 296 326
7 112 150 157 227 239 309 352 390 463 473 485
15 178 222 297 302 311 315 368 412 450 475 479
30 104 120 126 145 153 200 251 287 301 308 330
22 47 59 137 184 241 246 317 358 370 464 466
45 67 87 104 300 309 345 361 387 407 414 466
3 73 80 88 90 122 145 146 180 274 333 489
21 43 152 154 243 278 283 310 333 336 368 425
11 104 133 170 230 241 303 336 344 394 416 491
31 143 181 235 243 247 293 309 333 399 405 470
10 22 33 49 61 85 113 115 146 159 279 326
57 122 123 146 171 192 194 233 319 353 396 438
6 23 139 146 195 198 236 256 328 334 347 391
14 23 71 101 221 242 292 299 330 379 386 401
57 75 84 93 105 191 219 276 345 358 403 455
29 82 95 100 106 127 136 236 293 327 363 442
29 91 114 137 167 178 223 296 407 408 470 496
18 21 53 90 145 172 235 308 334 418 453 471
16 21 103 137 139 143 174 243 312 344 465 494
18 122 157 199 212 238 276 277 301 310 332 357
80 83 102 129 172 208 209 258 284 356 366 427
23 34 42 87 153 293 341 351 387 404 453 473
38 42 146 164 171 286 347 370 394 408 428 456
18 21 61 88 172 192 267 323 389 394 492 495
72 89 165 173 230 231 247 334 336 361 402 424
29 47 55 62 81 102 131 198 269 287 315 451
1 12 24 56 111 113 183 313 370 396 398 483
4 15 41 42 102 145 150 152 206 374 408 455
6 113 115 125 219 237 249 263 348 420 444 472
49 69 120 126 169 195 198 267 345 390 394 431
10 25 63 102 134 154 334 411 438 440 463 486
41 119 171 245 262 325 343 384 387 391 486 493
12 62 102 184 248 269 283 324 354 358 365 374 390
33 46 70 87 141 183 207 303 366 396 424 459 491
103 149 173 208 221 228 277 278 419 430 478 487 498
0 23 60 83 171 179 251 347 379 424 455 462 484
4 8 61 63 64 77 109 140 223 235 255 266 419
56 80 169 171 191 210 240 253 293 355 386 466 467
10 28 123 142 236 263 352 374 390 425 438 459 463
21 34 47 98 190 257 262 271 323 325 374 400 484
8 9 34 53 144 164 244 310 317 319 324 402 482
62 94 96 105 149 173 221 224 274 298 360 373 467
0 24 32 34 50 105 163 227 230 301 386 464 499
0 15 68 207 222 233 247 261 277 320 341 368 456
28 34 107 174 179 211 269 292 336 355 356 402 471
1 74 91 120 279 300 326 330 331 399 445 452 498
2 8 90 169 253 276 287 298 343 393 434 447 499
29 37 80 83 113 151 181 236 308 337 372 403 454
40 68 95 106 236 270 293 304 315 385 401 433 483
24 65 77 103 193 218 231 232 324 349 395 410 469
17 28 54 152 190 203 236 254 284 328 334 415 453
20 57 129 130 200 252 293 304 378 398 427 488 489
8 64 82 98 109 189 245 337 349 377 454 466 474
24 72 75 90 134 147 195 201 297 346 370 409 492
43 97 137 153 168 244 266 309 444 447 480 486 497
9 49 52 115 122 169 196 210 238 381 392 400 428
60 101 116 139 162 188 192 206 298 338 395 419 455
38 47 98 174 229 250 269 345 355 367 388 402 461
72 97 104 153 177 188 190 263 284 292 320 371 374
1 18 29 46 115 148 246 339 363 384 408 415 420
25 64 102 106 109 117 149 164 166 237 266 307 387
41 106 137 140 188 192 195 218 277 334 367 386 464
6 145 289 294 301 306 320 321 323 328 366 398 491
31 62 89 111 139 161 184 187 192 194 226 232 481
6 117 286 295 314 330 351 397 404 432 448 456 487
44 64 72 120 132 196 208 224 346 374 382 455 470
5 132 135 200 208 255 272 277 311 321 346 403 476
46 253 270 277 312 346 357 369 381 411 422 428 466
3 45 63 87 144 172 224 232 271 322 323 382 451
40 186 188 196 235 237 264 301 393 398 402 445 487
15 43 49 62 127 182 198 223 243 264 266 395 495
82 84 96 168 278 291 318 329 335 354 416 480 490
35 70 93 171 181 232 240 255 269 378 449 464 476
42 101 141 168 205 219 258 313 316 373 467 477 480
6 16 42 119 121 128 178 252 283 315 328 396 451
19 36 40 70 91 128 317 373 387 397 419 466 474
98 222 271 284 293 300 306 355 379 390 392 476 481
34 222 230 239 307 324 400 421 429 437 456 470 480
8 43 61 65 83 132 179 198 214 250 290 473 497
45 66 132 133 175 192 216 249 311 349 363 413 495
49 56 76 117 123 139 219 320 328 388 394 425 428
36 152 176 212 213 244 263 315 352 369 384 407 451
19 34 79 84 177 242 278 311 313 314 327 426 448
8 47 107 155 193 214 350 372 390 404 413 438 475
3 4 15 37 113 229 296 329 355 358 361 401 463
9 98 146 152 154 158 203 247 276 396 408 479 493
5 11 13 127 136 137 193 207 236 324 403 443 472
23 43 60 124 262 269 273 305 310 328 338 413 443
43 170 195 206 242 326 330 337 367 408 426 457 480
8 18 45 48 74 193 212 231 280 325 364 375 436
2 15 53 81 139 169 197 244 252 353 403 420 443
16 38 40 49 89 176 220 227 236 257 293 406 479
0 8 9 52 70 84 88 159 261 367 439 441 478
24 26 32 65 82 87 122 257 270 301 331 338 406
5 145 168 170 171 197 199 214 267 353 371 405 444
96 103 124 155 172 216 218 254 318 404 410 451 466
117 154 160 174 181 200 201 206 235 290 323 345 431
16 46 71 149 191 231 243 247 303 370 416 455 480
41 85 86 90 153 217 255 311 316 341 344 446 456
25 33 113 117 132 161 191 233 253 337 405 467 474
38 49 84 206 330 334 365 381 415 422 445 455 480
0 9 16 67 171 226 248 439 465 469 476 489 493
4 47 133 169 218 252 274 287 291 292 354 362 404
5 30 122 160 241 244 265 267 321 410 429 438 453
38 41 68 85 96 97 160 227 331 364 383 451 494
13 84 124 152 212 235 244 311 329 420 429 446 462
12 61 86 123 176 240 265 308 318 335 359 378 382
55 91 134 167 219 239 266 285 346 368 386 396 489
3 62 67 115 127 201 214 251 288 295 353 380 449
14 62 127 168 199 213 327 351 366 386 421 422 460
46 59 67 114 132 236 318 328 354 398 423 444 445
58 89 97 110 128 136 233 235 268 283 432 441 447
51 66 196 235 239 280 296 302 322 357 359 385 409
7 45 64 87 116 137 160 191 272 275 313 348 423
72 80 149 161 206 270 282 309 339 360 394 412 465
53 135 168 177 187 212 254 323 330 341 370 381 402
70 106 120 129 212 237 266 268 331 355 438 486 490
63 126 149 187 217 231 295 339 402 403 414 462 472
26 164 184 195 280 384 403 405 422 441 453 455 491
24 72 76 220 225 258 280 332 356 406 412 420 437
20 62 76 84 100 115 214 287 303 338 469 490 493
45 67 128 130 149 194 204 210 341 369 400 401 443
0 60 74 135 163 188 223 260 329 350 386 404 491
23 31 116 118 132 156 180 209 344 355 391 431 474
57 101 168 188 205 215 265 279 341 375 431 467 473
23 28 66 84 146 175 204 250 259 281 322 331 389
21 112 124 168 180 223 253 261 272 296 323 399 418
52 76 99 124 152 172 179 200 220 316 369 393 437
92 110 125 153 173 275 282 309 344 369 399 470 493
21 47 54 60 138 142 157 163 257 353 451 474 495
122 141 150 212 312 328 343 347 378 382 433 465 479
8 68 145 228 250 257 354 376 404 433 466 484 491
11 21 54 63 210 220 262 294 299 308 339 376 417
33 42 83 117 204 230 250 317 318 418 421 449 472
5 12 88 155 215 228 333 350 376 406 418 427 480
19 26 32 216 247 258 264 301 305 324 382 388 491
0 27 47 65 250 254 273 274 289 290 309 414 486
7 15 27 47 56 59 104 142 157 258 281 309 458
97 120 161 261 269 320 321 333 364 404 421 426 451
21 72 216 285 352 372 389 396 408 431 436 463 479
6 26 38 103 130 141 171 263 290 331 358 395 435
12 133 140 172 183 277 312 326 330 340 371 372 460
31 94 125 137 192 291 321 327 339 349 457 460 489
0 62 78 159 189 292 320 427 438 445 452 458 486
62 213 243 247 275 306 366 390 436 441 442 464 473
52 89 99 131 188 275 327 339 349 353 358 415 497
107 143 189 250 253 292 293 295 304 317 362 375 394
16 34 40 93 104 177 189 203 274 294 322 403 483
0 10 31 59 80 98 147 156 240 317 318 378 481
5 78 160 252 283 348 401 424 429 463 465 466 469
6 18 51 103 105 129 145 190 237 341 360 425 465
33 35 70 99 138 203 264 277 307 354 405 419 484
10 17 32 33 56 77 94 103 210 272 296 336 438 479
98 189 195 209 226 241 244 251 271 278 379 417 441 456
24 46 81 128 247 268 293 299 365 371 416 433 454 481
109 139 144 151 153 159 162 177 183 226 227 293 378 496
30 63 115 173 192 203 213 242 264 278 349 351 370 467
4 63 67 128 196 203 236 321 390 396 433 447 448 477
59 70 83 135 176 202 259 291 297 373 401 437 443 455
67 89 228 239 252 289 292 339 404 461 463 474 494 495
3 12 17 80 100 116 171 230 305 420 432 440 466 498
15 26 44 86 106 144 241 252 273 278 312 321 327 396
67 115 132 156 161 227 277 302 309 356 364 395 400 475
34 36 62 75 91 127 160 161 162 261 317 338 450 488
10 66 107 135 168 181 183 220 309 319 350 368 369 444
58 67 87 95 116 128 134 196 228 279 365 384 395 445
30 46 81 128 131 132 220 238 321 329 390 412 447 478
6 8 22 45 164 195 239 282 302 316 338 378 414 435
32 61 78 104 115 177 234 256 260 296 306 326 379 440
72 83 101 151 156 163 189 233 296 312 344 360 495 499
2 13 43 50 196 217 319 334 336 379 389 405 466 487
7 64 135 167 218 284 354 390 392 422 434 438 463 496
2 33 62 73 136 146 188 223 247 308 321 401 491 497
38 40 46 79 112 154 274 295 315 389 448 451 456 472
7 71 163 216 227 264 270 275 284 304 377 383 412 482
59 76 175 214 302 306 313 376 394 406 410 431 470 480
31 43 45 100 115 124 143 162 220 352 364 370 433 446
27 28 65 68 194 233 248 253 254 317 326 352 449 472
25 36 113 121 169 204 215 217 256 290 333 414 434 454
127 129 154 160 236 274 388 390 397 408 431 432 479 494
33 86 121 125 149 242 252 257 295 318 330 420 487 494
8 53 100 144 151 190 245 309 340 372 382 400 453 454
3 58 73 139 182 200 206 224 300 306 345 353 355 477
14 36 215 226 261 275 277 337 343 353 357 422 439 450
1 72 159 276 308 320 324 328 352 364 378 391 435 436
37 56 96 99 149 154 199 240 284 344 363 368 377 436
3 14 142 151 173 238 285 317 324 408 411 417 440 484
32 116 149 156 184 187 206 216 236 257 264 406 456 479
0 86 186 207 246 248 257 294 317 422 454 458 480 481
3 77 89 117 142 185 190 209 214 276 278 350 357 393
81 88 109 147 164 242 263 288 295 327 393 395 396 412
3 61 74 115 124 126 335 353 357 380 412 434 447 484
17 33 44 93 105 135 154 240 298 303 331 358 429 490
33 94 119 183 252 283 324 340 367 433 447 456 477 482
40 44 48 196 201 313 329 340 366 376 378 410 454 458
16 46 65 97 106 210 215 262 310 378 392 402 416 485
5 71 89 147 156 213 260 334 336 371 373 381 385 452
15 41 104 138 180 191 296 307 326 359 412 436 464 475
69 71 80 109 125 137 170 221 266 275 292 302 384 393
69 110 122 161 181 247 285 306 307 337 373 388 393 401
55 77 90 139 146 215 274 290 298 299 301 325 435 455
29 56 124 127 141 154 171 176 221 286 350 392 467 483
102 138 146 245 271 290 345 357 359 385 413 422 438 494
39 122 136 139 156 199 212 260 263 300 317 352 393 442
36 61 63 68 209 227 233 338 360 383 434 442 469 498
69 144 146 153 179 190 201 274 356 444 479 488 497 498
1 10 91 93 137 151 162 210 262 276 337 359 439 496
30 57 96 112 124 254 327 352 411 415 439 446 482 493
19 104 157 208 236 253 263 312 359 422 424 434 441 454
67 76 89 151 168 237 239 281 353 402 423 428 430 491
5 14 20 25 107 151 173 342 371 406 408 440 493 499
32 131 181 192 226 293 300 332 346 362 380 413 433 492
25 91 98 149 150 246 272 277 307 345 373 390 398 479
31 52 75 118 120 208 209 213 247 250 259 300 330 436
1 25 55 57 93 166 202 228 245 355 392 431 474 479
58 74 91 122 138 176 199 244 245 260 326 341 348 445
43 58 64 142 146 172 175 193 297 303 373 458 469 480
2 60 100 109 133 198 227 237 252 378 391 397 468 489
110 123 129 137 147 244 257 267 284 286 366 385 414 477
56 124 156 200 205 215 235 251 252 267 326 358 379 477
15 16 57 71 145 162 250 316 343 363 401 419 478 495
10 15 31 41 63 79 82 147 195 274 298 364 373 378
2 3 4 67 114 183 237 247 316 370 377 431 448 466
62 75 92 171 178 229 259 329 337 383 400 406 411 440
26 50 92 98 108 119 227 254 321 394 413 424 438 496
19 31 46 111 125 142 166 172 189 210 308 337 371 454
6 7 87 124 136 162 262 284 300 395 435 469 483 494
50 60 68 100 193 264 352 361 364 374 375 417 489 497
29 72 74 86 140 206 235 290 298 315 345 351 468 485
52 53 67 70 71 94 149 157 208 238 284 398 418 467
37 69 96 228 250 253 265 267 302 342 387 396 453 481
56 74 129 162 181 183 194 277 306 379 391 426 442 496
55 65 79 101 115 141 250 297 338 342 404 420 453 495
37 82 92 103 162 216 255 257 282 292 357 370 423 427
17 37 48 80 91 125 131 195 229 230 257 263 387 441
11 69 105 118 143 151 163 181 192 220 371 434 461 484
32 63 66 80 89 110 112 179 194 244 439 445 492 494
6 11 65 141 161 193 214 242 255 259 328 330 368 421
6 19 41 56 100 201 259 289 293 309 320 324 339 495
53 97 113 180 218 243 355 393 407 424 437 466 476 477
20 120 139 174 178 191 201 245 257 264 295 342 348 351
5 21 68 69 85 137 174 182 205 412 421 448 450 466
60 64 101 111 123 185 219 233 352 369 375 395 431 449
7 28 108 133 149 229 231 356 359 390 400 447 460 484
10 72 73 94 121 178 235 284 300 308 359 422 452 453
25 67 164 169 208 213 233 300 305 338 341 410 452 456
7 19 191 207 217 254 266 271 272 306 358 389 415 422
18 52 115 228 230 282 304 349 376 384 419 453 461 467
5 11 29 39 59 89 110 164 194 216 219 274 406 471
86 91 143 151 181 184 202 206 303 339 349 373 423 434
117 180 208 218 230 258 259 288 295 306 381 410 452 471
125 129 136 155 169 252 351 359 368 381 406 418 453 484
32 57 65 112 189 209 238 296 310 320 348 421 429 434 471
45 62 141 178 189 253 271 295 310 322 381 406 422 462 489
20 26 40 175 185 250 254 255 289 307 350 361 444 447 456
23 37 82 89 97 146 244 259 274 308 316 400 430 437 474
14 17 27 109 136 144 181 254 265 276 320 392 408 483 484
2 32 75 99 103 113 146 160 184 291 409 439 448 477 488
17 32 33 36 60 69 150 262 278 316 329 359 384 412 477
15 83 96 111 174 187 207 285 310 356 393 397 398 407 493
18 24 25 104 115 124 146 164 175 254 435 456 458 477 490
28 56 75 97 107 188 190 231 295 296 343 391 400 479 495
39 42 141 155 158 187 190 240 259 272 345 356 372 383 456
0 146 196 218 226 256 261 318 383 414 418 436 449 453 465
84 93 104 209 216 229 238 249 289 292 315 400 428 456 498
44 72 131 138 139 145 155 237 261 320 338 377 395 403 490
16 28 31 52 173 205 246 255 356 366 371 377 410 446 492
42 166 224 226 263 268 275 311 347 363 371 399 425 427 491
22 57 60 94 97 106 146 187 315 359 380 454 464 469 476
52 73 183 186 227 236 355 356 384 410 419 433 448 481 487
75 112 177 248 250 252 253 277 287 340 353 359 416 425 448
25 27 34 50 127 148 205 235 279 295 329 447 452 479 482
10 30 42 72 93 96 113 169 202 205 302 404 427 443 454
20 31 45 129 140 153 185 189 193 213 267 356 374 443 460
2 23 28 63 86 103 204 213 245 303 335 411 447 452 478
45 73 184 236 277 291 351 376 377 397 421 422 427 433 458
5 18 60 79 133 134 136 182 234 329 364 369 435 436 452
54 70 89 101 121 138 153 248 259 274 356 360 458 468 470
29 64 89 110 127 148 158 224 252 256 324 359 381 391 467
71 104 137 146 152 162 274 325 367 382 400 401 402 430 496
85 95 102 157 179 202 262 266 282 369 385 405 416 441 477
58 96 111 215 262 295 314 379 407 414 445 447 451 454 466
12 37 49 51 74 131 192 207 263 313 379 440 461 486 496
189 215 238 274 339 340 368 373 386 395 411 428 447 455 464
4 23 27 36 42 88 115 153 163 281 291 292 309 314 355
51 90 97 173 183 191 246 291 312 329 347 424 446 491 497
91 106 132 194 196 266 276 307 328 348 393 408 413 416 489
47 51 71 73 96 99 147 148 166 170 224 243 263 351 387
31 47 73 128 137 150 165 207 261 293 315 318 325 373 396
88 138 165 171 250 285 316 352 388 392 400 405 409 433 461
10 38 92 98 100 133 141 194 236 306 364 378 442 473 489
1 85 92 110 149 187 229 249 251 254 271 363 425 473 495
13 82 105 133 238 242 283 319 348 364 408 419 447 454 470
30 70 119 233 277 293 336 338 348 363 378 424 448 471 486
85 109 141 250 260 282 311 324 356 388 393 417 459 460 486
3 43 50 73 116 254 272 295 350 362 381 414 416 429 499
59 129 198 199 221 250 285 301 302 358 415 431 481 484 499
63 65 150 151 157 320 328 385 389 395 407 437 467 472 492
8 21 50 58 144 204 215 275 278 304 326 373 403 417 458
25 115 200 204 318 340 350 364 380 392 408 415 443 486 499
9 30 43 132 169 216 229 237 246 278 289 341 396 400 494
6 13 36 40 47 60 145 194 250 267 338 344 364 475 494
4 43 51 54 192 249 256 260 261 281 286 392 411 415 430
13 16 25 49 72 125 191 202 217 227 260 307 390 445 462
26 37 110 118 131 188 219 252 294 322 374 376 414 438 466
50 88 93 142 186 214 259 283 323 331 342 360 428 439 471
28 43 53 65 127 167 183 185 242 246 249 260 285 426 485
48 70 79 100 129 136 170 178 355 357 408 435 449 474 493
3 29 45 61 86 102 134 164 169 318 357 389 406 434 498
3 5 49 67 109 118 140 142 151 212 229 317 428 429 442
4 18 21 22 110 112 127 149 205 312 361 384 404 417 436
39 143 144 157 194 233 248 272 276 300 344 384 445 471 482
14 20 26 63 102 119 186 220 251 263 320 347 367 454 463
64 76 80 115 120 221 223 253 307 333 361 381 456 470 475
25 105 192 200 220 250 261 290 302 323 356 366 383 391 448
16 67 69 71 75 82 117 144 270 285 297 309 348 428 481
27 28 37 54 60 79 103 114 166 191 337 387 467 478 487
5 52 182 185 189 223 263 286 350 372 380 398 451 486 495
17 61 120 165 181 222 292 306 349 367 368 374 383 414 445
14 40 74 102 173 176 231 238 250 257 342 349 381 417 442
14 50 54 74 92 179 227 266 296 309 402 463 466 470 477
2 28 41 81 136 190 207 239 249 255 287 315 327 338 423
3 53 123 156 166 206 255 269 327 348 367 385 450 481 490
20 51 100 124 139 147 214 234 308 319 386 397 412 439 485
17 22 29 53 56 134 160 286 298 363 382 386 399 425 434
16 100 129 166 174 232 258 300 323 363 378 432 445 449 482
89 94 110 129 140 155 212 235 244 271 300 382 395 418 466
19 34 188 220 232 237 251 253 338 375 394 407 428 459 491
43 55 87 151 201 221 247 268 290 317 333 377 427 468 485
19 28 41 48 55 56 97 131 150 154 215 268 307 372 473
19 92 105 118 151 157 225 258 292 303 309 418 441 447 483
1 136 152 204 208 219 231 241 281 300 378 388 391 394 475
22 90 141 150 178 282 310 317 335 342 348 355 419 443 488
34 61 116 141 170 203 237 250 292 294 307 347 398 474 489
110 244 268 291 293 302 362 363 377 391 413 430 451 482 484
9 10 42 66 70 85 156 186 362 365 371 403 426 442 453
61 80 81 90 111 128 131 189 191 220 232 260 263 365 490
57 70 89 100 112 176 178 192 202 228 270 319 321 355 414
21 29 107 118 171 207 213 214 240 285 354 359 382 434 457
7 119 145 174 180 207 233 263 303 321 381 421 462 472 483
41 67 80 84 102 186 192 197 263 288 337 374 400 485 497
28 29 85 126 157 165 199 207 323 328 404 420 427 453 490
21 30 32 58 65 66 129 157 176 216 223 240 249 450 488
23 52 122 141 178 197 207 272 274 287 306 398 402 430 435
13 83 99 126 245 278 298 323 341 345 355 389 452 458 467
1 51 90 120 146 224 225 353 393 397 430 462 472 479 489
7 59 73 134 162 203 280 282 319 360 444 451 460 490 496
2 8 130 157 278 322 336 361 395 400 420 421 425 433 489
17 38 49 64 65 134 137 361 388 400 415 429 468 478 491
36 56 57 66 120 159 175 193 195 202 250 275 292 389 394
43 69 93 142 185 207 231 253 282 284 319 382 404 432 467
47 121 163 182 186 323 403 411 421 431 446 456 461 474 497
44 47 52 57 68 137 222 241 263 389 396 399 448 476 491 498
105 182 198 232 240 246 281 285 304 313 351 384 397 455 457 479
14 43 58 98 131 177 275 300 307 310 353 376 414 457 466 494
21 35 58 81 135 153 160 176 238 239 287 293 375 395 411 486
35 45 107 172 236 249 257 294 338 361 401 411 428 434 443 484
28 51 75 98 155 167 254 291 296 369 383 415 425 436 443 469
54 57 58 115 163 177 212 220 242 284 291 397 418 428 457 467
28 31 43 78 100 115 134 161 250 298 299 300 301 409 473 498
0 22 29 47 71 170 185 190 194 211 232 260 305 394 453 474
4 31 72 90 121 165 173 177 227 230 231 238 242 260 346 375
29 58 89 95 166 216 228 229 306 315 323 406 418 444 471 476
6 64 89 91 135 139 142 261 298 313 328 337 358 395 417 439
30 56 60 90 105 119 145 226 255 270 273 351 371 406 412 413
26 34 108 115 156 184 252 271 325 329 370 372 388 451 460 476
51 58 91 118 130 144 176 191 222 235 284 339 386 423 426 480
81 126 189 204 212 220 246 254 286 305 317 346 364 386 432 433
50 65 82 86 115 152 167 254 260 309 321 333 340 370 379 488
56 60 84 110 164 167 229 262 266 284 287 316 329 379 390 416
51 60 71 79 100 134 154 159 222 229 246 247 311 340 369 382
34 38 63 67 113 126 199 239 254 368 407 422 426 437 493 496
42 57 72 90 103 105 119 159 198 238 252 351 377 427 456 477
15 57 77 86 120 167 188 240 265 268 313 385 427 429 440 451
17 136 168 212 250 266 275 277 283 284 371 408 420 454 485 492
25 59 93 113 163 201 232 241 266 310 371 410 447 482 488 493
1 59 77 128 135 156 187 238 242 248 280 296 313 361 430 490
3 4 83 139 210 226 247 271 278 285 327 333 351 356 447 496
34 64 68 81 107 197 204 234 262 273 310 336 357 377 407 479
39 86 152 160 169 204 214 216 290 293 294 377 452 454 464 495
68 135 147 178 195 197 224 250 255 300 335 385 422 433 458 486
53 56 59 87 155 161 181 212 230 314 316 324 334 357 408 417
47 56 73 135 172 190 202 209 212 232 269 350 426 428 435 436
11 45 47 78 138 143 160 170 222 231 335 344 362 403 457 458
2 12 41 51 68 114 122 135 160 175 204 299 366 449 451 469
82 90 130 136 169 190 209 221 257 270 315 318 391 424 426 484
8 14 19 74 125 157 164 170 178 182 259 287 319 391 443 454
45 68 112 117 119 128 185 201 206 251 268 270 294 344 423 435
40 70 75 185 342 344 351 358 372 375 394 411 415 454 477 479
8 16 47 65 80 186 223 235 243 247 273 289 325 340 429 460
13 77 179 205 242 266 284 343 354 376 400 402 412 413 423 472
14 57 71 128 133 149 191 312 374 416 442 449 462 473 488 492
0 86 93 98 170 183 251 259 300 331 356 402 412 418 427 453
26 28 36 56 63 161 199 243 382 391 413 416 420 431 469 485
10 62 120 192 198 200 250 261 335 338 343 365 373 446 486 493
63 71 84 157 256 281 286 322 338 372 377 406 435 449 453 476
33 76 103 108 111 141 145 184 188 228 256 305 407 464 468 496
17 40 103 116 118 119 146 202 209 215 235 286 334 397 425 451
122 132 160 171 177 191 205 240 257 335 385 387 405 435 475 483
54 95 138 181 185 192 277 285 310 405 420 462 473 474 491 495
15 24 53 108 203 222 225 233 257 266 374 406 430 431 444 462
18 79 110 153 182 203 205 211 222 224 269 274 306 321 328 403
17 21 55 98 145 199 200 238 275 277 308 334 353 404 439 454
36 75 125 162 190 234 255 257 328 348 361 375 409 436 476 482
15 16 21 118 126 179 233 239 279 299 339 343 345 368 382 447
0 16 46 62 86 110 134 167 174 280 332 365 417 424 438 460
2 3 48 83 98 102 115 133 136 147 173 222 293 355 408 497
55 73 93 126 155 164 187 215 241 314 335 362 391 402 432 485
11 37 64 106 161 259 284 316 342 382 386 393 442 457 468 475
4 80 88 97 141 161 163 186 191 238 273 278 330 359 414 440
77 88 89 103 120 130 151 215 242 246 338 458 463 476 486 494
14 60 104 116 140 171 190 214 273 287 331 355 388 400 402 418
38 118 142 203 259 266 273 296 300 362 379 389 402 425 448 485
99 101 107 155 162 193 194 264 299 320 322 366 405 440 458 496
72 103 114 116 180 181 183 219 227 255 278 382 389 411 434 462
72 80 160 204 252 266 279 284 309 322 372 401 410 472 487 490
8 16 51 104 138 140 263 266 332 345 377 410 418 449 482 484
22 33 114 146 164 175 219 305 350 387 392 411 440 444 481 495
6 20 51 94 106 142 245 247 254 280 318 335 378 394 407 439
14 34 70 77 122 130 246 281 286 328 333 347 365 376 386 414
75 96 100 111 115 126 179 259 301 326 347 384 391 414 443 480
19 34 55 64 131 149 172 188 204 216 240 282 328 437 453 483
4 98 127 133 134 159 220 247 295 303 319 385 393 400 403 469
20 95 200 210 271 280 331 346 372 405 431 440 459 468 490 494
6 48 96 132 140 180 204 211 317 332 357 388 424 434 483 487
29 52 99 119 144 182 275 314 352 367 393 417 434 467 480 498
72 83 92 108 130 148 198 218 233 236 250 306 345 349 370 496
12 72 125 189 192 271 316 317 323 355 363 380 445 465 487 489
53 68 99 161 179 200 216 263 274 353 384 391 435 464 469 492
25 27 29 59 149 160 170 173 227 254 262 278 337 387 401 436
10 49 69 87 91 103 112 122 201 268 293 303 375 380 418 465
4 108 117 183 213 216 265 285 292 347 369 422 446 471 473 485
53 191 202 225 269 308 320 333 337 342 360 419 420 438 439 480
25 31 74 84 114 139 170 199 205 220 280 284 338 432 452 463
34 70 111 117 122 127 131 162 168 208 268 318 322 379 395 474
10 25 47 86 92 98 105 137 146 154 217 234 266 286 304 395
60 66 85 114 120 124 133 151 236 241 312 335 370 378 382 388
77 117 121 149 157 158 209 236 266 296 373 393 428 432 446 492
42 150 154 163 171 249 285 297 299 307 324 345 356 410 478 492
12 61 115 163 167 172 234 244 253 257 282 289 420 446 470 471
4 13 15 31 101 106 168 185 187 246 249 320 336 338 442 471
73 126 157 161 175 180 291 310 332 339 356 394 411 460 468 482
1 28 71 164 269 273 293 300 314 321 326 385 398 412 442 485
25 31 55 83 86 104 105 117 147 191 221 234 318 376 417 470
50 120 123 125 132 154 161 185 231 241 249 294 300 304 313 415
45 49 62 76 103 125 254 259 268 280 337 358 382 427 439 481
0 30 41 43 123 153 191 195 240 242 288 362 383 394 404 442
10 30 94 101 208 263 285 344 345 353 367 385 400 402 433 452
8 20 78 137 232 234 275 308 322 355 365 384 388 431 432 476
106 121 146 171 270 309 353 366 369 380 382 424 428 474 494 498
18 20 27 63 112 129 155 183 205 234 239 264 306 432 442 460
9 62 80 109 110 143 153 166 241 299 313 350 390 402 466 467
6 43 58 88 231 252 294 319 333 336 349 355 356 387 420 434 471
10 35 41 46 67 75 91 93 178 192 207 209 218 230 255 418 469
6 12 37 73 76 132 162 174 177 263 295 322 360 365 376 429 445
25 39 63 125 132 148 204 219 227 237 271 284 289 299 378 394 448
5 80 82 88 171 177 210 225 232 233 272 321 371 377 410 462 488
42 44 46 54 161 186 233 267 319 326 344 347 375 405 425 472 480
9 22 155 167 247 275 276 284 294 301 311 336 349 403 416 447 478
27 81 108 218 306 332 343 353 357 365 370 398 442 446 465 475 495
7 55 58 60 66 94 157 206 239 250 258 295 296 382 387 446 493
67 79 102 108 147 154 265 280 292 294 345 352 416 423 433 453 475
2 28 34 59 113 148 205 219 221 233 251 301 311 342 347 405 411
31 78 100 170 184 269 276 307 320 343 363 384 387 391 397 456 464
33 67 101 120 167 168 198 203 224 261 323 327 337 342 362 423 485
78 81 99 105 111 151 229 233 288 351 380 407 418 420 430 432 491
36 77 132 153 156 185 187 258 259 274 331 346 348 411 421 438 477
4 11 23 65 159 192 218 234 267 277 289 292 342 367 451 457 461
0 2 25 71 72 91 96 118 125 140 182 193 198 281 330 375 376
2 3 21 130 170 186 190 213 286 300 316 388 394 403 463 485 487
5 6 21 104 117 134 138 140 143 193 211 245 308 312 403 417 465
2 50 75 116 192 194 202 250 353 385 386 420 425 453 472 480 482
27 51 107 113 138 147 198 250 318 344 352 373 394 436 454 474 480
1 23 86 93 102 103 122 125 195 210 264 318 377 384 390 440 475
14 61 82 101 159 163 165 191 300 303 305 310 348 370 428 436 488
39 47 59 87 90 93 123 141 160 165 261 263 287 308 409 426 445
15 18 29 48 65 102 108 116 117 175 226 255 266 308 309 362 477
0 9 20 43 53 72 73 176 188 277 289 323 329 344 397 446 459
21 51 82 87 147 173 210 244 295 335 351 364 377 387 402 445 470
21 96 136 208 218 261 276 311 317 326 358 371 377 405 450 463 498
4 24 54 59 73 112 120 178 244 247 251 272 285 312 370 439 452
33 36 45 83 113 135 139 144 206 207 219 260 309 348 411 456 462
84 137 156 164 179 196 256 266 275 281 298 328 388 396 429 446 474
7 61 77 103 106 126 170 198 208 265 319 350 395 414 429 470 491
2 44 82 105 118 132 146 205 219 238 307 358 361 363 389 422 434
67 171 185 245 284 301 302 303 320 321 337 362 390 419 436 467 489
6 35 56 69 75 231 237 294 309 318 346 366 397 409 410 417 483
5 25 79 122 124 160 198 219 235 299 302 331 358 385 404 425 478
35 46 48 76 115 138 173 221 231 270 301 306 345 419 459 487 489
8 15 54 100 124 157 188 209 270 274 287 293 299 320 464 469 497
38 50 63 71 177 196 219 260 338 351 402 419 421 427 429 430 437
10 43 101 104 110 138 156 182 234 256 265 310 334 344 347 386 457
12 26 43 72 121 124 253 254 300 334 386 388 396 400 432 446 489
19 96 113 179 190 233 264 279 347 364 393 405 409 417 418 454 466
10 27 29 38 45 58 75 120 137 139 154 165 184 253 335 483 489
25 71 82 127 145 177 181 203 214 263 321 347 375 379 431 473 474
23 47 49 170 179 189 223 237 253 358 367 373 396 404 405 419 457
33 75 104 117 142 178 224 257 280 316 350 358 380 399 426 430 487
6 30 148 184 202 217 228 230 240 275 278 307 362 413 443 479 492
35 61 69 104 112 114 116 132 212 231 246 270 297 306 316 374 464
8 9 12 53 95 143 202 228 239 250 289 297 372 415 455 460 469
10 38 94 99 101 207 212 231 241 257 259 274 289 344 458 484 485
11 41 67 115 147 151 164 176 182 220 262 301 344 355 401 409 419
40 45 133 199 222 228 254 275 279 344 369 388 397 411 432 437 495
24 26 90 134 178 218 245 285 289 329 331 345 346 350 455 471 489
50 68 177 216 232 236 243 247 253 272 281 307 444 447 469 479 493
22 27 92 101 111 148 203 232 312 363 376 434 462 463 476 490 498
35 40 63 100 108 166 167 176 241 258 318 324 333 355 394 400 487
71 99 102 180 186 212 267 276 298 314 341 349 352 396 428 471 488
9 38 63 69 101 122 135 139 189 206 237 242 260 338 395 461 494
51 75 101 111 128 165 201 208 260 277 317 320 332 390 473 491 496
16 25 35 48 50 70 94 99 132 136 142 225 237 354 444 473 475
3 28 128 207 212 224 258 309 333 338 372 375 385 408 412 413 423
12 26 89 126 152 215 288 358 374 376 409 412 422 425 435 480 490
88 109 124 131 145 213 215 246 266 268 285 294 306 372 373 388 463
103 111 136 138 150 160 175 207 302 310 327 352 380 417 431 458 460
6 8 15 51 76 80 99 103 118 171 204 213 314 361 379 395 433
26 71 112 114 133 149 172 183 187 245 313 341 375 409 432 477 482
3 25 47 48 56 79 151 290 307 378 397 404 420 457 464 466 491
14 15 38 46 127 163 183 192 244 304 306 367 388 406 466 468 488
10 11 26 71 85 103 165 168 256 265 266 306 308 313 385 393 452
31 32 101 131 155 182 193 228 230 302 323 436 459 460 466 495 499
50 56 64 69 73 124 181 260 301 330 373 409 466 467 479 484 488
27 57 63 92 175 176 187 188 207 213 214 247 273 335 391 446 448
12 19 59 95 126 190 205 223 235 240 272 300 345 371 381 428 458
4 32 143 221 241 252 257 294 300 313 314 332 335 343 350 386 463
20 67 70 131 149 159 222 228 255 266 308 333 345 365 456 470 483
63 97 133 173 206 207 242 245 249 264 307 375 407 412 424 467 488
38 40 148 221 242 267 301 314 341 363 391 406 451 454 467 480 494
2 6 7 18 82 105 182 254 271 285 298 305 325 327 357 461 462
118 127 170 193 203 215 222 233 321 331 356 393 429 438 445 452 469
11 23 107 124 133 146 156 241 248 255 279 303 334 349 350 438 486
13 83 149 204 235 282 320 342 399 410 412 414 436 445 473 477 489
8 24 80 87 99 108 172 199 209 232 269 314 322 381 451 478 497
0 68 171 176 226 227 281 285 307 376 429 434 471 477 485 487 492
70 99 118 124 133 177 182 187 198 217 232 323 412 419 450 453 498
13 16 23 32 97 112 143 214 258 266 271 290 325 391 402 411 475
35 77 89 114 207 277 284 287 299 316 327 342 381 432 457 475 498
13 17 26 56 60 119 135 138 165 181 221 297 300 357 358 394 424
109 118 135 228 230 242 255 257 310 316 342 403 414 439 459 481 495
112 123 124 164 183 201 257 285 320 326 360 374 390 414 435 483 485
20 63 105 131 136 184 207 219 304 350 356 369 380 390 409 455 456
3 19 74 152 166 176 243 314 316 331 351 357 370 432 446 447 483
22 46 63 65 67 138 154 183 217 223 247 275 304 338 385 416 482
10 21 40 59 80 90 114 120 163 167 211 273 333 344 345 367 489
4 49 61 66 72 73 125 219 236 284 291 309 338 413 424 430 469
1 29 61 109 132 137 279 285 302 357 440 458 459 470 481 485 488
3 31 37 92 144 151 172 191 209 218 302 346 355 388 396 405 421
2 44 129 141 143 171 206 249 254 257 262 297 354 386 420 424 472
11 29 105 123 152 159 194 229 246 270 330 347 423 439 453 466 470
2 9 60 61 118 121 169 231 235 241 266 278 309 351 404 431 490
13 25 86 175 214 256 294 305 321 335 347 356 420 425 440 484 498
22 51 92 93 140 179 225 254 262 274 308 315 317 385 396 449 475 484
67 92 135 159 203 234 245 268 287 332 371 375 394 407 410 426 428 431
28 30 56 92 108 111 182 188 231 232 256 276 282 304 323 396 445 451
3 45 47 84 100 144 154 199 214 252 344 350 358 365 418 433 438 441
30 31 36 47 60 69 90 107 114 203 229 244 274 286 331 338 355 396
7 51 66 72 73 74 80 82 149 198 200 205 225 259 301 355 360 403
7 21 83 151 155 206 240 247 329 332 343 379 405 420 436 452 462 483
34 63 119 147 176 196 211 218 245 384 401 405 425 440 456 462 487 495
5 19 53 79 84 141 192 199 216 283 306 317 325 350 358 464 470 492
20 26 93 117 130 181 195 230 234 258 262 272 295 314 375 404 471 476
16 84 86 219 221 233 276 330 334 348 371 390 431 443 470 487 488 492
8 25 46 79 104 174 230 260 294 311 322 417 429 439 460 464 484 492
12 33 49 60 109 159 180 245 288 319 331 361 375 384 399 447 465 472
55 134 160 161 170 173 199 203 205 270 271 284 292 297 377 435 458 488
17 26 27 40 53 72 123 127 163 188 260 279 298 319 368 373 436 486
4 25 93 95 130 131 147 192 219 309 381 404 417 458 478 483 493 496
7 53 125 176 189 211 224 239 247 251 333 337 380 392 405 423 430 463
17 42 48 67 72 78 172 175 191 210 233 246 258 264 294 299 470 486
115 170 192 207 209 253 254 279 324 347 366 372 383 440 444 458 490 496
4 26 56 80 110 157 167 289 317 318 351 387 392 397 401 403 408 432
17 48 67 93 122 152 203 227 239 261 269 272 313 319 352 366 386 392
72 74 75 89 100 102 194 251 289 341 359 384 394 405 412 425 470 479
9 24 105 122 133 135 182 194 288 307 329 342 394 425 430 435 449 472
12 22 47 56 138 159 164 187 209 248 249 250 318 322 402 423 434 499
40 85 89 94 141 175 187 209 221 237 256 279 282 324 329 369 390 418
0 30 44 86 125 166 171 182 207 233 237 297 349 350 377 480 482 497
7 11 31 48 71 90 117 126 127 184 197 321 343 393 408 439 446 450
4 27 57 90 144 171 192 204 273 301 344 368 374 380 387 430 490 499
32 50 65 78 82 147 151 248 251 292 372 382 395 405 438 446 465 496
16 111 122 166 178 193 246 309 332 339 345 353 416 426 455 483 485 486
8 61 72 81 107 144 178 249 270 299 305 369 431 454 470 474 480 490
37 73 78 86 104 105 116 124 160 205 240 327 334 345 434 465 471 486
60 95 110 168 182 213 276 293 296 327 333 367 370 374 434 440 461 498
5 21 42 106 126 155 171 197 243 279 321 332 335 367 368 412 426 482
56 84 89 106 124 162 213 266 278 345 371 377 399 404 416 493 495 499
9 53 57 86 136 137 151 180 204 235 268 371 402 414 422 429 458 479
8 11 27 80 88 113 118 122 134 140 206 253 318 331 369 384 394 464
51 54 142 149 151 156 157 184 214 245 262 298 315 328 360 374 391 471
4 13 56 64 99 104 106 149 162 240 287 302 306 332 363 406 436 438
22 47 52 74 78 115 199 210 214 216 226 227 272 343 348 363 443 492
17 86 164 168 200 206 229 247 287 292 319 320 352 396 414 417 430 454
21 26 102 114 125 172 187 248 302 323 335 338 340 359 363 385 425 498
14 32 33 49 77 101 151 217 252 263 281 310 326 343 383 428 470 493
38 39 67 96 120 122 132 185 213 218 221 229 267 308 382 419 441 452
72 125 148 178 179 202 222 257 259 270 338 384 415 423 441 445 458 480
52 53 58 59 71 75 107 123 153 178 188 233 239 352 366 388 425 455
50 77 112 116 151 166 175 177 198 218 241 273 276 290 297 298 409 425
9 78 100 126 166 210 276 281 283 296 306 331 351 361 386 396 420 492
6 11 12 150 159 170 176 221 248 259 323 330 390 398 409 422 439 463
17 59 71 75 95 97 112 122 160 166 227 235 286 336 338 376 423 465
37 92 95 111 164 181 197 208 260 274 315 326 345 411 429 438 470 494
92 123 147 160 176 213 254 273 312 314 329 330 338 363 403 457 459 471
12 35 96 99 126 169 185 200 210 214 229 255 269 321 455 488 489 494
23 65 67 99 113 119 151 182 218 237 240 251 266 267 269 285 456 477
0 36 51 58 123 135 143 150 192 230 286 324 363 403 415 451 473 475
1 45 61 78 92 159 183 184 221 224 253 260 330 345 405 439 480 495
37 39 58 101 133 139 140 186 201 242 265 283 325 327 346 360 423 450
51 65 121 157 160 169 186 187 193 243 250 258 279 299 368 389 435 458
1 51 52 60 73 78 97 102 144 184 218 282 307 321 422 451 495 499
36 46 60 61 110 133 158 180 182 225 261 280 293 343 348 358 400 412
40 71 109 114 139 142 168 184 201 233 276 295 315 384 441 450 453 461
4 19 33 46 72 104 133 172 207 217 219 272 283 333 432 433 445 480
85 95 97 102 115 171 176 188 202 265 292 304 325 352 417 425 438 450
14 38 70 105 125 145 170 215 220 232 245 260 268 387 457 465 476 494
43 67 79 83 88 99 109 119 128 147 200 209 214 251 258 281 298 349
25 27 33 89 102 118 130 152 203 207 218 262 288 291 298 334 383 452
1 6 54 212 227 247 289 290 293 300 309 377 402 442 443 465 469 490
11 103 105 113 121 175 180 230 290 297 308 313 337 353 361 405 438 450
4 23 98 138 187 190 267 297 305 312 332 334 347 407 422 433 478 494
65 75 83 91 251 258 268 284 323 353 387 405 422 431 454 464 485 499
39 47 77 82 89 113 126 232 243 274 285 303 349 404 419 425 445 481
28 58 60 81 94 110 129 135 151 238 243 297 311 328 342 372 382 469
37 104 117 161 217 299 304 324 329 343 347 361 372 389 390 415 435 498
2 10 14 33 57 65 66 122 147 170 233 250 264 296 357 366 378 405
72 107 139 213 216 250 258 266 291 305 349 360 410 411 446 458 469 483
3 21 40 45 48 124 137 168 169 195 231 257 316 385 387 441 495 496
15 17 52 77 87 114 123 130 148 175 190 207 216 282 394 418 429 454
4 48 68 78 83 119 170 179 186 237 263 311 322 335 338 389 400 442
13 51 102 143 154 218 219 232 236 317 340 362 397 419 420 437 490 494
8 15 142 159 168 176 221 317 344 345 346 371 388 435 445 449 472 492
13 15 33 60 66 108 167 182 266 271 313 314 322 346 350 395 423 439 460
53 64 66 142 180 202 215 223 247 260 322 338 368 378 409 412 440 487 493
3 81 112 115 130 132 149 177 204 240 247 256 266 290 308 327 372 381 417
2 17 36 84 88 96 159 194 198 258 301 348 384 386 409 429 446 463 489
7 119 125 149 152 180 183 230 248 264 267 283 331 394 423 424 443 444 454
23 60 66 73 93 98 111 115 121 135 153 190 203 205 295 344 410 430 454
4 11 53 57 96 138 142 167 187 200 210 259 271 316 355 357 464 468 498
105 126 127 135 156 263 295 297 327 355 358 377 392 412 425 458 476 478 488
47 90 112 130 224 225 245 264 291 311 316 352 354 425 427 456 459 461 476
6 26 103 116 135 200 213 216 220 263 272 372 374 380 389 406 424 433 482
23 95 118 137 164 172 174 196 200 252 290 318 324 330 360 389 396 411 451
4 9 12 35 37 50 152 164 172 213 218 219 223 358 417 476 480 488 497
12 41 62 112 114 129 155 163 190 208 253 280 325 340 346 414 432 449 458
48 53 59 90 137 156 160 219 257 294 320 345 353 401 414 468 472 482 496
64 70 110 129 174 182 196 203 249 273 304 312 333 349 368 382 427 445 470
6 12 62 65 68 93 98 119 137 163 190 267 268 344 373 392 425 433 492
19 35 46 48 97 105 113 219 227 242 247 251 255 275 302 342 379 380 486
73 75 86 95 96 128 129 140 251 256 271 289 307 313 330 349 406 437 440
32 49 81 90 110 111 119 124 136 160 175 212 258 275 370 371 392 454 458
20 75 80 136 199 234 264 313 325 331 337 390 403 449 454 458 477 487 496
31 50 68 115 120 149 181 192 220 228 239 308 324 355 373 377 422 435 494
66 143 147 183 186 202 204 206 227 252 255 290 321 325 374 437 464 473 497
7 153 157 178 208 259 271 277 312 383 421 431 437 458 459 463 476 486 491
2 4 12 35 47 75 81 92 95 116 119 152 216 242 329 353 366 401 407
12 14 43 72 78 158 183 247 262 264 276 316 334 363 396 400 410 426 477
46 47 50 112 142 154 163 168 217 272 327 334 336 358 362 369 372 421 436
6 21 22 48 52 89 142 209 263 276 282 303 308 348 402 418 465 477 483
8 11 50 53 84 89 161 164 167 169 242 243 263 283 329 362 433 451 466
20 72 116 137 174 199 208 209 247 268 310 311 355 369 416 468 474 477 479
65 88 100 158 170 179 189 198 204 256 270 272 273 306 325 385 404 476 493
22 34 40 47 68 107 127 185 191 309 310 334 396 402 445 454 476 480 495
5 17 19 25 46 73 91 114 123 140 148 249 332 355 366 385 401 444 496
4 73 110 135 147 171 206 233 275 288 297 304 349 364 375 407 413 432 469
7 146 152 238 243 291 340 347 358 362 373 398 442 444 448 486 490 492 493
8 9 10 21 23 28 40 42 50 70 72 81 101 151 205 207 245 260 304
4 34 71 118 120 148 172 264 268 272 316 318 331 357 367 411 432 452 477
5 9 39 56 61 66 69 111 117 185 238 277 308 320 354 373 449 490 492
3 42 52 75 101 116 126 156 222 242 266 318 325 327 361 372 380 420 493
30 46 61 65 79 85 97 119 133 215 316 332 362 363 384 446 470 476 493
3 28 44 99 121 123 159 213 217 225 246 278 282 294 299 332 333 423 437
12 52 75 128 168 207 212 223 227 236 252 310 397 447 454 459 460 468 497
4 21 58 67 97 108 155 168 196 221 232 240 357 362 378 386 414 423 428
8 68 101 105 132 144 184 198 228 246 314 319 356 373 405 431 459 464 487
16 24 34 47 68 74 77 94 145 229 232 257 277 365 373 405 465 470 492
23 72 75 81 101 110 121 193 200 233 257 274 292 298 345 356 361 437 444
3 24 30 62 102 113 122 163 171 191 214 240 251 265 296 360 365 397 485
25 54 137 160 170 177 183 205 243 266 305 312 318 354 397 442 483 486 493
14 48 50 57 119 173 181 215 222 246 248 268 275 286 365 471 472 482 483
31 35 66 91 123 134 166 221 247 317 324 330 337 395 401 406 446 459 486
16 35 78 98 106 133 156 158 160 204 261 270 279 320 324 325 340 376 436
31 79 87 106 150 160 178 223 245 267 358 371 396 397 431 443 468 477 499
14 36 88 132 135 156 159 165 167 176 231 267 287 292 307 336 439 467 470
19 44 56 59 113 128 143 209 239 254 263 297 299 322 342 361 362 398 458
15 72 88 129 257 265 269 270 311 321 338 341 359 361 396 434 462 487 496
35 57 66 117 130 160 184 195 227 234 256 275 336 340 369 414 433 481 488
8 39 62 118 125 143 145 180 188 218 224 236 247 289 306 383 451 471 478
59 61 97 120 143 160 175 181 245 272 289 302 354 382 395 439 442 452 473
113 115 131 159 206 218 224 265 277 302 329 395 408 418 438 451 457 471 483
21 36 50 56 86 144 155 170 173 266 267 273 285 339 356 387 388 444 479
6 22 91 102 172 175 196 217 276 310 313 322 323 341 348 370 448 479 484
7 24 30 35 52 55 58 78 207 229 262 268 314 349 354 382 412 419 476
30 56 76 84 101 105 128 161 199 201 246 252 262 289 331 387 412 413 461
5 22 27 29 67 77 109 133 223 259 261 310 317 343 368 370 440 448 452
7 14 26 35 61 87 100 166 210 217 305 318 348 382 383 401 429 451 472
16 41 57 117 159 194 223 295 328 333 350 359 370 381 383 397 400 426 491
24 46 61 76 84 104 119 127 135 195 211 215 250 260 276 352 411 464 480
18 38 140 143 177 222 231 303 308 318 348 358 364 408 410 465 490 491 496
37 61 81 106 140 148 154 257 272 287 290 293 309 312 348 398 424 441 475
12 26 42 44 51 63 145 216 222 242 245 276 300 321 345 356 405 436 454
17 40 80 108 141 162 189 205 239 253 257 296 353 358 359 366 455 456 473
15 64 74 139 141 195 203 240 251 262 276 297 300 303 338 345 391 412 431
11 31 40 54 105 121 144 170 188 224 229 245 256 278 285 339 360 382 467
1 29 48 69 96 120 171 186 236 292 296 306 326 327 336 353 355 407 449
6 23 52 93 100 144 146 240 252 260 281 357 366 383 388 401 404 440 443
27 54 75 99 143 153 155 191 209 227 255 286 306 386 407 439 453 472 481
14 26 57 75 83 115 148 180 253 255 263 321 425 438 446 457 473 475 486
47 72 95 115 177 243 247 260 268 272 303 316 337 389 394 445 460 475 482
4 20 22 59 64 94 102 105 112 160 162 174 228 246 310 329 332 376 432
2 5 21 27 29 73 82 109 119 148 189 293 305 327 333 397 399 427 471
28 63 82 190 202 238 287 288 309 329 401 433 434 436 448 457 461 474 498
67 81 135 151 194 219 250 298 300 315 343 359 363 388 395 403 409 441 442 484
8 13 59 60 88 89 123 166 183 239 287 299 311 364 382 407 413 445 462 467
12 37 43 58 80 88 132 183 247 286 290 306 343 347 356 363 367 376 411 488
14 28 38 68 119 188 193 228 285 293 315 341 385 392 437 450 456 469 490 493
21 28 32 87 127 130 167 191 236 266 286 298 325 329 332 359 362 405 440 468
58 71 175 176 191 227 250 251 268 309 314 334 337 359 372 400 417 432 444 463
13 32 50 131 132 135 143 153 204 264 318 336 362 375 379 414 420 433 481 495
6 29 35 47 52 72 99 172 188 207 208 247 279 326 367 418 423 424 461 479
13 35 58 94 145 146 150 177 257 271 282 297 309 311 325 332 357 382 400 450
41 94 128 160 164 185 188 238 247 305 335 394 415 432 433 435 448 452 481 486
0 22 54 65 88 95 98 112 117 184 187 229 303 344 395 398 419 423 479 493
5 22 34 41 83 88 159 171 203 209 223 260 336 337 367 380 396 431 458 490
30 52 56 83 97 123 149 153 186 190 207 220 284 318 355 368 419 439 478 494
6 7 19 43 53 60 82 143 153 172 177 242 245 292 335 345 362 365 464 493
19 85 107 120 137 150 174 231 243 254 267 276 284 287 290 328 340 423 470 480
63 68 85 95 115 116 152 158 166 180 192 222 253 294 388 389 419 457 482 490
4 13 21 53 71 88 108 117 213 307 319 322 333 342 376 410 426 433 457 488
9 46 53 94 95 97 164 247 253 262 270 318 339 356 366 370 386 388 403 490
17 61 149 154 177 191 195 201 227 233 270 304 324 328 388 405 432 466 477 499
19 27 36 83 116 166 178 181 242 262 280 300 306 359 398 402 451 480 490 495
8 28 38 56 99 105 129 155 240 259 317 324 325 348 388 403 453 459 474 489
10 44 53 77 91 92 135 199 213 260 292 300 302 306 329 396 454 472 495 499
16 50 96 119 126 130 155 186 191 210 247 248 266 267 278 320 337 376 423 481
31 51 54 68 75 109 111 120 148 155 209 219 283 327 334 342 351 365 378 391
14 46 55 82 135 160 178 227 233 243 260 279 310 330 340 400 411 415 445 450
11 59 66 95 104 112 137 201 232 270 315 336 376 382 390 405 417 421 455 474
45 110 130 150 157 170 195 197 242 288 309 311 316 323 353 354 357 360 425 450
6 14 30 45 52 99 102 140 194 261 286 326 363 368 389 392 425 428 431 497
8 104 185 216 228 242 278 294 383 388 397 424 439 464 468 483 485 492 498 499
3 16 65 124 126 141 158 166 234 251 358 365 369 371 392 400 423 439 462 485
6 8 29 41 70 106 141 192 195 196 232 234 236 248 301 317 406 467 487 493
2 34 41 42 59 64 133 186 204 215 249 262 272 299 301 336 386 425 486 494
51 57 85 96 104 107 135 183 287 294 304 327 329 340 388 389 413 445 478 494
6 31 35 39 46 116 151 154 177 190 198 211 244 277 294 316 344 376 415 451
13 22 46 51 80 97 105 142 155 159 168 177 220 268 328 350 398 411 483 496
13 26 144 159 163 168 180 211 237 250 253 270 345 402 409 410 416 465 486 493
21 37 40 45 82 146 204 216 245 246 248 275 279 361 382 387 443 470 473 491
1 9 20 85 87 102 108 131 142 150 163 196 255 257 258 314 326 363 381 427
5 56 61 65 123 143 145 149 150 168 187 225 259 299 336 340 414 461 470 475
106 118 120 154 156 162 180 185 204 224 264 274 284 289 295 305 368 385 412 488
15 51 52 80 124 188 230 234 247 260 273 309 322 367 401 414 431 443 489 498
7 40 77 96 97 105 117 127 157 175 217 228 236 354 368 371 421 437 464 481
45 86 109 131 133 153 156 183 200 202 239 242 295 329 418 421 436 464 466 480
70 133 142 172 180 186 194 300 303 306 325 351 358 372 418 421 438 453 458 460
27 64 110 119 124 155 160 190 279 280 289 349 352 397 430 444 447 464 467 496
31 63 91 97 100 125 161 162 199 200 216 226 239 258 335 408 423 460 468 492
3 23 66 91 93 148 153 157 207 208 209 213 289 304 325 329 379 410 443 496
21 107 110 139 189 202 216 233 316 322 334 348 356 374 385 388 396 405 464 466
2 9 15 18 59 115 123 142 164 186 198 208 210 228 232 289 311 360 425 465
1 19 31 104 121 155 173 222 236 245 257 261 298 299 302 309 401 402 479 497
21 25 71 81 87 129 139 157 191 202 228 247 301 330 344 421 422 452 470 471
4 30 75 107 122 160 167 183 207 220 248 291 307 337 348 395 396 464 475 497
30 50 80 132 160 170 186 228 259 316 317 327 331 355 391 392 434 448 460 461
19 21 41 54 58 88 119 126 179 205 226 279 301 353 406 421 426 430 465 497
32 152 181 189 228 233 236 245 267 278 285 291 308 317 379 385 410 424 445 483
54 89 148 158 193 206 220 231 257 277 281 302 303 308 312 315 320 340 472 487
113 140 149 152 224 235 239 243 258 261 265 267 283 301 334 406 419 438 478 498
33 50 60 84 112 185 206 213 214 222 252 270 314 353 366 393 395 441 472 474
12 101 115 121 131 178 180 197 203 224 251 312 355 361 392 400 417 433 466 492
41 52 99 101 112 164 200 202 225 267 310 366 397 403 419 472 476 482 488 498
17 21 28 58 71 115 171 181 187 206 217 242 256 270 316 318 337 395 403 456
42 58 60 73 158 164 167 213 227 236 238 241 255 280 306 343 394 419 425 433
63 70 78 79 89 90 92 96 118 143 175 230 246 247 249 255 363 442 453 465
56 92 95 111 116 154 157 173 210 242 264 283 305 327 340 424 428 445 478 479
16 30 51 77 85 145 178 183 191 192 195 235 253 284 287 324 329 338 345 498
8 9 15 70 94 154 235 236 240 293 304 336 349 364 371 391 456 466 467 497
25 27 39 63 89 94 148 197 212 237 311 315 332 333 370 392 427 453 466 467
50 54 57 64 104 107 147 198 204 250 293 376 399 404 413 424 428 453 488 492
1 31 43 61 156 167 180 196 216 227 236 254 299 313 352 410 435 452 454 456
22 29 33 91 116 126 143 163 166 172 207 233 283 324 362 403 413 415 453 472
37 70 93 119 121 161 264 317 333 363 367 372 374 394 403 416 418 430 489 493
23 98 139 154 165 176 180 182 192 224 230 258 268 434 453 455 466 468 487 497
12 26 36 85 133 136 139 149 152 166 217 263 305 306 342 360 367 431 446 489
20 58 85 172 184 214 228 234 285 309 312 352 398 412 427 428 447 457 482 489
13 16 83 126 139 180 184 194 237 250 257 275 309 323 353 370 408 415 416 473
20 51 90 101 112 156 179 228 231 258 260 299 304 350 379 385 395 436 437 477
29 66 71 104 139 155 162 165 224 225 232 276 287 333 346 371 376 395 410 422
2 4 30 89 118 213 214 235 237 284 291 294 326 334 360 362 381 430 437 442
47 67 104 113 159 165 166 175 268 290 327 348 372 404 428 443 451 470 488 491
6 9 27 31 32 45 99 136 152 210 228 236 243 264 272 295 312 435 467 479
