210 213
444 455
400 467
114 191
305 331
150 165
395 397
3 10
122 179
325 336
105 134
126 181
116 172
422 478
136 157
169 198
108 137
209 293
238 249
222 253
38 98
180 192
343 358
301 318
471 474
360 393
237 257
23 86
357 392
277 281
50 75
19 85
443 481
31 91
319 394
106 176
137 139
168 177
218 248
420 469
417 465
227 263
19 55
231 265
12 16
441 477
308 325
142 152
257 262
230 258
143 171
349 371
174 182
471 483
218 272
137 163
443 478
33 78
143 190
95 98
212 215
143 188
109 176
115 158
256 282
31 81
100 192
314 359
56 76
430 451
12 50
233 259
418 468
236 282
125 127
437 482
268 287
180 182
208 210
219 220
109 146
454 485
322 398
118 173
133 148
251 280
121 146
312 319
15 66
4 36
408 409
166 172
51 68
405 443
352 365
136 191
36 77
229 253
400 445
228 267
31 79
113 186
101 111
309 333
421 455
336 379
205 267
320 334
337 360
238 246
410 466
170 173
137 153
306 317
413 421
5 26
157 190
305 332
12 59
367 384
68 87
165 197
320 339
39 81
338 366
145 157
36 93
12 76
251 271
17 52
32 96
110 192
10 64
427 454
8 29
26 78
35 39
485 494
300 371
453 475
379 391
304 342
119 127
250 263
20 54
154 186
163 168
15 81
165 195
45 70
209 257
118 149
140 195
42 56
429 441
127 199
343 365
253 297
301 303
409 436
322 369
101 128
48 97
262 299
224 267
338 368
133 194
420 496
310 385
344 394
201 207
105 106
20 29
48 79
154 189
434 440
429 497
40 81
418 477
442 463
441 471
300 310
26 52
169 196
405 461
215 246
188 191
310 369
241 273
386 389
219 271
321 387
124 185
37 95
338 350
432 440
223 289
216 277
37 41
341 359
20 64
248 291
270 290
104 187
30 82
302 346
331 335
130 144
113 128
177 190
438 452
7 25
251 281
56 62
15 62
33 76
59 81
257 264
56 77
43 92
205 257
36 40
65 70
448 469
82 92
140 192
426 488
428 447
417 474
119 146
321 365
475 489
323 334
155 164
117 123
101 146
208 280
331 391
206 287
206 261
17 98
249 264
306 391
454 479
237 296
309 363
208 261
379 386
447 494
143 187
263 286
309 370
450 474
319 348
115 158
147 153
107 180
109 185
417 420
284 299
4 46
135 173
286 294
114 157
451 497
144 187
216 292
312 325
350 364
268 272
5 71
408 442
203 270
325 386
484 499
203 277
350 386
212 229
418 455
411 424
83 99
76 80
252 255
2 25
333 334
24 61
60 82
291 296
449 453
241 248
42 58
330 339
211 292
465 476
253 285
427 434
174 184
345 356
400 457
49 74
44 64 432
107 218 264
114 219 229
304 306 337
40 62 100
88 309 323
314 435 490
134 175 268
83 466 494
112 335 389
253 427 492
110 167 347
383 409 424
131 142 144
269 271 276
46 60 78
36 43 229
8 35 389
337 361 498
193 305 363
158 196 243
36 50 69
370 429 486
21 333 392
172 412 432
217 328 340
122 162 302
60 344 353
351 366 426
62 213 214
29 88 93
49 53 380
118 145 164
301 330 331
151 401 448
52 77 130
19 29 479
125 415 476
170 374 395
50 326 346
14 77 265
215 261 348
26 84 496
18 28 481
233 415 419
165 232 296
232 249 400
73 81 222
12 42 85
303 325 395
1 215 292
66 73 454
212 372 382
274 326 340
63 78 259
108 321 343
304 426 427
103 446 449
235 299 491
151 257 258
181 409 467
198 235 245
199 440 470
121 400 417
157 416 452
44 68 303
124 166 168
214 235 282
48 68 270
305 309 357
160 191 471
339 343 358
223 298 421
326 354 402
12 312 395
416 448 481
150 181 289
418 482 487
311 395 451
24 84 224
7 64 368
430 438 472
193 199 444
15 21 104
103 139 327
245 277 435
114 162 189
122 252 275
164 413 486
122 136 331
3 97 313
310 375 397
69 335 370
354 375 474
146 166 321
224 258 473
120 170 233
346 443 450
9 33 284
234 424 454
73 92 337
108 161 412
36 42 448
84 333 377
60 75 177
241 273 295
235 328 383
148 152 440
100 186 358
106 409 466
156 176 347
55 130 172
37 321 346
301 346 413
48 63 95
283 436 442
309 311 356
21 93 157
58 108 123
299 313 335
245 256 261
375 435 451
91 346 375
386 402 461
222 286 348
297 410 441
169 436 437
16 51 484
125 338 357
64 288 291
66 376 393
160 351 386
116 194 382
75 418 499
42 113 129
163 326 392
49 55 73
71 304 344
152 186 392
136 173 441
141 143 186
39 362 384
74 83 366
138 338 354
13 93 151
23 422 494
308 367 380
170 199 330
321 345 383
313 315 332
237 404 407
138 268 299
135 464 482
119 143 164
201 225 493
25 68 88
72 469 494
259 300 394
201 210 227
178 308 366
145 152 216
36 456 466
43 218 288
134 198 467
27 34 219
42 77 79
432 434 437
150 195 427
126 131 476
22 47 68
116 129 470
228 312 397
429 431 439
46 90 323
485 494 499
302 307 338
11 18 143
226 272 330
192 227 299
50 60 98
115 151 338
123 136 195
159 183 355
150 426 443
249 315 342
161 181 442
8 71 101
261 471 483
2 38 61
132 428 433
117 169 206
160 172 430
204 260 484
31 77 294
118 137 185
36 62 382
120 307 320
203 308 375
93 96 196
125 135 256
3 81 424
164 195 308
31 229 259
138 143 214
10 39 92
438 448 490
117 194 216
342 372 475
232 298 352
236 289 350
345 414 454
105 130 179
68 220 259
269 270 385
211 227 398
406 465 468
159 180 404
10 20 279
40 68 307
13 79 397
223 265 355
1 200 278
303 340 366
176 280 298
206 215 232
330 377 396
241 242 490
425 452 455
110 206 250
457 488 499
325 407 492
79 83 275
65 459 493
113 181 285
96 238 271
10 467 495
222 231 299
187 462 468
212 403 449
27 76 401
320 359 369
281 467 499
190 195 199
115 140 232
149 309 382
4 105 146
83 96 349
130 144 349
211 333 366
329 384 491
167 401 476
437 475 489
42 45 448
107 131 139
57 423 478
19 100 179
61 339 372
346 376 470
41 142 143
347 352 439
95 406 428
183 348 357
125 190 371
107 334 381
53 95 201
357 360 367
127 162 188
56 224 261
354 483 498
7 20 68
124 158 409
186 189 480
109 193 477
252 435 473
74 331 372
0 13 255
7 483 499
13 386 389
160 400 463
102 116 296
301 403 424
50 57 77
321 399 448
179 400 456
162 181 486
257 309 325
220 319 386
32 39 272
273 401 436
38 67 103
244 278 323
242 290 404
134 218 231
276 327 353
353 354 433
41 130 140
260 309 333
211 408 431
1 57 65
18 61 302
92 237 447 499
51 59 194 307
228 229 297 433
22 28 41 78
229 254 286 385
254 262 330 468
55 120 151 244
52 92 186 487
91 105 147 489
96 221 222 362
230 278 410 414
197 359 453 491
138 157 361 428
163 409 465 491
22 70 81 283
4 28 41 427
287 360 434 465
132 152 379 400
24 214 251 420
70 234 254 410
38 72 75 326
4 31 452 465
299 346 349 483
80 87 266 430
83 208 250 497
25 486 494 496
225 413 439 492
106 184 280 355
142 172 409 493
40 121 169 368
6 137 160 254
235 389 450 479
373 399 411 498
169 270 432 450
324 420 438 489
212 218 299 448
32 333 345 381
2 22 433 455
340 342 344 357
58 85 254 471
29 91 92 406
150 292 322 376
80 300 395 398
117 149 303 370
44 119 201 255
100 108 197 298
10 81 225 441
190 305 323 380
23 360 387 411
85 220 264 288
61 78 189 228
337 352 372 477
48 215 278 282
51 349 398 428
62 230 432 460
63 298 376 394
77 253 279 487
98 249 331 399
48 89 118 213
17 100 139 313
216 312 425 453
32 54 64 239
119 123 345 365
172 303 327 333
260 314 392 410
2 52 78 159
112 405 421 480
62 75 171 254
107 127 187 316
231 238 262 310
29 202 473 492
105 156 182 487
64 138 209 291
213 418 425 457
89 149 360 367
28 74 181 248
203 218 462 463
260 336 457 462
34 420 452 467
138 413 420 496
91 142 384 390
223 287 409 473
354 412 425 429
138 197 428 471
30 35 99 149
30 63 145 404
198 377 395 433
21 135 160 240
100 449 484 488
218 296 305 384
111 183 299 319
162 187 367 444
136 208 255 488
115 260 269 314
0 32 121 187
97 107 403 433
104 196 451 466
68 73 266 328
33 115 196 488
28 35 312 427
20 96 186 435
36 37 238 327
221 241 387 485
19 171 172 467
211 256 298 490
139 455 467 471
16 77 373 421
232 235 236 309
332 361 384 412
116 137 235 370
11 17 41 411
144 213 283 454
139 228 311 371
2 40 264 322
78 220 273 333
123 188 270 288
131 157 360 364
36 89 125 301
31 84 150 203
220 366 407 456
45 189 301 311
124 139 284 415
94 113 117 490
98 160 190 231
17 137 437 462
132 187 469 473
46 170 489 498
142 188 287 441
160 284 307 318
269 297 439 493
223 259 260 414
20 25 304 441
43 51 314 374
250 273 359 364
6 65 131 411
54 77 210 391
35 47 237 278
136 330 412 425
113 321 429 458
300 326 390 443
32 36 52 455
14 49 57 108
16 211 432 456
32 359 375 395
15 223 225 259
106 308 355 377
161 162 236 352
128 169 334 368
140 407 435 472
219 411 461 463
96 114 122 458
209 261 467 475
133 250 298 333
48 158 195 402
108 287 346 368
21 384 392 460
153 223 308 310
39 327 382 441
378 384 477 496
43 94 232 383
144 237 423 435
81 119 288 292
23 37 157 173
25 318 335 394
202 260 271 386
8 236 275 305
105 135 314 329
206 209 297 397
106 196 234 287
138 315 323 490
145 159 352 404
153 195 327 461
5 53 264 342
28 87 393 402
110 164 230 271
90 133 183 345
217 250 333 368
202 205 383 400
41 144 183 317
107 227 416 498
8 235 425 464
100 233 237 275
18 118 345 388
21 119 182 344
21 383 385 392
71 333 422 471
110 148 159 305
116 142 295 440
36 108 451 493
352 390 421 433
277 318 422 462
3 27 414 416
267 332 335 359
13 22 62 270
17 220 223 297
118 158 297 334
6 81 201 352
206 344 433 490
234 249 280 347
12 428 494 495
134 154 156 211 319
71 82 438 448 454
117 159 249 370 482
144 149 157 306 469
121 168 178 367 410
63 345 358 383 425
31 74 84 365 377
39 161 198 211 323
7 13 218 392 415
0 78 89 304 393
94 261 365 382 495
4 55 154 176 273
143 146 311 429 442
40 256 287 459 492
112 208 418 422 451
4 84 205 410 449
37 84 213 217 254
88 195 203 218 253
250 416 471 486 489
66 67 119 307 392
118 148 230 248 371
26 38 233 367 496
149 191 279 342 432
21 27 71 73 229
257 282 285 354 459
46 53 59 100 360
13 94 216 275 459
303 305 311 352 368
11 51 55 233 358
83 94 359 395 483
180 225 274 370 468
87 132 138 192 295
106 126 355 465 499
1 47 205 355 387
32 114 291 296 363
65 263 327 346 429
44 344 395 438 499
85 285 374 378 488
312 415 423 426 453
93 135 191 247 463
92 99 239 285 315
45 219 237 323 398
138 225 267 272 419
25 110 166 351 361
189 207 377 385 416
235 247 279 420 445
20 30 73 387 484
274 362 403 418 497
168 443 451 472 497
25 78 95 291 377
29 91 363 387 458
201 202 269 332 437
138 159 169 201 224
125 168 187 200 228
10 141 195 212 396
33 96 167 386 482
18 38 138 155 182
5 61 73 307 345
100 302 401 425 456
16 65 277 284 436
53 70 328 398 435
213 280 356 360 480
11 49 110 335 346
29 30 409 434 437
110 131 194 257 289
39 213 409 410 495
81 119 321 335 368
20 74 146 217 223
38 65 324 327 366
49 57 87 422 494
102 305 330 358 443
18 24 60 295 399
94 145 147 190 401
26 199 304 321 347
173 352 379 386 390
2 43 76 264 375
20 242 379 395 434
117 161 205 307 351
5 28 125 259 332
110 127 167 186 335
38 42 247 377 390
19 205 260 392 397
55 114 146 233 327
158 293 327 372 418
2 196 273 278 467
34 243 275 296 405
4 9 37 212 377
10 115 131 161 316
34 138 183 262 325
91 153 231 364 384
83 103 160 226 236
88 245 295 300 496
40 207 269 299 390
115 158 191 193 294
202 223 272 288 467
102 244 250 292 362
208 231 251 257 278
222 336 442 464 497
410 424 447 449 475
73 328 388 392 411
15 219 231 243 497
12 298 383 429 470
43 51 118 211 393
4 83 266 303 443
40 68 248 264 493
61 140 148 250 355
112 177 191 336 342
62 184 448 449 487
40 78 229 257 279
116 151 175 311 437
233 256 265 416 491
141 168 172 331 362
108 120 140 197 253
46 63 263 313 317
12 86 106 219 326
47 194 200 261 279
5 30 63 98 499
204 205 324 366 490
84 161 195 370 454
46 61 89 310 485
93 179 415 430 442
76 91 181 297 424
72 158 329 413 470
3 6 44 54 423
20 99 378 466 482
34 99 239 395 489
17 36 71 110 116
30 73 88 137 203
5 210 307 414 485
91 149 305 306 443
38 231 340 352 371
236 247 303 366 449
92 298 431 432 474
21 301 318 366 380
36 56 108 119 478
13 295 315 395 487
167 203 308 335 396
132 189 223 373 466
17 66 76 154 443
209 210 211 262 265
63 149 183 191 258
92 112 119 210 238
132 149 251 266 377
201 239 283 298 377
61 249 259 264 334
46 326 402 407 471
112 214 331 381 395
27 146 219 288 298
111 134 243 280 355
36 75 81 172 324
88 186 244 318 326
225 291 295 319 461
66 143 202 263 270
12 53 189 210 330
131 302 306 307 459
8 184 304 344 365
109 166 288 334 341
348 360 362 413 449
79 139 157 275 455
166 168 278 290 363
90 116 119 199 412
134 165 275 277 291
103 142 203 221 328
108 324 352 381 493
220 309 353 376 435
375 443 445 473 491
182 207 225 326 332
36 37 42 65 95
266 426 429 441 464
112 200 259 268 385
21 29 45 63 344
124 145 151 325 386
7 38 195 347 466
0 13 221 238 355
60 201 388 403 472
61 72 79 82 288
157 160 164 196 347
13 105 169 229 397
8 83 89 170 215
107 128 209 297 299
37 185 250 260 295
100 123 147 271 317
6 33 39 155 212
51 199 444 452 499
145 194 327 448 464
95 99 155 161 433
37 109 171 200 205
106 168 268 446 478
61 94 101 144 367
33 85 311 312 314
121 318 321 394 430
234 241 279 386 487
54 189 286 293 367
73 190 405 435 483
42 342 453 487 499
93 144 198 388 470
4 190 243 270 493
64 92 149 163 204
54 101 177 339 390
34 36 68 241 321
239 251 274 291 380 437
44 210 414 472 480 489
34 54 122 166 357 494
257 264 338 375 412 481
294 341 359 387 406 443
19 20 187 229 321 359
7 35 240 317 344 394
59 123 195 220 237 306
30 58 316 326 382 494
221 299 301 360 366 379
181 184 359 419 427 497
5 127 139 141 410 494
113 148 363 401 437 498
202 245 275 312 349 365
7 80 221 318 393 427
53 90 114 164 331 444
20 88 304 362 397 432
44 264 304 308 338 340
15 129 411 445 446 455
46 48 70 215 231 289
21 43 78 162 266 333
127 131 134 259 435 497
24 27 36 46 416 495
17 63 140 374 387 389
42 119 215 306 326 475
141 160 175 235 271 442
55 80 105 152 366 371
63 84 223 317 318 356
74 117 279 300 319 365
67 102 305 327 348 373
29 85 101 162 398 439
119 165 209 218 242 268
235 329 382 403 416 476
119 124 177 223 382 400
39 147 356 387 413 450
229 233 253 298 369 396
112 213 271 343 385 484
13 41 63 199 368 466
22 128 231 336 374 429
4 301 397 418 465 470
114 121 129 332 380 477
63 155 189 341 461 475
30 127 174 179 381 431
57 184 211 219 261 295
10 62 147 251 263 327
116 238 243 248 328 358
11 71 200 241 286 289
16 87 136 190 194 300
18 51 242 310 432 473
10 84 212 235 285 492
115 211 255 412 430 456
11 74 87 99 419 438
96 181 345 346 421 482
155 250 295 378 390 493
2 130 247 257 424 444
50 78 214 347 364 414
212 252 349 448 451 477
144 223 312 321 333 369
11 69 312 386 440 498
29 142 207 286 354 443
62 148 169 240 415 497
148 199 222 328 363 406
93 128 356 365 406 444
12 54 248 366 379 394
163 307 331 361 434 437
70 174 185 209 271 348
165 292 330 370 372 476
126 144 354 426 436 450
237 264 330 376 392 398
76 146 306 419 425 463
133 164 285 296 297 324
10 41 278 315 360 379
62 103 129 140 387 459
195 237 267 299 313 450
32 124 166 235 245 270
248 279 293 318 357 451
69 87 306 314 347 393
8 71 78 226 254 409
56 159 270 295 391 468
98 159 189 234 287 469
11 56 162 269 359 433
14 175 272 279 365 477
0 17 46 51 356 467
94 250 276 294 321 493
14 70 109 181 312 366
117 125 128 146 215 223
69 132 207 230 394 470
102 130 171 357 417 452
107 305 361 445 449 465
162 227 303 361 408 454
58 156 201 205 273 349
18 83 96 446 456 497
16 53 76 98 102 461
239 253 339 400 442 486
11 42 128 335 473 483
15 126 262 291 297 347
255 357 411 457 478 493
115 181 225 327 392 408
88 97 282 357 439 463
120 185 226 301 362 382
75 143 148 152 157 284
3 104 235 298 465 480
228 277 281 284 346 396
148 167 180 239 406 423
5 6 10 77 98 160
53 99 115 125 182 298
244 357 404 448 472 497
185 345 348 375 399 446
108 142 237 247 360 451
47 163 192 257 273 338
69 153 442 454 473 494
8 132 179 241 294 434
21 26 97 384 391 416
47 239 277 287 360 406
131 212 218 267 277 282
144 153 316 397 426 441
121 178 225 270 295 473
108 245 255 386 404 492
51 75 95 303 390 451
0 152 262 309 320 399
145 230 253 293 411 476
176 210 222 367 437 451
11 51 214 274 436 477
47 95 267 270 277 307
52 223 314 413 436 481
12 65 102 153 305 440
8 32 250 319 350 377
9 45 66 165 409 429
5 34 101 111 388 389
46 175 217 231 268 350
117 152 162 269 279 294
204 247 275 293 353 397
30 103 120 198 243 430
91 134 154 164 365 381
58 70 172 395 411 476
19 22 35 86 231 375
26 35 103 136 141 306
134 204 212 213 246 472
17 104 173 234 405 486
0 51 70 177 190 499
119 185 254 407 454 481
175 262 377 393 440 442
98 210 257 412 455 489
113 143 261 340 377 426
153 157 166 197 276 327
88 169 184 277 342 359
107 132 136 235 288 463
6 37 73 88 169 254
42 111 243 344 345 347
275 306 311 410 425 456
57 258 291 346 348 417 480
23 58 110 117 230 271 441
8 27 73 149 165 236 326
103 287 343 404 442 449 459
45 107 170 251 254 463 487
3 113 125 275 391 452 472
61 70 214 263 315 366 454
37 38 160 371 375 440 463
5 18 29 65 96 166 382
61 69 138 262 445 457 474
84 97 107 242 444 453 472
39 174 250 252 265 286 318
189 312 418 426 484 492 493
14 46 77 170 265 409 473
152 302 303 327 415 480 491
120 133 269 312 316 421 460
12 38 252 295 422 424 445
89 113 233 247 259 365 494
62 74 78 185 224 451 476
14 56 137 222 259 317 412
110 136 167 175 177 334 379
24 242 349 360 417 434 436
3 130 164 187 193 360 425
63 125 220 223 305 309 354
78 85 127 219 309 322 389
131 132 196 197 209 251 272
46 137 216 275 309 373 385
112 145 180 313 361 364 438
52 54 147 162 321 454 487
191 243 276 277 315 356 480
60 102 199 319 359 360 372
10 28 69 81 174 244 256
45 131 181 189 373 403 475
45 203 215 274 280 419 432
92 138 177 182 223 305 473
1 30 277 301 307 449 495
18 38 51 110 171 203 468
87 98 251 277 316 416 463
20 165 217 266 454 460 485
34 51 72 147 289 382 399
24 61 126 322 358 412 427
31 72 128 183 217 259 347
6 48 88 155 176 279 358
12 72 302 327 333 374 409
94 214 231 242 249 268 372
38 40 43 85 98 130 411
20 131 175 198 265 370 380
47 253 299 335 340 346 360
16 175 194 230 269 308 428
13 136 160 239 330 437 453
20 90 97 205 245 422 455
6 28 43 227 289 318 444
0 18 46 260 272 368 435
0 229 234 242 402 433 497
107 136 149 155 377 397 456
121 160 219 393 407 484 492
107 116 169 295 383 463 465
20 224 226 279 478 482 498
43 156 215 277 376 468 470
60 131 283 321 348 395 398
18 223 239 297 357 417 419
13 159 201 351 391 416 462
25 112 129 272 336 353 364
1 90 269 331 387 449 466
69 118 208 268 290 325 347
26 111 124 130 132 246 249
47 79 115 201 224 252 339
40 102 176 308 350 352 392
1 217 317 321 357 415 479
40 76 159 310 409 440 488
38 133 164 322 337 352 364
170 172 199 245 406 408 426
34 79 168 198 253 259 370
121 163 365 380 402 437 452
6 67 138 185 312 477 497
55 122 407 408 409 438 484
8 46 198 248 262 401 475
2 77 158 219 248 299 477
215 302 323 330 358 384 495
157 246 389 426 467 479 488
57 207 296 349 362 393 421
31 66 172 238 255 466 489
244 270 292 294 405 417 496
5 144 200 248 267 327 338
85 122 123 171 223 259 296
107 194 300 372 393 421 445
41 56 305 362 387 465 499
1 46 56 234 265 379 383
14 77 281 344 417 459 463
84 122 222 244 264 297 332
136 156 226 308 316 369 391
47 86 94 290 370 445 486
118 246 301 344 391 396 492
13 61 199 214 244 291 388
0 51 56 113 199 301 471
142 185 280 292 364 453 495
31 133 281 283 304 354 382
146 239 250 293 326 348 401
87 113 228 239 244 330 419
196 216 229 251 289 427 494
279 299 315 318 369 398 423
47 51 97 240 251 252 346
84 99 100 194 243 452 477
109 120 129 136 206 247 274
40 305 320 367 407 426 487
21 85 95 286 326 445 462
103 131 272 340 341 351 359
73 77 278 317 363 430 492
65 93 96 339 417 479 491
135 143 157 171 184 347 446
50 95 102 258 291 381 440
105 138 142 168 196 219 234
61 87 93 351 393 469 475
18 42 52 212 316 359 488
55 144 215 227 234 290 370
68 77 357 381 416 433 466
89 123 155 229 274 330 463
141 274 364 370 397 398 452
60 145 175 349 408 412 432
72 99 103 413 414 420 429
46 144 156 241 263 302 470
1 20 96 124 148 219 254
102 139 191 265 325 333 342
9 47 134 223 313 315 423
98 139 236 289 298 300 311
104 111 193 242 411 436 443
38 64 67 73 189 228 353
9 21 101 139 428 485 492
65 102 113 147 183 186 248
57 67 184 212 267 312 491
64 89 191 212 253 277 381
10 26 51 57 85 192 444
27 142 240 257 306 387 443
49 147 194 210 311 321 446
9 235 315 316 356 386 425
76 78 94 100 119 297 467
55 121 330 343 359 419 430
78 129 179 192 246 310 335
176 270 307 326 338 456 490
69 113 151 271 283 298 409
12 90 173 184 197 319 427
75 87 139 171 195 212 314
34 112 239 341 347 478 491
19 95 117 120 124 236 323
112 127 358 404 438 460 487
135 138 168 184 418 447 451
17 71 136 223 324 358 410
35 50 80 277 424 455 467
185 190 327 328 359 417 497
29 193 207 222 306 457 494
105 184 188 196 284 408 438 490
18 44 77 180 263 311 331 362
31 148 185 386 388 409 433 439
73 148 213 233 353 424 428 460
28 59 60 153 293 431 451 497
14 70 138 267 298 302 361 471
2 13 183 213 215 277 414 460
21 23 25 72 80 109 236 455
100 141 144 187 276 316 435 454
71 78 79 104 198 376 415 456
170 174 187 305 306 319 357 484
148 195 204 307 323 452 484 495
30 117 208 289 300 346 431 470
12 32 83 92 160 309 312 477
2 5 27 91 99 114 122 340
136 185 226 258 378 380 429 480
25 88 91 130 153 311 337 454
1 163 223 226 356 368 421 477
47 73 134 190 277 352 378 453
28 34 151 155 164 345 357 382
25 161 162 208 346 436 439 486
102 161 236 258 355 413 458 466
70 79 127 175 218 232 283 383
8 47 146 147 177 300 344 361
123 241 326 344 359 369 382 478
23 56 231 253 290 301 455 481
34 104 122 150 313 345 367 461
130 169 187 280 304 310 336 437
83 103 114 140 245 278 426 463
140 205 223 232 256 364 407 495
47 56 94 118 268 321 435 489
12 135 176 228 314 393 396 419
166 172 219 268 284 294 433 477
41 51 103 112 168 183 253 478
19 58 64 93 94 281 310 394
76 119 170 193 205 255 415 462
17 58 60 89 132 221 247 462
18 161 173 238 329 354 369 456
108 136 345 365 432 439 443 464
133 149 214 244 285 309 360 369
222 241 242 244 283 287 485 491
15 64 135 208 277 388 391 470
228 274 280 300 437 452 453 491
22 186 194 257 267 296 301 378
149 151 177 288 297 365 430 438
33 49 67 401 415 447 456 459
3 42 267 299 374 399 413 429
44 179 189 233 387 391 419 448
266 336 360 404 420 429 473 487
39 45 82 83 186 312 370 495
2 26 58 90 125 161 396 435
194 245 263 293 329 390 458 488
1 101 169 209 365 436 437 462
37 50 104 387 402 446 456 458
36 140 181 196 258 356 369 432
22 45 59 81 90 218 428 447
0 52 55 91 101 156 243 323
18 125 133 197 212 322 344 370
18 22 123 170 244 256 398 426
27 108 130 191 225 330 437 495
18 57 64 126 135 202 265 485
171 198 218 267 353 359 457 473
30 89 189 197 237 273 284 499
19 41 110 187 212 358 365 481
4 49 77 85 99 149 215 305
33 35 48 82 159 290 311 480
350 405 417 420 424 439 447 484
31 37 45 213 346 487 493 497
214 249 334 335 357 419 438 444
6 171 243 290 299 372 451 498
8 75 76 248 268 329 412 416
24 112 156 265 277 282 368 390
93 112 134 260 342 361 431 433
58 280 304 333 430 437 470 492
60 85 197 311 388 412 417 492
95 133 153 358 385 441 471 482
48 114 159 161 326 347 404 465
26 28 37 140 228 238 316 319
9 44 126 199 222 334 364 449
89 173 202 254 296 415 416 481
67 99 152 192 226 259 266 409
21 46 121 229 268 311 378 393
58 144 170 209 215 249 415 468
41 96 197 203 304 357 433 499
209 225 242 262 269 343 364 466
88 160 202 257 283 357 387 447
1 17 201 235 267 441 467 498
21 26 117 130 283 310 344 371
54 72 109 121 229 280 354 405
67 120 188 254 270 338 361 447
39 47 74 295 319 454 473 483
7 110 210 236 298 315 334 495
20 53 83 136 208 264 327 368
85 126 191 234 276 350 354 419
79 97 159 211 304 364 379 401
20 33 180 193 228 283 367 463
32 159 322 334 336 340 371 488
5 8 28 47 140 146 428 469
45 101 123 182 227 270 276 294
81 91 144 156 172 183 278 497
6 40 116 122 175 229 327 426
8 108 182 217 247 306 414 446
65 106 113 297 353 431 455 494
20 25 58 68 130 303 422 434
4 102 126 188 454 469 475 489
10 39 140 237 250 288 448 456
52 103 152 389 399 408 442 495
84 85 165 181 360 383 418 427
141 168 208 232 233 263 337 447
25 37 84 98 200 265 460 486
2 203 332 333 376 418 453 484
18 63 101 189 316 351 379 402
30 76 124 135 210 443 478 485
109 161 188 289 309 333 373 462
131 172 180 261 307 350 379 388
128 188 240 343 400 401 424 451
228 266 270 271 310 318 484 487
11 25 108 228 269 338 350 376
12 62 209 284 329 402 412 452
57 59 215 364 369 427 429 473
15 29 63 82 114 127 288 474
91 166 208 224 391 419 453 491
21 29 66 111 165 275 336 480
100 122 158 181 184 225 339 361
73 99 149 231 405 408 434 446
32 98 127 217 266 299 380 406
23 129 253 313 319 384 399 426
3 18 24 131 139 141 191 344
35 41 97 150 233 296 370 489
151 210 240 286 310 325 436 492
49 113 132 139 174 188 195 470
22 106 129 131 173 261 266 355
32 53 111 193 240 291 413 444
107 119 173 295 381 449 465 481
25 27 102 157 230 351 355 362
25 35 49 53 263 341 435 458
60 63 68 95 113 295 435 459
88 148 226 229 280 432 455 467
126 203 212 246 270 392 431 437
33 42 213 262 284 377 480 493
31 91 105 132 303 382 460 466
89 144 215 334 404 412 414 424
10 39 55 77 130 218 255 260
73 127 194 231 245 275 346 410
83 136 169 183 208 360 396 499
0 3 75 162 199 423 435 460
36 128 144 174 196 272 304 307
15 47 176 183 325 376 377 449
0 126 171 173 239 281 297 350
184 252 285 289 298 306 317 387
55 66 145 218 229 231 322 374 398
87 99 105 160 161 194 306 447 483
2 101 118 179 185 211 217 364 441
52 55 161 174 218 358 381 459 483
21 73 104 137 293 310 407 448 460
23 70 97 138 148 316 403 433 491
5 34 54 91 164 341 373 405 476
101 106 168 241 260 308 322 376 466
1 95 290 344 352 359 371 437 457
122 142 163 230 385 397 406 419 477
60 109 240 250 254 330 335 425 435
41 176 177 259 274 351 358 384 419
23 44 67 137 193 227 248 294 411
3 41 80 97 104 133 149 184 358
74 106 131 234 271 282 311 335 448
153 159 194 197 327 344 418 451 471
50 85 127 155 277 301 341 362 481
11 76 150 236 310 354 436 449 462
90 94 113 114 126 149 171 279 451
23 63 96 108 110 118 164 220 325
14 229 248 430 438 472 477 488 496
23 42 74 129 136 203 219 286 429
3 51 192 248 285 314 446 477 492
18 201 210 239 294 301 309 423 477
2 4 35 62 76 119 202 240 465
28 76 81 137 243 284 384 478 490
6 42 75 101 210 338 372 396 401
265 275 354 355 367 383 412 438 480
12 27 142 174 280 297 304 353 416
32 51 92 130 134 213 320 408 452
17 53 57 200 240 247 249 270 369
162 205 215 219 292 340 368 372 417
131 159 169 206 424 441 451 485 489
37 66 180 208 220 287 359 398 496
29 151 169 174 180 271 346 406 433
51 66 89 104 225 253 284 478 483
57 122 143 157 161 254 261 291 402
14 35 50 196 209 232 253 419 423
31 33 144 183 193 368 374 488 496
80 256 287 305 332 394 403 434 464
40 180 210 259 280 346 380 452 484
46 65 102 142 163 184 344 400 422
7 57 79 119 205 255 338 361 378
69 71 221 235 277 278 435 479 494
51 68 79 227 330 364 375 400 460
22 35 84 316 318 359 381 452 470
58 182 185 186 235 266 289 369 474
110 186 212 223 270 273 308 423 492
57 72 106 121 126 160 240 300 395
51 88 181 276 279 356 373 390 473
168 205 233 258 313 365 366 368 456
100 133 142 192 273 439 444 464 483
48 149 184 201 308 316 344 367 473
6 129 187 203 341 396 406 411 479
37 63 133 142 220 236 267 313 381
60 144 183 245 318 414 447 470 491
46 53 58 60 83 326 408 435 481
106 151 220 226 251 279 327 367 425
0 27 133 188 203 233 256 282 293
93 99 215 230 304 413 443 461 478
21 55 110 119 148 156 231 272 413
125 132 184 314 360 447 452 458 497
3 35 60 93 104 196 239 324 447
9 36 59 129 169 171 184 208 371
60 84 147 154 297 349 361 371 385
23 63 144 218 269 276 298 362 488
32 76 101 153 235 356 390 391 474
40 41 147 190 202 249 272 335 363
2 42 183 185 372 401 462 471 476
66 158 162 254 334 403 425 466 470
45 83 84 101 164 273 298 322 326
7 35 171 276 283 301 476 485 490
193 248 266 283 294 332 382 485 497
23 92 93 109 222 277 280 361 388
23 166 172 354 357 380 389 401 417
43 87 207 208 248 253 306 343 360
2 69 81 308 326 358 400 424 437
39 47 119 191 241 245 283 360 404
34 57 58 66 76 139 254 340 471
64 167 179 185 369 371 380 404 420
46 121 167 213 277 295 371 445 479
41 43 94 232 278 316 363 406 483
93 114 140 162 180 276 396 444 477
84 106 200 224 241 248 282 366 479
25 38 40 54 88 204 228 358 460
12 36 38 44 164 165 393 402 463
81 230 239 291 402 424 434 482 497
123 182 274 322 367 404 417 490 498
64 201 274 289 293 312 340 405 491
15 59 205 224 263 264 349 404 409
84 95 241 247 259 299 353 475 478
67 91 95 225 242 250 268 406 424
192 253 260 279 281 282 302 328 359
10 20 21 31 82 302 340 347 352
58 73 90 120 271 383 395 478 491
6 41 60 81 87 172 241 250 436
67 176 182 205 280 343 431 470 484
108 256 281 331 346 385 409 430 491
0 57 131 233 239 249 256 335 351
64 72 91 173 202 217 236 251 477
81 107 117 254 271 284 301 332 389
140 272 278 308 338 341 354 367 388
20 55 115 179 252 361 395 457 469
39 175 204 379 432 470 477 481 493
0 40 53 282 283 290 406 421 462
2 100 118 141 201 208 246 325 395
8 21 99 123 341 383 385 430 496
26 36 126 157 250 291 351 425 485
93 134 171 290 294 312 482 486 496
64 127 162 191 268 316 326 339 345
63 109 147 200 241 265 298 309 358
2 4 18 47 119 133 356 390 442
15 40 63 65 121 180 251 404 468
7 104 132 181 252 311 385 447 451
53 83 118 130 193 259 329 340 341
11 106 122 165 254 277 346 374 449
29 36 77 166 218 310 313 417 420
6 65 84 135 144 148 157 268 333
59 83 163 236 263 311 326 348 404
77 132 186 217 236 363 418 422 459
24 29 159 276 339 458 464 496 498
55 65 105 167 227 293 364 393 493
11 47 160 290 397 409 454 491 497
132 177 189 250 357 372 392 400 487
13 35 78 83 104 210 260 422 433
125 148 184 305 320 334 360 375 446
10 46 56 106 117 159 394 411 430
15 32 45 205 207 258 281 335 430
44 75 106 155 156 157 233 408 467
80 198 280 365 405 407 432 437 450
25 144 232 301 334 347 403 404 421
29 88 182 226 314 399 450 456 470
47 57 73 78 105 180 299 372 397
12 34 73 170 191 235 303 481 492
28 29 47 61 89 265 308 322 350
121 193 236 357 382 386 412 449 469
29 56 88 93 116 183 275 360 409
153 166 190 269 315 380 388 437 489
103 292 315 377 390 437 448 460 491
4 104 129 167 187 191 442 451 473
109 115 157 179 233 234 330 337 352
28 172 198 297 328 368 394 483 488
0 18 27 32 382 437 456 466 476
57 65 76 91 153 253 364 433 451
19 42 89 181 275 330 372 419 449
171 192 221 225 312 319 343 410 474
46 208 239 273 278 351 366 479 493
8 49 108 173 175 259 427 433 447
39 49 323 401 441 442 474 494 495
19 57 76 101 113 216 261 396 452
107 127 311 345 366 372 390 413 431 478
55 98 130 132 181 237 310 409 428 439
94 155 159 163 212 242 246 334 364 403
223 236 267 334 337 396 397 436 439 484
9 62 126 238 324 344 351 447 448 494
35 128 177 225 261 333 389 413 491 499
151 241 258 309 392 415 419 420 480 494
8 150 162 203 230 296 365 378 381 402
6 11 47 77 150 279 343 438 479 493
1 77 135 162 174 186 217 322 349 472
2 3 66 143 157 176 285 326 327 391
36 116 289 310 330 352 356 373 388 449
15 50 121 173 180 303 374 405 459 493
18 36 159 223 226 235 254 350 415 436
1 6 64 129 135 160 285 320 463 473
49 57 64 224 238 241 262 308 417 477
56 110 177 255 315 338 386 461 464 491
62 113 129 229 311 341 357 408 446 492
8 27 68 111 125 152 197 220 439 467
23 139 234 249 269 343 392 412 414 436
134 155 169 181 183 205 222 325 366 426
25 50 127 140 146 257 268 360 393 460
16 200 260 274 340 423 462 479 492 498
20 39 128 129 171 176 252 263 287 495
19 26 63 80 86 145 210 400 474 488
11 15 45 73 94 125 146 346 459 494
98 139 249 299 306 317 326 430 461 477
59 215 259 299 312 319 338 412 420 486
50 66 80 82 101 174 320 346 413 490
28 46 137 143 225 231 342 381 388 432
48 49 98 115 159 208 362 384 442 476
12 15 20 37 126 160 278 357 373 495
3 24 34 67 196 351 372 409 488 492
3 55 122 272 381 386 405 423 440 495
22 140 198 251 261 265 302 419 485 490
7 27 127 190 198 213 223 390 394 425
84 211 254 283 298 315 324 401 421 468
39 57 99 149 187 314 317 343 378 497
47 151 156 170 177 200 309 329 352 388
21 22 31 131 243 297 307 378 397 414
14 70 209 230 279 287 314 452 462 491
22 101 119 125 143 298 309 327 346 435
1 97 130 189 289 332 335 349 358 384
60 140 235 237 333 348 392 412 435 456
93 121 129 160 263 318 337 414 441 481
49 52 115 128 199 249 250 255 365 423
19 42 53 81 179 199 249 302 326 364
1 47 75 251 264 406 411 452 486 495
18 68 262 268 282 283 289 297 374 404
83 97 104 195 219 296 320 369 453 487
107 108 131 217 301 305 328 335 350 409
8 63 101 347 355 418 430 438 470 490
57 59 126 151 178 211 220 227 413 497
6 25 50 84 89 96 209 277 314 439
29 48 87 134 150 155 188 305 318 320
109 163 179 214 272 295 350 388 422 463
39 60 88 92 97 147 257 328 341 490
292 329 335 338 352 423 442 475 477 497
19 20 56 71 76 174 195 247 325 464
15 145 155 157 233 314 326 473 490 492
88 89 104 116 123 225 229 290 292 464
30 55 87 131 157 190 192 220 256 399
24 85 92 119 146 238 451 472 476 494
64 80 86 103 116 240 347 462 464 485
90 94 215 246 282 364 406 424 427 446
2 22 48 122 176 214 220 225 254 325
38 41 208 268 329 343 409 415 464 467
27 28 61 187 203 237 330 393 397 445
14 26 86 121 201 215 289 391 445 449
49 63 134 244 264 341 372 393 418 464
32 100 108 109 167 170 270 273 305 460
51 85 92 210 252 254 312 315 352 442
103 117 123 179 253 262 334 368 372 462
155 181 187 223 228 229 311 359 390 420
52 87 139 155 164 193 225 253 414 465
30 44 70 141 216 287 297 298 481 484
3 14 38 59 110 136 175 186 393 442
49 58 168 244 247 284 289 291 420 477
17 63 136 297 307 332 336 363 377 428
34 61 214 232 340 343 346 391 414 462
2 152 252 290 332 341 363 366 405 469
140 192 259 296 304 335 370 402 410 446
0 32 63 64 72 86 338 359 387 454
13 31 87 210 327 328 329 331 406 453
152 154 324 325 354 356 360 367 384 456
48 80 112 250 269 277 304 374 396 488
13 87 118 157 267 295 328 404 444 497
62 110 181 232 247 274 303 361 431 490
23 188 217 218 300 329 442 455 489 493
26 28 36 164 168 231 256 276 307 388
60 61 165 242 262 270 296 458 465 481
27 287 298 333 403 426 468 479 485 499
57 78 83 128 179 238 252 319 350 436
9 91 97 212 244 294 306 399 464 498
5 28 88 106 218 228 246 321 336 431
66 123 153 157 211 327 332 387 462 475
70 90 254 303 322 337 366 418 479 490
129 158 174 214 217 269 338 341 363 406
45 52 74 138 151 161 228 405 415 444
33 51 85 151 197 296 348 414 447 473
71 80 104 153 202 215 222 231 377 491
75 116 174 176 196 340 379 387 398 476
79 129 130 131 139 187 205 209 222 482
15 30 104 114 122 150 246 421 480 483
39 105 165 251 263 333 435 438 447 475
50 118 135 254 311 348 351 394 448 458
13 40 42 98 156 159 172 202 334 483
146 211 253 263 288 301 309 318 324 337
16 32 210 249 255 269 300 303 384 411
59 135 163 165 273 312 431 461 493 497
29 177 228 341 349 360 390 486 487 488
134 161 193 224 266 267 276 323 441 452
5 75 86 98 222 229 336 362 410 431
63 104 109 114 169 288 291 315 458 476
91 221 246 306 322 330 358 437 450 461
14 27 50 61 94 258 271 289 339 358
2 19 36 51 63 68 69 396 431 493
76 162 172 182 242 321 332 402 448 462
32 51 82 120 137 139 232 235 268 428
17 67 136 179 281 340 373 394 476 497
31 91 147 360 368 388 403 445 455 491 496
2 77 242 246 288 314 315 318 391 397 413
35 65 71 87 142 283 291 313 353 475 484
50 97 110 116 276 279 289 303 457 460 480
64 79 102 122 142 218 246 351 364 374 489
66 95 108 133 148 157 170 183 246 493 495
32 219 316 322 345 376 386 430 437 462 486
1 12 91 166 190 228 246 417 445 449 460
8 43 50 132 178 293 348 401 412 413 423
96 144 229 255 272 383 414 427 429 437 460
51 92 116 133 162 171 175 383 406 436 484
7 57 59 71 73 93 173 184 366 475 499
59 142 206 262 309 311 361 373 379 427 496
26 54 69 144 199 259 310 325 343 367 402
38 104 278 321 341 388 400 431 452 486 493
132 138 211 266 268 308 314 373 440 441 451
48 50 60 108 135 221 314 386 403 449 452
44 48 118 156 170 226 240 307 311 345 485
175 182 183 201 204 225 234 254 344 389 419
8 66 94 111 115 150 156 176 193 305 361
2 19 41 105 129 174 208 221 230 319 448
11 13 19 78 89 176 311 338 349 374 471
10 57 95 122 157 176 193 240 278 283 328
36 51 61 71 73 150 158 247 283 341 493
125 185 208 223 227 275 327 350 378 407 414
6 70 132 158 159 231 259 318 454 459 486
56 217 264 268 284 344 352 403 424 431 442
6 71 103 126 148 304 310 368 387 427 464
3 77 159 276 308 312 323 331 351 394 463
122 136 162 164 200 204 326 365 414 432 484
10 35 70 77 291 316 418 428 465 485 486
33 48 153 194 206 251 302 408 445 461 475
12 100 146 169 172 204 208 250 251 345 490
91 149 153 157 173 183 214 235 255 354 391
126 132 160 209 247 249 260 285 349 357 419
29 49 53 246 268 322 329 340 375 456 470
1 17 35 44 81 109 111 135 194 397 476
47 57 62 79 169 180 189 202 401 438 454
41 62 80 98 107 163 164 315 425 457 472
41 72 104 128 200 243 369 405 482 490 493
4 71 81 108 184 201 235 258 279 371 407
37 94 112 122 185 234 259 322 325 392 423
88 89 92 154 226 253 333 345 347 410 454
47 52 96 101 203 212 222 245 296 334 417
75 161 217 231 253 349 357 375 376 393 460
57 72 81 84 85 108 218 228 251 281 396
117 136 153 160 225 252 374 396 421 427 460
15 18 159 182 201 234 295 303 340 407 457
32 49 150 171 179 213 227 305 430 434 499
20 52 61 119 127 134 194 304 306 430 477
11 124 131 207 253 318 374 382 392 484 487
16 46 47 60 73 81 116 118 294 373 419
112 116 178 197 231 235 288 335 409 458 476
10 58 104 130 177 179 219 428 447 478 485
6 24 69 183 208 219 286 364 462 466 493
14 18 26 31 194 239 278 318 354 377 479
70 97 123 224 265 279 289 291 303 323 397
15 105 115 170 188 386 405 406 430 452 460
29 69 118 157 247 274 395 424 444 476 482
18 25 117 131 134 186 200 241 430 455 495
76 153 177 195 200 228 317 321 323 337 381
8 62 116 121 168 204 268 291 410 413 452
181 187 197 200 201 278 283 328 354 368 472
25 83 135 146 264 326 327 379 394 395 400
0 74 220 228 283 343 363 407 437 464 466
29 36 52 71 212 298 360 371 382 426 463
34 55 130 196 283 298 319 363 438 481 497
57 91 121 124 188 284 306 331 385 401 446
25 35 45 54 71 263 364 410 458 476 499
30 107 109 262 291 314 319 388 436 475 482
8 14 17 18 67 130 320 352 359 415 474
15 41 66 212 274 328 353 363 377 449 490
66 153 160 191 285 300 351 397 426 427 499
38 48 96 101 127 153 155 298 370 377 464
67 103 121 210 220 261 383 389 429 462 480
24 44 52 128 225 242 286 295 298 347 459
20 83 84 110 220 257 273 276 291 295 395
6 17 21 101 108 136 200 211 257 283 432
24 70 263 275 301 342 344 374 437 480 488
49 107 175 191 195 215 220 232 247 260 269
11 19 106 222 223 238 294 354 364 371 451
24 28 62 103 201 216 219 303 304 394 410
92 134 148 216 223 281 317 340 343 344 449
2 65 143 179 198 223 238 291 362 372 432
77 135 163 173 184 214 240 319 344 354 394
6 22 95 150 229 337 439 465 469 479 487
15 47 102 118 185 197 285 293 360 370 421
221 255 272 279 281 322 326 394 411 412 426
129 166 205 229 283 285 364 379 384 426 433
9 45 142 248 260 318 329 336 342 386 403
3 20 67 100 168 228 310 353 367 393 496
20 31 101 137 250 275 290 294 357 386 396
15 33 90 170 202 229 235 262 374 453 466
157 192 215 257 285 333 338 354 397 454 469
33 56 92 93 148 161 202 314 356 415 475
14 60 82 117 130 206 217 303 317 336 341
3 70 71 105 117 152 174 303 344 389 486
110 177 215 254 350 394 430 438 472 482 488
22 122 170 211 235 290 293 314 449 479 494
4 5 122 252 254 281 288 296 330 402 447
143 172 211 260 265 270 286 345 369 390 490
6 84 87 228 241 286 303 353 385 473 488
4 7 32 123 193 218 244 294 328 345 421
48 133 252 266 277 316 323 344 403 465 493
208 251 321 322 330 337 341 352 414 460 461
27 44 139 153 159 270 298 348 357 433 436
7 144 173 236 306 312 441 443 461 485 491
4 46 61 65 84 214 288 375 395 396 485
44 46 120 184 238 249 294 345 346 387 454
2 49 74 96 128 306 335 374 400 461 498
5 15 114 142 174 194 306 325 369 453 493
69 94 96 156 167 179 194 304 308 395 472
51 120 133 362 377 380 385 396 412 422 432
48 60 75 103 130 219 235 305 379 474 477
82 99 129 194 293 310 334 350 362 403 420
11 26 39 73 125 136 185 186 243 382 409
13 19 103 179 223 237 325 389 462 474 477
63 70 107 128 152 177 215 272 326 381 465
21 37 63 80 98 114 124 159 236 405 475
135 162 210 219 225 249 279 310 369 444 456
102 144 219 271 305 320 376 386 446 470 476 496
92 93 103 198 200 316 366 393 397 427 462 480
8 21 63 81 109 175 193 195 246 289 333 389
8 54 70 77 103 140 157 187 227 293 313 424
2 62 107 124 139 166 266 306 373 394 398 455
20 148 150 154 163 176 183 276 309 425 434 454
50 98 118 158 189 221 315 356 360 415 469 496
29 136 169 236 243 246 290 308 322 356 432 474
1 37 40 69 84 142 218 284 348 423 427 467
1 40 62 71 121 166 195 244 316 428 473 479
23 35 47 97 105 161 244 272 274 356 403 428
29 58 61 99 115 131 251 256 302 461 475 481
1 65 111 118 206 238 284 323 364 408 447 467
5 7 78 152 178 184 195 232 248 262 298 462
10 64 93 103 112 138 211 276 290 295 421 459
59 61 93 136 180 189 197 295 307 395 413 490
53 55 71 247 275 296 306 314 337 343 352 366
2 117 153 169 200 203 261 263 269 418 476 480
145 198 265 278 294 301 318 341 351 367 451 463
16 44 65 75 182 209 223 301 317 388 442 454
88 95 97 119 190 231 267 320 324 381 467 481
4 169 196 273 313 325 364 398 422 450 468 486
34 94 105 139 180 199 231 303 308 342 361 405
83 103 110 158 190 199 226 383 402 404 410 458
47 54 65 75 76 78 103 105 270 283 403 458
151 173 209 266 267 314 340 381 444 459 477 486
47 116 129 134 138 185 228 238 269 332 459 464
57 69 88 99 190 219 311 315 331 354 415 493
4 29 41 74 89 132 140 152 165 275 310 472
20 25 39 92 175 212 242 300 301 306 449 461
11 118 176 228 251 252 260 279 285 324 397 448
4 43 94 111 128 131 266 277 351 362 380 433
29 114 194 219 236 241 260 275 311 382 389 436
98 114 131 167 206 269 273 281 297 315 344 456
102 160 177 226 229 240 280 337 379 430 442 472
1 7 51 81 82 218 256 297 305 380 389 473
40 68 85 101 137 156 160 199 420 430 466 494
4 16 135 153 179 203 212 216 270 288 292 320
9 109 120 140 368 376 407 417 425 481 483 497
93 140 162 179 237 241 323 388 414 419 430 498
89 95 198 200 211 223 228 257 287 310 368 476
18 35 37 39 66 69 70 169 214 285 359 465
8 74 118 149 250 254 377 404 424 465 474 483
65 122 204 224 264 287 289 329 332 365 423 465
97 173 212 230 263 281 295 347 363 459 473 489
9 12 43 70 92 256 315 318 371 413 414 483
2 53 109 255 260 288 316 333 479 481 484 488
4 13 66 108 161 217 307 368 427 437 455 456
17 54 59 63 77 104 160 177 359 383 397 487
80 97 187 226 308 319 329 342 384 389 416 455
85 116 126 180 197 203 240 291 295 404 425 480
32 187 283 317 361 378 398 401 407 438 463 485
36 47 182 232 250 258 259 317 323 332 397 412
1 108 131 136 211 241 244 400 439 470 481 495
53 122 158 185 202 204 251 336 354 369 459 487
0 33 139 140 178 235 265 386 438 453 464 467
19 29 41 55 82 106 144 269 319 373 473 499
21 40 65 72 77 179 216 226 269 377 428 429
68 118 122 143 152 215 236 289 317 403 470 489
39 40 62 105 137 253 274 308 368 410 482 492
38 141 155 161 223 277 324 369 402 410 423 427
28 69 106 160 163 181 235 283 294 329 452 495
66 125 166 180 297 315 319 368 398 423 450 460
24 59 143 176 177 195 231 240 248 349 432 478
10 21 114 126 202 263 322 328 333 340 346 384
37 41 45 68 153 218 227 312 334 355 406 411
32 90 98 113 175 243 274 302 314 333 337 479
6 41 99 162 196 200 201 276 313 333 469 498
27 32 46 173 179 213 248 277 320 356 372 401
32 39 187 215 272 280 292 396 399 415 428 458
34 113 224 238 251 277 298 314 332 368 490 499
58 92 97 170 199 232 304 336 411 434 467 484
1 93 100 126 234 241 262 278 284 337 352 376
23 74 128 138 240 252 256 285 338 340 450 468
35 281 307 310 333 346 348 410 420 429 471 485
123 226 278 284 306 362 372 394 422 437 440 493
62 65 109 115 212 226 239 249 305 377 395 444
23 50 60 103 203 215 220 225 310 372 387 484
152 200 203 204 218 264 273 319 356 424 433 464
45 57 122 158 184 190 209 220 306 386 411 445
175 190 257 276 286 333 343 398 400 410 449 499
11 41 142 189 246 268 272 298 304 395 438 443
59 63 75 112 168 187 266 328 362 372 425 429
17 103 158 213 224 321 340 386 430 453 469 487
16 134 169 186 193 304 321 362 363 387 451 465
64 106 114 224 263 316 319 323 386 398 414 483
58 164 241 250 267 313 333 364 374 389 428 471
111 123 130 179 181 224 271 273 282 359 377 421
162 175 210 214 248 302 369 390 398 459 483 484
5 78 99 173 184 266 299 329 367 397 428 488
34 60 139 143 157 207 227 252 443 462 482 487
29 40 68 107 115 125 131 238 281 285 299 442
4 38 48 66 87 113 138 188 246 364 383 386
46 112 191 250 286 330 368 374 433 437 482 498
47 71 119 133 138 158 182 245 250 396 436 443
73 80 194 221 229 232 248 270 279 388 407 456
17 30 82 191 233 303 308 331 333 347 356 473
4 44 48 78 135 147 196 210 314 377 398 485
9 44 47 89 146 185 191 217 235 398 451 498
8 52 70 87 113 163 332 373 420 475 476 493
64 262 277 284 302 408 416 426 428 430 451 457
73 91 127 159 163 171 205 228 264 390 396 490
2 30 34 62 136 183 217 318 376 386 389 415
19 43 49 158 167 186 239 309 339 403 471 485
72 107 128 133 190 198 280 346 367 397 401 464
88 114 125 160 183 228 242 264 290 311 342 450
33 97 124 145 248 266 332 338 345 379 391 494
71 94 201 229 243 271 284 290 337 363 380 491
7 42 77 107 145 171 224 231 268 306 351 373
9 41 110 136 138 207 277 394 417 418 452 478
18 40 51 59 150 194 225 252 292 359 423 456
71 93 159 205 265 335 338 378 434 470 476 480
15 28 64 73 181 191 226 238 265 288 344 482
45 83 146 208 212 272 300 371 390 420 434 438
19 48 51 84 165 168 219 220 240 299 361 477
60 117 138 149 165 175 182 217 369 376 405 440
45 59 156 158 162 170 180 227 290 303 449 467
2 35 46 55 73 104 105 186 198 345 400 453
62 110 152 243 249 281 432 455 461 469 484 499
25 28 41 99 178 214 251 252 308 423 480 495
22 38 162 204 244 266 354 366 379 425 459 480 497
25 86 164 206 303 329 373 381 388 393 394 409 432
18 52 60 152 154 185 289 306 367 420 441 490 493
32 50 118 127 200 226 227 248 345 374 404 460 499
2 29 55 69 93 117 141 219 242 245 258 422 431
16 19 136 171 189 215 242 276 282 322 340 405 480
1 33 161 193 230 245 265 282 287 300 314 337 422
3 20 35 143 204 264 272 293 314 369 433 463 473
80 131 144 172 174 213 228 245 262 349 384 429 466
9 19 74 87 102 132 200 250 266 279 280 360 394
135 149 162 173 182 186 252 254 332 412 447 448 449
27 30 98 129 155 157 191 198 362 381 438 455 484
81 115 151 212 230 245 332 375 415 417 439 482 498
9 24 27 127 174 235 243 252 274 324 345 381 449
17 21 83 132 145 230 232 272 279 414 426 431 473
39 114 149 159 192 201 214 236 294 461 467 471 489
54 95 103 178 189 228 249 264 377 399 440 472 481
0 1 7 120 178 250 258 291 327 345 365 383 489
25 37 121 149 202 204 240 260 292 312 368 370 380
6 25 38 39 270 282 295 344 379 398 451 463 491
40 72 80 93 277 307 418 435 461 477 482 486 494
52 65 102 236 258 302 373 422 430 431 481 496 498
11 71 101 110 122 187 196 331 412 440 460 474 495
9 31 150 193 198 278 328 332 349 412 424 448 467
6 60 101 134 137 185 233 234 298 324 356 388 408
9 32 73 111 199 230 232 233 313 365 367 376 492
9 50 72 77 167 247 258 275 359 364 365 412 413
28 48 76 80 126 189 245 314 341 362 383 405 457
52 87 105 119 146 211 212 268 280 345 437 456 487
38 68 100 107 124 165 169 208 222 286 414 431 482
52 140 162 187 218 239 255 278 291 315 367 410 494
1 40 67 72 156 214 223 264 289 304 380 386 415
40 145 204 205 212 239 263 279 327 337 338 341 378
88 110 165 192 230 257 274 288 296 310 383 384 397
14 47 141 201 213 227 242 258 313 379 393 427 452
19 92 148 151 155 173 210 262 281 282 289 456 482
87 119 141 155 160 174 200 216 253 316 332 364 439
18 20 92 141 150 181 200 212 270 294 349 370 391
1 50 58 64 138 192 228 245 246 316 327 348 367
0 9 34 51 60 98 281 314 331 356 387 489 491
9 10 30 102 138 198 316 340 402 416 427 430 466
101 149 190 199 212 227 256 305 313 329 399 441 460
65 107 124 185 225 262 296 355 384 403 424 444 445
21 24 33 47 91 120 125 308 311 389 425 440 481
56 83 165 175 214 357 373 377 391 415 424 459 480
7 17 24 63 137 188 220 224 260 274 279 367 482
75 155 166 230 241 314 320 399 443 445 459 470 498
18 169 170 175 190 202 213 216 266 273 321 425 485
18 71 192 261 263 289 324 363 382 416 443 456 475
14 62 63 77 178 183 227 293 294 297 318 368 446
89 123 138 197 199 216 224 267 294 304 428 456 482
49 78 91 161 163 187 211 236 250 252 371 412 446
54 60 77 93 117 123 213 234 283 331 380 398 482
22 85 151 212 250 269 272 294 410 413 431 469 490
12 91 128 139 156 170 179 206 409 412 417 436 461
39 175 199 202 219 247 250 252 276 287 340 359 440
76 82 104 128 153 156 160 289 325 380 433 440 476
14 38 61 66 75 133 154 206 296 327 331 387 420
99 104 144 184 208 223 233 251 254 257 275 296 410
5 66 71 79 113 189 190 206 349 395 410 420 468
26 42 52 75 207 231 262 293 309 343 379 466 469
4 30 35 50 55 116 135 143 172 259 310 347 395
7 16 41 64 120 189 200 221 232 251 346 401 463
61 74 167 178 200 238 278 297 329 337 367 447 458
18 27 55 62 69 166 169 174 257 286 297 313 468
54 97 115 186 187 202 205 212 286 305 355 438 468
13 38 62 243 250 268 301 341 373 375 434 442 469
36 55 72 119 139 303 325 343 350 388 416 433 469
4 38 45 95 151 160 174 205 311 314 395 438 495
14 58 121 132 158 178 272 308 362 394 449 477 480
17 30 118 127 130 162 209 249 256 297 310 345 446
57 71 140 144 150 168 191 391 411 428 466 479 492
27 36 93 221 225 361 383 387 421 428 449 477 485
1 70 111 236 287 311 326 390 403 421 426 471 472
43 52 107 114 142 159 176 190 206 328 333 344 452
73 80 126 182 207 260 296 307 312 317 328 455 468
115 119 144 167 170 174 242 260 302 389 427 451 460
18 47 61 66 70 106 112 200 227 236 252 400 413
9 16 21 59 64 146 212 230 251 292 303 383 432
127 166 177 219 303 341 342 366 383 398 411 463 491
20 25 106 148 158 170 190 238 303 382 437 462 468
11 17 33 122 204 230 241 320 331 348 353 447 455
3 27 40 161 196 225 273 382 405 413 434 480 499
16 109 121 135 244 264 293 367 439 456 469 470 471
6 41 69 106 137 155 262 307 318 346 352 386 404
77 131 145 160 273 275 325 392 399 417 469 484 496
11 63 81 129 145 275 307 338 376 407 423 449 479
76 79 87 218 251 331 361 373 413 429 438 455 491
14 16 22 26 63 200 239 290 295 302 366 406 436
11 13 18 53 90 91 98 150 240 290 317 430 451
13 42 52 57 64 189 213 253 296 362 403 411 427
12 51 58 93 108 160 168 249 271 298 387 414 424
23 55 65 84 132 139 140 217 255 259 338 423 426
48 134 139 176 189 301 311 374 382 391 399 458 478
25 96 143 160 174 231 284 389 414 448 458 482 484
90 98 143 221 248 253 297 329 422 431 442 460 490
16 25 85 88 94 100 104 166 246 327 376 449 474
34 76 85 118 152 154 169 201 295 390 394 459 494
8 26 47 64 98 120 125 240 279 284 289 296 493
54 115 153 164 182 320 369 382 388 405 409 438 480
109 152 166 169 203 211 295 338 371 436 442 474 487
9 17 22 31 55 98 117 139 255 271 291 314 422
30 46 51 59 105 186 280 289 290 299 394 420 443
20 97 160 184 242 250 269 280 282 409 424 425 447
44 46 94 200 212 323 376 403 434 459 490 494 499
2 43 152 187 205 328 348 371 375 415 435 444 491
18 23 25 35 86 87 113 165 209 320 346 370 455
12 62 123 148 186 226 244 274 396 399 453 482 498
98 195 211 215 223 227 229 271 284 328 356 409 497
50 181 209 253 268 282 308 339 386 413 422 461 476
118 119 127 130 166 177 245 277 320 325 345 485 486
13 48 63 102 103 115 159 167 175 195 207 248 413
21 47 84 128 227 250 358 383 390 442 470 475 489
1 35 143 177 182 239 277 375 393 395 412 443 495
73 124 131 132 143 176 276 306 308 318 394 430 432
24 37 123 160 161 164 210 228 234 281 283 340 365
43 75 78 125 139 146 148 160 161 213 403 421 423
9 43 45 60 118 127 232 261 273 304 385 441 483
34 182 185 201 283 309 386 387 391 400 401 417 463
74 160 214 217 231 237 257 277 322 344 409 444 459
93 153 177 194 244 270 338 367 414 418 422 454 461 473
34 98 140 150 207 240 341 369 372 380 408 430 449 460
107 172 202 207 240 266 282 299 326 328 368 370 386 416
34 40 48 49 92 94 100 103 121 261 270 283 354 426
27 41 150 156 181 231 252 282 303 305 401 446 489 499
2 11 48 69 73 144 163 262 283 304 326 357 398 437
5 9 52 119 203 229 240 296 304 352 358 422 428 435
74 85 106 109 163 170 206 208 253 280 281 342 381 384
135 137 149 157 169 214 299 302 320 345 411 433 441 449
72 86 140 212 246 292 296 358 363 388 407 408 435 459
61 107 117 119 121 126 214 219 258 338 357 380 421 444
34 85 149 184 214 255 282 284 372 431 445 452 480 498
8 173 174 232 258 262 290 362 366 406 442 451 487 495
0 2 84 188 197 210 247 385 415 420 439 457 467 493
0 4 37 79 100 126 134 146 189 195 221 228 485 496
3 45 46 150 177 200 209 232 236 261 329 361 401 430
30 47 63 88 98 117 142 165 200 212 310 320 452 472
75 118 119 138 155 170 216 221 313 336 360 381 397 490
128 167 240 283 314 315 325 345 346 381 402 420 439 473
39 62 120 202 210 232 261 274 324 351 414 418 426 477
49 159 160 187 224 233 243 252 284 302 311 395 421 461
23 30 32 45 71 111 133 178 207 246 421 428 435 448
38 39 53 84 114 161 178 227 261 271 422 476 496 499
78 89 115 121 143 175 207 232 354 381 405 483 484 499
8 39 106 132 143 260 286 332 391 400 405 432 491 498
58 62 67 150 196 275 339 407 410 449 464 476 490 491
14 15 57 92 97 138 172 213 311 327 361 408 442 476
10 29 75 119 241 246 249 273 297 301 310 422 448 490
36 51 100 178 188 191 193 218 248 283 293 327 349 375
11 13 22 41 49 122 181 195 201 351 408 411 449 499
78 220 222 225 252 334 388 414 420 422 426 435 446 447
4 92 215 222 238 246 299 353 376 387 422 458 495 498
8 82 111 163 173 183 224 252 258 264 266 281 400 440
0 31 67 98 102 201 232 253 289 298 395 424 433 461
12 29 39 55 56 98 119 125 186 243 266 336 417 444
47 53 88 93 127 149 150 163 178 299 317 402 447 496
13 112 147 199 234 236 260 270 282 299 316 449 457 459
63 95 123 162 179 240 257 264 273 299 305 358 438 456
54 117 164 220 224 274 290 321 368 385 392 406 472 481
50 66 127 175 216 273 291 313 327 345 379 391 418 421
14 107 122 134 138 282 323 327 362 396 402 432 456 495
38 96 138 139 286 305 309 325 345 368 389 392 405 442
33 52 92 122 180 242 249 278 283 285 298 330 354 498
20 43 88 158 186 223 244 305 320 322 337 407 427 478
13 48 53 149 204 209 234 369 393 431 452 474 489 490
11 65 71 91 134 154 160 216 228 234 239 337 391 478
78 87 132 199 206 229 240 288 347 359 372 378 453 481
19 30 57 164 176 211 214 232 243 258 384 437 456 479
0 9 74 76 94 115 120 129 174 280 389 447 451 473
46 184 239 255 258 275 351 356 382 397 424 429 434 478
73 106 137 187 215 222 225 293 388 411 425 471 481 494
8 39 51 71 79 99 104 134 157 173 209 282 320 416
4 36 62 115 117 243 315 352 354 380 390 411 430 479
118 170 176 212 251 287 300 304 342 392 413 447 461 470
43 85 112 141 161 191 247 252 378 400 413 415 441 487
57 84 118 126 138 152 159 175 215 235 348 353 443 491
1 8 119 149 165 194 219 221 226 246 353 365 371 393
31 47 88 112 119 192 234 331 332 361 450 459 487 492
37 61 120 223 229 231 252 261 289 303 308 313 451 466
32 65 88 106 180 193 201 212 214 230 237 311 334 381
4 27 66 188 215 220 262 269 336 344 376 387 429 489
12 16 38 61 110 131 167 224 242 268 408 417 469 477
10 39 48 69 89 92 95 143 207 300 312 354 369 384
8 12 36 37 63 104 148 202 230 261 338 365 369 413
47 53 59 108 109 121 172 241 243 247 353 417 423 432
79 119 121 142 211 216 241 276 310 344 370 407 448 496
13 34 83 102 162 171 244 261 269 297 314 363 401 498
17 21 86 189 222 239 268 282 301 305 380 404 466 491
1 20 71 76 98 114 149 165 167 245 257 290 364 460
58 96 134 245 270 273 311 337 367 368 417 434 472 480
21 92 99 122 144 185 188 204 255 260 292 321 411 476
12 15 44 62 70 136 184 214 255 285 404 427 483 492
11 32 76 142 155 188 199 211 217 229 259 339 371 420
34 115 120 169 183 198 204 252 273 288 293 297 346 349
135 154 158 185 254 257 297 324 328 348 364 378 392 419
5 141 143 175 215 247 310 320 348 357 435 441 449 458
4 13 50 81 99 140 160 182 197 305 338 372 381 426
0 35 167 182 311 385 422 427 434 438 464 475 476 482
34 40 89 153 157 204 233 261 291 295 296 302 457 478
4 8 50 75 105 146 165 175 202 306 320 343 367 403
143 174 230 274 321 328 334 348 395 424 425 454 489 490
83 156 161 188 196 225 330 343 358 399 434 460 461 480
47 66 107 153 192 193 221 253 273 313 322 340 343 417
11 25 26 104 107 135 140 179 238 323 359 372 413 421
2 46 85 101 103 118 151 164 206 307 323 352 356 416
45 51 167 172 193 261 309 314 334 353 360 379 474 493
19 30 173 186 189 215 217 229 259 264 294 369 476 477
17 219 228 252 291 346 351 358 360 363 374 402 429 474
16 51 58 74 143 166 169 284 290 313 385 386 396 411
4 25 34 38 67 87 107 211 223 286 344 371 442 465
21 40 75 115 229 259 270 398 413 424 428 429 433 450
11 78 164 177 204 216 314 359 360 394 409 435 438 488
60 93 163 177 179 205 218 255 308 318 323 379 441 453
2 7 24 49 54 90 92 187 288 311 314 318 392 471
88 98 122 123 199 204 235 261 301 323 328 371 423 463
35 53 59 74 153 188 257 277 376 408 413 449 461 491
17 90 146 179 188 260 299 318 382 388 421 430 454 455
34 44 57 167 174 204 206 214 257 320 353 409 472 479
74 114 115 173 190 259 267 284 302 326 366 411 423 437
9 11 29 72 297 351 375 387 391 395 445 447 458 478
15 42 67 78 93 131 148 172 182 211 267 393 395 433 454
25 41 61 74 83 191 199 317 352 353 357 400 402 404 493
18 21 23 28 43 144 204 245 263 286 319 384 404 453 481
38 42 43 63 84 118 180 216 330 417 451 460 471 473 491
14 24 46 53 57 91 141 149 181 303 351 358 384 443 444
12 26 64 91 101 121 135 250 270 317 321 452 473 474 477
21 59 76 190 194 199 209 216 277 295 355 409 466 469 473
51 79 99 104 195 200 223 227 249 280 291 297 302 312 497
5 19 29 52 161 163 175 211 255 311 330 335 349 372 394
9 41 88 125 202 217 227 284 311 352 375 381 397 436 446
8 19 89 102 116 211 232 264 398 400 402 424 439 460 464
1 32 82 89 134 164 209 252 292 302 311 338 428 464 491
9 78 82 95 102 103 111 236 258 259 272 340 402 416 439
9 22 49 89 108 143 195 217 244 262 310 355 391 426 427
78 107 115 136 147 152 196 287 317 394 400 426 442 446 452
8 44 84 101 102 118 130 146 156 183 281 349 475 487 491
21 25 39 94 103 126 158 182 189 245 246 317 340 386 446
21 86 137 183 261 270 275 283 287 294 318 351 394 422 454
47 91 135 197 201 229 245 301 321 357 381 388 410 461 484
20 33 48 58 89 133 175 181 235 296 305 337 364 426 493
2 4 8 29 50 63 66 161 179 360 372 390 468 472 496
47 108 112 130 140 262 307 313 333 347 350 360 381 410 479
4 21 27 33 49 126 166 239 255 268 316 400 469 481 494
6 9 34 64 104 246 260 303 347 351 357 376 422 429 442
12 20 41 49 71 98 116 126 167 181 212 389 478 484 493
40 57 63 139 144 150 165 169 170 194 266 336 354 366 469
8 29 30 106 122 234 239 261 269 300 316 407 408 496 499
32 45 56 116 122 138 203 212 231 252 328 331 338 339 360
62 102 121 132 167 230 235 258 270 288 295 328 330 403 439
46 50 108 122 191 194 197 224 225 235 274 283 332 493 497
10 32 110 123 127 176 209 220 360 384 441 442 452 458 468
144 201 203 212 244 264 275 341 373 385 394 431 440 486 497
3 46 72 117 163 223 259 266 281 309 333 415 427 467 498
101 145 146 151 158 160 201 212 231 282 283 403 437 442 465
9 21 141 144 222 261 283 336 361 379 400 404 408 433 498
76 102 172 174 190 192 198 236 272 291 440 444 445 463 487
56 79 80 97 106 113 122 187 209 232 269 323 373 380 492
16 79 90 115 134 173 227 313 338 340 346 376 458 460 497
40 44 50 124 125 132 145 170 189 258 297 395 411 417 449
0 60 113 233 297 308 343 352 380 386 425 427 446 468 472
31 60 62 66 100 110 124 149 162 169 188 221 292 373 382
98 107 145 150 201 241 281 334 337 399 436 454 455 472 491
2 48 72 96 116 158 202 222 230 255 274 301 303 325 457
26 84 164 193 238 250 294 318 336 340 349 373 407 466 487
26 122 125 156 170 222 244 380 407 455 462 466 472 483 494
45 94 133 152 270 289 317 346 369 383 415 418 438 443 477
1 37 52 82 89 94 137 196 211 237 294 427 433 436 437
18 20 25 51 61 249 262 313 324 325 327 378 409 441 487
8 17 19 46 64 125 135 204 262 270 276 278 301 399 424
60 77 78 128 132 148 152 156 193 232 326 342 419 420 448
5 32 66 67 150 178 234 236 257 284 381 392 411 433 450
60 69 76 118 144 145 199 204 273 292 367 419 438 451 453
13 37 82 148 190 194 216 263 270 279 310 321 394 409 430
39 94 115 150 189 221 240 262 270 282 324 344 382 409 439
79 95 104 116 226 291 299 318 327 407 411 422 431 449 481
52 77 135 204 239 240 251 256 262 265 271 283 285 403 436
0 9 15 94 107 113 131 199 244 250 345 467 486 492 493
75 96 105 149 152 188 207 208 263 322 383 412 462 477 491
44 55 58 99 100 135 149 180 195 196 202 238 263 264 384
33 70 123 150 168 190 228 257 308 316 407 410 446 472 489
19 21 66 84 90 161 261 290 317 319 362 415 420 477 484
43 85 102 204 247 292 299 316 347 359 366 369 381 455 463
11 22 45 51 97 127 138 193 210 315 319 332 373 377 426
60 93 120 199 208 214 225 329 336 338 383 420 430 439 467
28 39 120 122 143 213 234 254 258 261 324 385 389 433 494
6 24 49 70 113 137 154 156 187 198 315 331 336 417 494
28 30 75 128 129 150 155 184 231 254 353 376 409 444 494
25 34 109 118 163 195 204 208 275 312 317 326 411 422 425
55 161 166 168 206 247 287 303 315 320 412 422 423 439 485
118 157 168 257 313 316 320 323 335 343 355 429 479 482 489
4 24 38 84 108 111 148 180 184 266 279 321 390 395 499
19 30 36 88 124 139 150 170 204 211 221 264 281 303 406
17 40 61 73 105 126 130 132 190 209 251 345 361 386 409
10 37 103 183 188 288 290 292 294 335 351 425 430 445 449
21 49 58 127 132 161 183 186 232 306 338 358 408 414 441
7 110 115 136 223 230 267 310 331 398 417 430 441 494 496
31 77 133 169 171 211 248 283 301 322 391 444 445 449 493
43 95 113 125 138 143 189 227 272 308 320 382 407 411 476
49 111 112 132 197 228 256 301 310 366 387 400 477 495 496
1 41 65 112 133 134 142 148 198 202 206 292 301 347 453
9 17 80 87 206 228 274 278 320 338 367 376 441 471 475
6 14 40 64 136 150 161 297 336 352 355 407 420 426 454
14 15 24 51 70 144 237 245 258 265 267 312 331 419 496
4 95 99 121 263 269 274 286 311 324 326 370 382 445 464
20 30 62 129 154 226 313 318 339 350 447 453 464 478 486
7 103 141 183 218 261 267 282 313 314 366 387 398 411 494
36 67 74 100 195 199 205 239 242 262 303 390 432 444 481
25 30 108 186 207 216 233 243 245 256 308 339 348 459 480
19 92 142 151 192 215 245 286 412 435 441 453 455 456 466
27 51 55 84 168 196 219 287 303 340 352 432 448 470 474
7 46 97 135 147 183 215 284 297 350 359 367 422 437 448
132 211 213 226 228 238 280 291 353 428 440 474 483 489 494
49 60 118 121 124 141 168 176 187 190 244 298 340 414 498
8 91 127 195 207 233 236 250 272 373 400 406 414 460 469
41 48 49 62 134 140 222 301 336 397 403 421 456 467 493
74 104 201 205 220 265 344 348 350 366 439 445 468 474 475
43 67 105 176 182 244 249 252 270 325 337 402 407 478 486
16 48 68 75 106 249 265 304 339 431 440 469 471 477 485
0 99 173 194 216 251 272 309 321 360 378 421 423 471 489
10 18 71 89 124 160 234 250 292 311 312 353 377 410 486
10 63 65 93 106 194 221 258 263 265 293 320 322 342 350 403
60 64 67 106 130 219 220 227 229 236 351 369 371 393 414 459
3 32 42 115 132 245 266 296 299 385 397 433 445 463 478 497
40 41 78 93 156 171 211 226 297 299 332 371 411 414 461 489
35 61 80 106 129 136 137 224 229 388 414 415 434 463 485 489
6 15 46 131 145 150 164 191 263 348 355 378 385 391 430 486
0 12 123 139 165 196 230 276 380 394 412 429 444 459 462 483
15 25 54 61 75 114 130 131 184 207 223 249 268 280 304 499
9 11 58 59 114 124 150 173 185 287 294 383 436 468 484 485
27 97 128 138 145 153 185 307 359 380 389 393 406 418 489 495
15 33 101 129 167 220 237 251 307 325 333 339 356 397 407 467
52 72 117 151 180 181 205 252 277 282 315 327 328 334 454 490
14 29 37 67 88 91 101 107 257 286 336 338 348 423 425 492
23 38 55 81 100 128 137 160 194 200 226 293 311 329 343 354
25 137 143 168 208 225 232 258 263 276 341 394 396 409 443 444
13 23 114 133 145 186 225 240 299 304 317 328 354 356 366 421
23 42 45 231 283 288 290 307 330 348 379 386 398 447 454 460
16 60 70 92 165 201 221 236 237 252 278 282 310 326 402 468
27 33 115 150 164 185 187 196 246 290 299 305 383 392 416 493
13 45 120 139 156 165 170 179 256 270 320 335 447 455 483 498
46 62 71 143 162 206 207 217 251 272 285 297 301 309 379 382
10 43 74 130 176 199 200 217 248 249 278 333 378 402 421 424
195 287 297 299 310 312 341 346 348 354 384 397 421 447 473 483
7 14 49 93 131 183 186 194 208 225 236 283 395 424 497 499
6 50 69 74 173 191 196 295 305 326 363 395 396 398 444 454
19 89 104 145 158 182 196 224 234 238 264 293 301 349 438 472
16 17 20 52 67 74 152 180 223 243 271 327 383 441 443 490
54 115 116 125 160 163 241 251 254 320 358 390 423 424 464 492
23 54 86 136 142 158 179 187 207 224 230 239 258 328 367 496
19 78 88 107 111 144 170 190 191 242 263 288 308 354 384 401
42 88 95 144 172 199 200 225 242 256 302 328 366 423 457 489
16 70 238 293 313 315 337 369 379 405 419 438 444 479 480 492
22 24 118 138 153 159 170 218 221 248 278 307 325 387 446 457
9 84 166 168 186 196 197 206 207 330 350 398 429 451 476 489
42 48 171 184 192 215 233 303 308 309 345 369 381 390 414 466
15 66 72 103 154 159 172 258 279 300 307 319 360 372 413 484
85 101 111 114 116 178 183 233 251 266 305 320 355 371 412 491
17 23 45 50 59 144 163 168 222 317 342 373 379 390 400 421
40 50 119 136 137 206 270 313 327 336 346 357 376 422 430 449
21 57 144 169 191 214 224 233 294 354 367 368 370 419 435 438
14 61 66 110 146 197 204 219 223 270 298 323 324 392 445 455
2 37 41 150 168 179 278 409 423 445 454 458 471 478 486 487
1 37 79 214 222 226 237 276 278 286 287 318 324 331 428 459
5 70 106 120 127 138 183 187 248 278 300 326 441 443 481 482
16 74 143 169 177 179 207 267 297 333 336 364 384 399 400 492
6 17 49 51 61 86 162 194 204 294 309 322 367 406 454 497
20 50 54 65 78 87 116 117 153 208 212 237 390 393 444 459
15 119 144 149 204 264 271 273 295 316 317 326 384 397 405 435
7 18 74 78 96 121 174 221 230 270 290 326 418 427 443 447
23 81 130 131 191 193 269 272 282 365 382 413 451 464 474 499
11 20 105 139 184 192 224 227 293 310 311 374 427 441 448 498
11 48 118 183 200 204 247 266 286 293 298 335 405 465 485 492
0 3 14 43 73 134 140 195 199 203 246 269 300 308 338 443
26 78 99 170 181 183 235 246 267 290 293 319 363 403 404 490
19 65 106 118 152 174 178 190 229 230 246 250 274 320 383 488
6 50 94 167 221 232 233 241 279 280 289 290 325 371 396 454
48 138 146 203 222 262 303 326 338 372 376 432 439 446 477 493
0 3 42 58 59 81 157 208 230 265 290 296 328 349 395 475
22 24 27 69 96 101 104 146 233 248 252 256 275 417 479 480
74 107 112 123 209 230 242 265 273 281 297 317 319 355 397 401
28 41 77 129 152 179 234 272 310 320 385 399 415 446 454 458
22 157 182 207 237 241 255 277 308 333 336 381 404 405 475 482
31 34 54 67 76 106 112 120 200 219 250 265 268 299 340 436
12 43 44 49 61 134 202 216 236 241 253 261 367 417 443 487
1 77 95 108 132 152 197 199 203 280 282 337 374 398 411 490
26 44 52 66 71 86 100 104 142 205 229 338 374 402 447 478
43 72 73 105 144 148 198 216 272 281 296 320 343 381 387 482
21 106 111 162 180 183 191 208 210 211 215 303 308 364 440 449
12 37 48 57 70 71 141 147 206 247 290 297 305 383 397 472
23 28 118 122 244 252 261 263 269 275 302 310 425 454 466 471
2 23 64 134 141 178 213 286 305 315 322 339 383 430 450 456
13 50 70 85 98 107 231 236 303 339 348 381 385 423 439 474
4 34 37 104 128 178 181 208 252 263 264 347 363 384 392 433
39 125 186 214 237 255 257 271 285 286 303 396 401 435 437 494
16 32 39 50 204 245 329 336 341 343 384 397 411 425 435 468
28 71 73 130 305 309 324 330 343 357 366 375 412 433 482 489
3 39 54 63 75 87 96 109 173 214 233 272 274 320 433 474
5 69 92 143 156 157 179 188 234 263 283 340 384 473 481 492
4 51 53 96 114 117 128 195 232 266 328 369 375 388 441 447
18 49 54 85 119 126 137 229 263 275 287 316 321 424 426 487
18 69 88 97 125 130 161 175 245 251 261 338 367 387 415 463
35 77 97 101 112 181 186 230 257 303 324 355 367 385 435 460
3 18 30 116 126 155 161 176 207 225 371 392 397 410 426 491
1 38 44 77 104 107 153 254 288 303 346 349 383 390 412 455
18 26 27 40 48 60 74 118 146 156 202 247 291 293 331 461
0 60 71 80 85 115 130 135 148 190 207 213 274 320 404 456
92 157 160 176 203 208 213 226 321 322 342 373 418 448 451 462
16 18 39 46 55 84 109 120 146 168 174 227 274 411 432 475
64 167 210 291 295 321 326 339 347 355 356 371 375 384 416 464
21 58 69 169 260 265 298 306 314 366 390 417 420 427 471 484
11 19 30 38 67 102 144 149 180 224 245 251 287 324 440 470
36 52 101 123 135 163 185 224 254 262 275 310 368 376 455 478
22 29 32 143 177 222 239 245 256 272 285 332 346 421 456 470
7 25 41 95 111 163 177 273 287 324 363 368 396 417 446 468
1 3 42 48 117 119 167 177 192 223 242 277 289 339 443 470
11 53 93 135 158 164 195 196 327 367 416 419 455 459 488 494
75 81 128 148 149 172 194 216 230 307 325 329 432 436 475 497
53 137 169 179 187 189 235 258 289 363 376 381 387 406 446 455
3 78 106 115 116 206 249 258 261 287 323 357 384 431 485 494
11 59 73 96 133 192 212 218 259 275 351 352 431 438 448 496
2 11 52 56 120 138 186 211 225 231 272 295 304 367 370 422 430
28 56 91 116 158 172 205 213 222 240 308 336 355 386 396 444 452
11 33 44 59 80 88 147 195 213 214 274 280 325 351 356 420 459
14 44 52 83 99 101 102 202 204 246 262 275 331 372 426 435 489
55 177 178 222 233 256 281 298 308 314 328 338 375 396 433 470 489
21 84 99 149 187 197 199 215 216 242 252 281 289 318 375 391 467
40 103 107 112 124 136 195 219 227 256 276 277 285 291 306 362 468
37 56 104 106 107 135 159 175 215 229 238 266 380 382 388 422 479
10 58 61 66 74 76 106 172 192 278 298 315 420 427 451 458 480
51 62 153 154 165 170 240 254 317 335 341 346 382 395 445 459 490
14 42 103 112 167 207 235 248 257 277 307 328 333 363 366 387 438
11 97 112 119 214 217 225 226 229 232 262 272 344 409 471 480 499
42 70 148 180 190 209 296 300 334 340 358 428 459 481 484 487 497
133 136 175 176 186 231 246 267 356 402 405 411 415 423 432 461 489
7 12 70 71 72 224 250 256 258 289 300 301 334 336 350 387 411
128 159 197 259 269 280 287 295 302 323 365 382 410 435 459 472 494
23 62 66 88 96 204 208 233 315 316 335 356 367 389 423 472 492
39 175 187 248 297 313 323 334 362 366 382 396 407 409 434 435 441
55 74 133 193 222 269 272 274 313 333 344 345 387 404 409 432 457
13 53 57 59 71 100 117 198 206 252 303 324 414 435 446 448 457
78 98 114 131 180 211 244 248 282 310 358 391 394 413 423 438 445
22 72 113 134 137 259 265 269 290 301 304 314 328 392 396 416 419
5 60 78 79 165 272 293 301 310 345 361 369 373 401 426 467 473
22 35 55 81 114 175 256 286 301 302 309 335 336 401 403 455 456
44 57 93 104 105 143 151 162 240 246 285 341 381 394 404 447 488
59 134 136 139 215 218 228 235 261 303 372 382 400 446 470 476 497
0 6 37 121 159 187 257 275 279 293 327 348 362 388 424 443 458
74 83 125 139 174 177 205 239 255 260 285 297 370 406 438 474 475
25 97 112 119 198 202 207 255 256 346 358 388 426 479 481 492 494
43 46 52 60 65 66 80 98 99 150 218 282 334 343 373 461 462
46 58 91 99 130 145 160 198 313 326 382 393 398 415 432 472 481
54 71 97 124 160 184 260 269 270 313 319 363 368 383 402 405 406
82 87 115 120 135 167 272 281 308 316 353 355 394 406 425 430 458
102 115 119 169 259 276 291 298 299 329 362 366 370 422 441 454 485
10 115 147 150 158 169 180 198 205 333 348 396 414 429 478 481 486
23 56 59 99 145 149 186 226 255 289 293 302 402 410 439 455 478
32 36 46 55 70 73 126 145 168 171 182 232 238 273 452 454 480
77 90 97 128 154 216 220 269 286 339 366 382 390 414 472 478 480
8 43 88 110 132 136 169 295 312 328 358 392 423 436 449 478 485
17 41 42 50 60 74 80 119 188 234 285 359 379 386 426 435 466
102 117 119 124 125 141 147 170 197 332 337 349 360 392 433 477 487
3 55 143 148 158 161 168 175 191 203 237 265 278 308 379 385 422
104 153 154 177 189 256 317 318 336 337 341 358 360 432 435 476 491
9 31 59 131 135 151 264 358 361 363 383 386 426 440 454 471 491
45 50 62 127 184 226 273 297 355 356 363 387 398 418 450 456 496
3 9 47 69 91 110 129 177 189 349 393 399 407 408 413 458 496
4 62 156 171 176 181 207 220 252 264 287 312 327 371 393 409 479
8 12 30 48 57 98 102 126 173 242 303 327 339 343 362 393 414
68 69 152 161 167 173 208 233 255 260 314 331 374 392 460 480 483
21 66 82 185 201 230 238 264 306 336 375 377 429 447 451 479 482
18 43 70 91 116 121 124 155 157 231 232 284 355 405 455 475 490
48 59 191 233 236 243 281 300 321 332 347 375 386 408 418 438 459
57 68 95 131 175 183 215 235 251 261 290 297 330 358 404 414 450
75 81 95 118 140 202 231 232 237 277 291 374 391 410 419 461 487
2 9 20 81 116 118 126 128 142 147 257 289 344 376 412 429 451
30 95 135 201 204 220 221 233 244 261 283 290 300 343 383 385 465
21 38 54 74 88 130 157 225 242 268 304 337 349 355 384 398 422
29 31 88 141 147 151 182 191 204 252 334 441 444 457 474 476 493
35 38 42 45 66 84 110 283 316 338 342 356 390 440 454 455 496
80 86 117 119 129 154 221 227 243 254 260 298 320 329 346 408 424
68 97 104 194 198 210 275 292 293 305 337 367 384 397 459 481 485
11 57 93 165 173 275 303 318 367 369 372 375 377 403 418 473 493
24 31 33 39 51 163 183 190 232 240 308 323 326 350 387 443 455
84 109 146 152 223 263 269 280 295 326 355 369 381 392 467 474 484
7 40 62 71 72 104 123 140 146 256 315 361 370 374 416 421 472
6 25 28 36 50 52 59 218 232 334 336 351 369 424 455 460 467
86 142 196 200 202 222 252 266 337 341 401 413 416 433 456 463 491
60 63 71 85 89 138 226 274 297 308 373 393 402 420 421 433 494
10 25 27 29 48 56 58 103 126 156 240 332 373 418 444 460 483
51 88 144 176 177 197 221 248 252 280 283 303 348 352 384 430 437
14 59 69 79 86 94 101 121 124 188 210 322 350 387 426 482 489
14 19 48 74 82 221 223 237 247 267 269 308 392 448 459 461 488
19 32 87 113 122 126 129 136 145 193 219 268 284 414 417 431 438
106 122 133 172 182 196 226 239 250 345 359 386 387 392 407 466 497
10 48 53 73 95 120 123 138 234 305 329 334 345 354 363 410 432
40 49 113 115 131 137 141 156 160 190 195 220 348 376 404 426 455
4 147 173 246 260 264 272 283 305 335 364 386 404 419 443 463 486
19 41 114 118 152 154 162 184 224 233 243 253 254 264 273 305 449
8 28 53 78 86 122 251 267 286 393 397 406 413 435 437 447 496
11 41 80 117 134 234 252 258 277 282 336 353 365 372 439 472 498
41 44 55 88 102 123 126 137 151 152 268 274 300 306 328 402 424
20 31 33 37 39 91 117 189 192 237 243 309 324 358 390 406 487
6 28 52 120 132 146 159 166 250 259 280 294 359 401 415 472 497
10 95 97 98 111 202 219 286 357 370 440 463 475 478 480 496 498
7 11 17 49 80 97 135 137 145 161 179 199 229 330 390 454 463
124 147 148 150 169 215 231 256 259 277 290 366 411 468 472 490 493
42 108 137 139 226 238 297 328 396 418 420 425 458 466 467 475 487
13 68 71 87 126 166 171 174 233 239 319 325 365 419 431 460 475
1 29 44 59 82 85 102 159 160 175 233 340 375 403 411 455 479
13 146 165 176 188 199 215 220 234 257 264 311 349 381 403 411 443
40 45 111 138 141 147 156 172 184 225 226 254 277 297 326 385 469
4 79 147 169 206 279 298 301 317 352 408 415 422 424 460 469 473
13 21 31 34 105 162 164 168 216 223 264 299 326 343 347 376 468
29 72 123 170 176 180 249 264 277 297 322 339 372 395 455 466 474
2 48 88 111 117 134 142 154 242 255 260 279 368 412 418 470 476
84 89 112 119 156 195 213 220 244 255 318 320 339 373 423 469 475
46 72 86 124 138 150 175 273 297 303 337 340 346 367 443 455 486
10 32 45 46 47 83 119 237 290 295 298 327 360 372 397 419 440
14 45 49 117 140 142 167 216 217 241 272 362 398 409 416 447 483
29 59 93 184 213 215 280 282 346 390 393 397 406 426 451 470 494
16 35 79 87 109 169 195 200 211 215 243 248 277 288 332 413 433 436
2 56 72 73 141 147 173 197 239 248 265 270 284 325 376 378 383 407
9 17 104 143 144 193 200 218 242 281 349 382 411 424 427 437 490 492
12 18 33 49 108 114 179 180 189 193 228 244 260 282 306 355 387 458
24 27 62 105 112 117 130 136 177 203 207 232 316 349 435 438 480 484
5 14 66 83 109 129 139 165 174 224 407 416 420 432 445 450 460 468
11 12 22 115 123 175 200 249 323 324 330 338 387 396 401 410 435 482
10 18 68 70 80 110 131 148 188 310 328 353 383 403 432 461 464 485
20 94 133 179 256 269 280 291 296 308 328 359 374 421 439 444 448 452
0 6 13 25 51 98 146 206 219 238 262 295 303 335 409 458 465 475
66 85 97 131 146 187 189 305 306 308 323 375 382 445 462 470 492 499
0 31 37 46 51 56 77 120 124 173 184 309 314 329 331 364 402 447
19 72 81 86 88 108 130 140 143 197 203 253 255 278 381 382 407 481
37 63 76 124 156 169 192 195 201 213 235 247 251 325 391 442 452 479
19 27 49 127 145 199 202 216 230 248 261 268 273 282 302 331 340 375
57 96 122 176 186 251 258 287 290 294 296 311 319 321 352 406 443 445
63 73 117 138 171 183 216 222 229 242 273 283 294 319 349 399 462 488
59 67 100 117 136 138 144 152 240 245 260 270 291 341 369 407 443 455
5 33 35 81 89 174 210 241 265 283 287 301 338 368 407 449 464 474
15 30 36 91 129 142 165 231 259 279 285 309 312 314 373 412 415 420
16 25 125 185 203 230 234 300 321 335 375 379 390 400 408 442 462 466
60 63 84 101 120 122 153 156 167 205 209 255 262 275 334 390 393 499
28 30 37 40 94 129 143 158 182 216 257 282 289 333 358 374 416 477
10 51 63 167 179 189 192 234 276 320 329 345 378 392 404 410 481 491
43 61 83 88 111 157 169 189 193 236 296 300 322 323 452 488 492 499
44 111 113 114 184 204 265 268 269 286 291 292 295 309 378 468 479 485
64 124 144 151 153 156 159 164 181 190 273 286 312 349 366 446 456 470
3 5 22 52 60 65 185 187 248 329 333 337 354 365 374 422 424 435
8 39 59 106 116 142 174 253 317 333 388 398 421 441 463 475 487 497
82 86 109 122 176 194 221 247 272 279 283 284 315 318 325 355 403 436
14 34 40 59 63 68 80 147 185 199 200 238 242 289 347 385 413 454
0 15 23 39 93 135 138 145 154 171 186 262 270 374 441 442 447 496
23 30 46 120 146 148 165 172 192 246 260 273 349 352 355 368 395 424
81 82 95 104 131 149 169 234 241 249 258 293 312 345 358 393 407 498
13 17 25 138 165 203 274 298 300 320 331 358 420 438 447 464 470 493
5 33 90 102 184 268 296 309 323 376 383 393 396 444 471 480 482 487
89 98 171 178 180 184 205 211 219 220 231 244 265 301 311 325 390 397
68 73 106 117 162 185 240 271 283 312 339 372 376 378 402 406 409 422
4 89 108 140 167 283 318 359 379 390 404 408 413 425 449 452 491 493
39 78 129 153 185 214 244 250 264 280 297 306 404 415 453 469 475 496
14 27 34 43 55 98 130 145 225 229 238 255 282 290 299 306 332 492
15 24 36 116 136 149 182 185 217 237 283 303 330 347 367 434 435 493
13 46 59 102 107 180 187 293 320 325 365 367 423 431 432 466 468 469
4 33 48 52 79 180 181 187 238 279 287 371 373 378 384 421 473 486
2 28 52 56 62 69 80 105 174 193 228 236 258 374 391 405 436 491
26 30 33 38 76 78 87 126 127 144 167 185 212 239 298 343 371 385
12 79 179 195 199 202 203 288 325 332 358 398 408 412 422 451 453 468
22 45 86 126 138 152 176 204 240 260 279 292 307 399 422 450 454 489
14 69 72 85 143 157 230 269 276 292 298 305 324 345 394 401 440 470
12 66 77 90 92 125 129 153 220 230 235 242 303 343 469 473 474 491
31 63 85 124 128 137 166 209 217 240 275 296 320 347 379 407 455 478
4 6 100 258 291 323 351 369 378 401 416 418 420 424 444 464 476 498
51 97 101 173 185 198 205 209 247 276 282 298 362 363 371 433 454 456
11 35 37 72 113 150 180 186 223 345 407 412 421 440 467 471 479 490
104 117 124 135 140 147 168 177 179 230 234 333 358 373 383 395 412 424
49 60 94 97 101 122 159 216 247 254 255 281 341 374 378 383 407 470
3 8 52 72 90 131 191 197 201 223 326 328 358 376 386 420 466 476
18 49 80 84 113 122 151 185 201 239 251 302 329 362 366 388 403 458
13 81 138 139 195 222 286 291 305 320 327 336 361 368 401 417 455 498
74 76 95 110 114 153 208 264 288 309 327 366 371 402 405 426 484 487
10 67 87 100 124 134 169 175 189 230 238 239 278 289 345 349 411 489
20 83 88 104 146 188 202 242 252 254 315 336 337 428 448 487 489 492
21 50 87 98 104 110 118 128 132 141 155 207 211 256 270 320 464 486
19 94 102 132 134 141 164 203 259 312 346 350 359 378 384 430 454 473
40 193 241 248 275 282 304 335 340 356 363 398 404 429 439 443 458 489
29 42 52 97 139 171 194 213 219 262 281 284 288 291 302 317 374 416
38 51 65 133 158 174 256 283 290 325 374 417 437 450 464 470 473 475
7 48 58 89 104 167 214 229 237 241 274 284 326 389 402 436 438 487
10 57 137 150 160 177 268 279 285 332 346 370 425 437 442 443 448 465
26 68 83 93 114 128 137 186 190 205 258 278 336 356 363 396 429 439
64 117 119 126 161 163 176 192 207 235 307 329 346 351 405 433 452 473
7 22 26 113 180 220 223 277 311 333 370 371 378 389 400 432 456 478
27 58 112 122 137 162 189 239 242 249 271 295 384 388 432 477 478 489
9 19 53 89 133 237 255 261 274 284 290 296 306 322 385 397 405 438
4 31 38 67 75 81 99 139 152 209 222 238 239 276 304 324 337 370
23 33 47 49 102 120 130 178 277 281 308 319 337 387 426 452 454 492
2 59 74 79 93 101 112 114 153 185 191 234 235 270 286 418 439 472
0 8 57 130 138 152 156 171 184 211 247 278 302 322 405 413 417 438
30 33 117 122 124 130 134 206 223 237 238 306 341 354 389 443 449 459
73 152 237 249 292 295 299 351 362 369 371 396 409 411 414 424 459 486
49 104 114 124 125 144 189 199 222 239 244 259 318 328 336 353 366 455 459
7 63 74 83 135 140 143 149 164 182 222 227 292 381 382 383 429 438 460
24 44 46 75 90 91 108 136 159 164 232 240 267 329 333 398 414 468 478
5 55 61 98 109 176 192 195 207 271 293 307 309 347 352 386 394 424 439
0 10 24 66 79 89 128 178 181 238 240 250 339 346 347 363 462 481 497
8 23 57 74 135 156 163 228 256 267 291 310 338 367 368 375 396 409 442
8 22 34 104 114 133 174 266 268 326 333 337 339 354 367 368 378 391 450
27 103 142 182 221 253 277 330 351 358 365 367 397 401 425 426 427 491 492
4 81 94 127 179 224 239 246 301 305 327 374 376 422 452 455 478 493 494
0 118 123 131 136 193 282 305 315 326 340 359 371 396 415 430 442 458 476
0 30 31 55 65 73 82 156 164 184 203 339 377 399 439 477 483 490 494
29 37 38 51 57 68 108 128 147 261 273 278 354 370 375 400 416 448 493
23 31 50 75 191 220 239 240 270 274 276 313 335 400 406 475 478 481 483
7 44 51 121 177 203 233 248 269 272 278 291 297 384 386 399 410 450 462
9 23 27 102 121 154 186 192 245 283 289 297 299 305 373 382 427 469 474
110 172 237 240 243 245 260 281 313 316 340 368 373 392 412 441 450 457 479
24 169 174 175 208 214 281 282 286 292 298 324 391 393 407 417 451 477 486
11 78 110 116 164 173 181 184 213 238 263 336 349 374 379 385 420 470 474
60 69 90 104 133 169 187 215 218 244 262 269 272 289 347 394 409 449 450
14 33 37 80 100 139 149 170 186 202 220 265 290 356 382 387 420 447 490
1 78 115 121 199 245 274 283 300 307 308 340 359 369 373 425 450 461 486
1 2 62 88 89 135 137 146 184 185 203 244 268 279 297 396 414 465 492
62 76 109 120 125 131 144 229 265 305 326 352 354 366 402 456 492 495 498
3 6 8 20 47 53 72 92 96 103 215 230 240 310 424 435 459 484 499
8 132 135 138 140 161 257 282 331 379 389 418 423 426 448 449 450 458 482
9 63 80 92 139 166 170 196 222 240 259 279 374 404 410 432 462 471 488
10 27 43 58 110 126 136 206 225 301 362 371 422 429 436 454 455 482 483
18 58 83 115 117 138 151 160 176 193 273 335 360 430 445 461 474 476 495
3 11 38 107 165 174 270 281 303 319 322 330 391 394 408 428 440 480 496
40 50 61 128 139 143 194 242 259 260 275 314 327 410 425 428 445 461 491
34 62 83 140 148 151 165 234 310 313 328 337 366 403 408 410 446 454 458
19 31 38 62 176 184 187 217 237 254 267 304 374 394 416 438 471 490 494
49 78 114 203 215 256 272 277 313 314 320 324 343 380 398 413 441 465 472
98 115 129 145 151 156 166 167 190 197 210 258 280 321 342 411 424 451 477
2 6 55 82 109 114 121 124 142 206 241 264 300 302 321 370 416 420 453
11 27 101 118 177 203 224 255 266 286 289 293 345 354 388 389 439 472 498
21 27 32 148 156 158 197 200 251 274 276 286 291 363 365 391 416 452 475
57 64 130 157 173 176 187 197 211 228 231 254 256 261 308 347 392 397 406
53 68 123 163 164 193 195 208 214 220 250 308 309 313 351 357 367 418 449
21 43 82 126 148 164 169 170 208 209 286 293 322 344 353 386 391 402 491
11 52 53 61 140 152 154 167 169 180 206 236 273 311 338 364 380 419 499
1 16 24 72 94 120 155 173 183 207 284 290 296 329 348 364 375 391 487
14 17 31 35 48 85 93 104 164 166 204 215 266 293 372 380 422 442 456
33 67 126 153 156 160 202 206 234 251 256 269 277 286 325 333 392 481 492
38 50 72 74 104 113 130 176 306 308 316 340 404 421 426 429 452 469 487
0 11 205 247 292 302 323 326 335 347 356 367 373 388 394 409 434 457 460
8 86 120 129 132 200 245 247 294 299 361 363 379 390 399 403 408 433 495
41 54 60 82 105 142 159 221 229 235 281 283 301 307 318 341 394 396 431
35 64 123 124 126 131 171 172 186 214 223 232 277 288 297 326 374 389 443
33 36 45 83 88 135 145 198 276 278 298 301 327 403 411 424 474 481 484
7 32 78 94 143 149 191 206 227 241 242 255 261 303 317 411 460 481 490
0 64 68 81 91 96 185 189 218 242 245 255 272 282 303 308 401 432 438
36 59 61 83 109 128 154 155 185 249 326 357 390 461 463 466 474 478 498
2 7 68 126 175 210 251 269 270 273 294 307 310 342 354 444 457 474 481
17 28 30 62 145 231 272 312 313 346 373 387 406 432 445 453 456 462 492
8 44 72 102 112 120 140 166 193 196 244 253 329 358 368 372 379 479 488
8 11 36 47 76 83 100 112 197 232 235 324 395 419 428 434 438 454 456
22 53 90 91 113 146 160 178 180 208 218 280 345 353 381 423 424 433 439
2 217 245 255 257 268 273 333 345 360 366 375 399 404 417 418 421 457 496
33 36 42 56 75 109 148 268 272 322 387 403 412 418 423 438 462 475 498
49 107 109 142 148 217 218 234 261 298 320 322 323 334 341 382 396 463 473
49 188 219 221 226 294 311 319 320 329 331 352 361 383 393 425 462 486 492
27 96 116 123 171 219 220 224 235 258 268 285 319 332 334 365 413 462 498
17 25 29 45 50 72 81 82 170 252 279 280 286 330 377 397 413 419 491
17 39 43 44 48 106 109 141 144 158 221 228 268 406 434 442 458 469 470
4 32 36 39 41 67 88 101 142 145 162 257 268 297 366 371 391 392 437
15 46 120 138 161 188 190 241 249 263 337 351 380 407 430 436 439 442 454
69 124 129 141 155 166 175 218 219 255 267 272 321 324 371 445 455 459 480
32 76 89 94 96 113 158 196 235 248 318 328 343 357 439 445 450 455 478
16 18 31 78 128 132 137 162 216 228 305 349 363 375 380 426 444 475 482
20 54 62 78 82 156 183 191 199 216 264 332 349 353 372 402 439 444 472
13 38 46 64 127 183 186 249 255 256 269 290 296 299 380 440 451 482 484
13 36 45 105 159 179 198 252 307 314 334 383 385 390 391 404 409 440 476
4 6 13 25 38 133 167 204 254 262 265 277 278 296 360 415 420 434 451
9 26 109 163 171 199 223 242 260 265 334 337 356 385 396 454 465 488 494
108 114 123 126 131 135 171 232 238 255 284 291 312 394 396 411 446 449 495
93 145 159 184 224 225 229 246 248 269 276 341 347 355 376 401 406 443 448
28 29 39 139 187 227 232 254 275 333 343 347 366 374 378 426 431 457 498
5 21 57 93 166 187 210 242 244 264 309 341 375 420 434 461 476 482 491
9 21 36 116 119 152 156 184 253 255 337 356 366 369 376 379 421 425 449
3 14 26 34 41 66 71 106 108 138 181 216 324 371 399 410 411 421 441 443
4 5 7 14 18 25 66 71 160 201 288 417 435 439 441 447 448 450 467 490
21 37 46 56 61 90 122 142 191 197 220 229 263 276 318 374 403 405 422 467
34 45 56 96 97 115 120 124 248 294 301 319 335 364 376 391 392 434 435 457
8 12 48 56 60 65 84 96 99 191 218 220 273 289 342 347 390 414 417 494
56 73 132 138 145 185 186 209 216 217 226 280 328 343 376 435 440 468 472 489
29 41 68 69 99 101 120 143 144 158 163 201 297 301 334 345 430 431 441 468
9 51 55 63 74 151 175 197 201 282 299 302 312 329 372 387 426 439 446 447
8 27 58 105 106 164 167 191 219 242 300 305 317 331 347 422 441 466 481 493
57 90 111 147 159 183 227 241 283 331 381 408 421 429 463 479 484 489 491 498
47 109 120 134 150 188 199 207 217 220 226 247 341 372 378 413 451 453 476 481
58 70 83 95 154 174 250 262 275 294 312 341 355 360 375 376 416 421 437 438
1 38 45 52 56 88 98 110 119 120 140 221 256 300 337 347 351 369 447 449
14 17 101 117 118 129 135 137 173 220 246 295 352 404 423 464 465 473 482 486
0 28 32 34 55 104 163 200 206 234 284 297 314 348 363 365 399 401 427 481
1 4 6 84 121 179 195 226 254 268 277 315 326 348 360 400 405 428 440 472
70 140 160 170 222 245 257 263 277 298 328 330 355 374 376 379 395 424 435 481
48 96 129 160 186 195 221 243 279 303 307 321 377 378 382 395 404 412 433 474
37 41 88 98 110 142 151 152 178 186 187 201 214 252 287 315 340 349 361 401
51 115 161 218 222 236 260 270 279 281 284 312 318 326 327 343 383 401 471 483
23 55 69 87 120 141 164 226 251 270 293 315 328 373 383 384 401 402 432 437
13 42 45 55 93 111 195 204 229 231 246 272 311 343 387 414 432 446 488 494
34 88 97 100 178 186 199 224 280 295 316 339 365 390 397 398 426 473 476 483
13 23 49 69 127 142 174 189 212 222 236 276 281 285 293 373 415 455 465 473
32 45 59 60 84 113 156 164 223 231 247 266 282 304 340 366 437 444 471 478
25 244 328 356 369 370 372 376 401 419 425 426 428 432 434 448 449 476 487 489
18 20 33 40 80 110 147 159 185 224 261 275 365 379 411 445 457 458 466 482
21 26 44 74 92 153 165 178 184 190 216 251 279 290 307 334 339 398 437 468
11 15 44 52 55 74 99 120 127 131 161 246 247 254 297 309 317 341 411 413
2 4 63 66 80 128 136 228 307 312 322 365 384 395 396 414 424 438 468 484
29 40 85 119 177 189 225 226 245 348 349 355 357 373 395 401 402 422 433 440
7 27 87 103 104 116 128 133 196 233 246 311 316 359 371 398 440 445 490 498
17 52 59 74 90 105 124 145 202 252 258 268 311 336 341 368 427 434 444 490
10 75 89 112 144 228 259 266 299 349 374 377 436 438 462 466 476 481 484 489
31 60 61 62 94 122 148 182 257 267 281 305 307 326 336 365 377 390 405 415
60 151 165 176 262 282 319 344 363 367 374 377 379 384 405 410 440 455 474 480
26 29 60 112 150 151 258 291 295 318 321 352 403 415 419 439 465 473 476 478
9 28 37 77 91 111 140 144 164 177 187 221 245 265 314 366 395 402 447 497
22 43 70 114 170 175 244 250 283 287 313 316 342 380 401 406 427 464 475 483
0 90 92 136 172 210 214 235 239 264 288 291 301 306 353 368 379 398 431 440
17 57 73 95 137 171 201 212 236 315 326 328 361 389 420 422 460 486 496 499
0 17 45 53 58 84 93 94 220 229 258 291 315 345 391 422 432 442 456 473
2 21 32 34 43 76 80 92 136 144 162 163 232 298 314 368 389 415 472 489
9 25 51 120 173 178 189 207 250 261 288 311 317 337 420 421 438 463 473 495
41 50 58 60 75 82 116 129 140 158 195 228 284 327 353 377 444 467 474 484
50 64 83 87 109 111 112 125 127 137 146 199 214 224 237 245 353 369 374 396
4 21 32 55 110 192 229 292 308 318 327 329 344 353 375 392 400 417 439 451
11 71 82 100 112 164 168 185 198 209 233 256 300 309 344 362 383 388 397 472
9 84 129 204 220 244 301 319 328 331 336 338 411 416 418 422 434 444 451 472
13 42 44 91 97 104 106 116 134 137 155 170 193 317 344 347 355 377 384 443
52 67 87 140 143 166 168 203 247 249 258 269 276 286 330 333 375 410 474 494
57 64 66 85 88 103 113 166 183 239 259 268 315 324 329 359 418 448 475 499
18 55 62 109 133 159 167 209 246 259 260 269 272 335 346 365 379 454 474 486
1 17 22 31 35 43 77 81 83 128 153 170 190 218 233 372 430 445 466 478
24 30 76 106 123 128 143 171 198 202 226 259 263 270 300 301 352 427 432 472
8 26 72 127 144 165 182 205 226 248 306 350 386 395 401 416 429 437 460 490
23 39 41 72 92 239 294 316 329 349 372 417 423 428 430 433 436 469 472 499
52 57 124 155 209 270 305 322 328 348 358 377 397 416 435 453 461 464 474 483
4 45 92 127 140 173 194 233 269 301 322 332 379 384 401 425 432 438 454 463
7 15 22 24 26 56 73 81 84 90 95 116 204 265 282 352 401 469 487 491
11 13 24 58 60 66 162 208 274 332 337 342 378 387 395 428 431 484 489 494
50 72 87 90 107 121 216 225 226 246 259 262 273 280 286 325 335 337 340 426
26 35 56 79 84 100 108 114 117 214 249 269 277 317 331 340 389 473 478 498
9 36 129 214 261 284 313 320 344 349 353 355 362 371 383 393 403 435 436 446
6 9 27 53 79 134 141 201 284 347 351 354 372 392 415 447 472 476 486 487
31 42 48 78 104 165 184 197 199 226 278 308 356 371 375 379 412 417 449 498
38 42 43 49 54 60 62 63 71 84 145 148 191 264 275 285 411 455 480 496
20 31 47 80 124 140 158 211 213 216 218 230 254 283 293 387 388 430 468 472
32 74 88 97 99 172 203 214 261 272 318 357 373 392 398 436 440 471 474 491
56 62 73 110 191 208 263 280 281 297 332 356 357 362 447 452 469 471 489 493
14 29 130 131 158 180 182 225 271 276 295 305 307 319 324 325 342 360 389 484
1 4 29 31 67 94 163 186 209 252 267 285 303 353 363 372 373 432 458 493
31 44 81 98 104 107 129 133 161 192 242 254 285 302 410 420 448 470 475 484
4 81 102 109 130 137 151 158 164 195 196 237 264 274 359 363 368 399 458 493
23 97 117 147 153 160 169 186 192 212 216 224 240 253 291 304 408 441 460 464
11 39 76 129 133 140 165 191 260 264 279 297 300 325 349 401 403 422 449 454
33 87 107 118 125 142 209 232 245 291 319 367 397 411 423 456 469 478 492 499
34 35 82 109 132 136 141 170 191 212 213 230 246 283 358 375 443 451 480 487
3 21 48 72 116 127 195 202 207 211 217 234 258 260 265 277 290 308 343 491
35 85 112 133 135 179 193 194 239 246 268 274 299 313 365 434 447 458 462 465
