166 237
17 87
424 492
73 120
193 226
11 26
218 286
61 71
373 421
227 297
421 435
66 133
65 127
364 479
197 281
183 309
348 358
22 36
250 328
82 135
206 322
352 497
189 212
153 156
246 287
465 495
403 424
268 310
460 477
5 83
341 448
426 472
183 288
41 121
70 86
244 295
395 419
26 165
369 409
339 401
243 294
66 84
460 483
359 497
11 13
100 136
99 104
347 410
30 118
356 399
397 418
424 495
372 480
84 112
82 134
222 240
189 190
81 112
376 395
86 151
231 323
0 154
365 470
376 461
23 128
336 399
90 148
207 259
430 465
284 321
252 283
428 430
13 92
362 468
332 482
188 253
93 159
175 274
462 495
258 305
205 321
141 143
271 298
144 165
341 410
206 258
36 159
415 494
256 302
215 296
5 107
341 488
226 249
16 146
350 410
344 488
225 233
332 410
105 135
414 497
385 489
30 39
336 345
221 323
440 467
231 242
56 59
135 161
199 226
283 299
283 288
425 461
216 231
183 239
42 99
338 499
64 104
37 139
343 450
256 296
403 445
1 160
239 240
430 444
16 126
65 85
285 306
24 126
238 290
208 301
189 272
273 304
413 481
228 275
204 213
102 116
24 120
27 131
32 44
2 22
281 323
50 150
339 433
393 451
344 427
366 487
459 470
308 311
427 445
80 97
333 419
3 64
167 184
138 150
239 294
393 404
396 435
237 286
228 296
81 133
382 455
407 484
337 355
341 432
218 323
278 328
8 53
264 317
263 305
187 253
207 310
83 101
205 217
226 281
379 425
99 109
248 317
339 390
241 259
203 327
194 256
368 457
73 153
392 463
412 477
193 308
181 300
31 155
451 490
205 275
54 94
186 308
7 114
220 300
411 478
274 305
181 285
180 310
374 412
40 139
42 118
296 309
301 312
48 142
435 450
373 422
354 451
51 110
408 463
350 408
399 495
256 316
336 430
439 453
376 441
193 291
378 469
121 133
167 251
337 398
60 98
272 308
218 225
45 60
24 112
171 239
9 23
167 248
188 331
175 261
339 467
88 140
195 231
175 196
69 130
42 56
188 210
206 326
234 287
374 425
6 24
40 57
232 288
231 245
169 329
238 269
171 331
381 432
183 242
411 460
435 492
347 349
177 225
467 468
361 373
397 461
60 94
373 453
231 286
36 115
226 268
362 468
338 415
333 432
401 422
32 43
393 408
441 471
225 293
187 251
301 304
355 494
441 489
347 484
368 486
72 92
454 482
145 155
217 221
173 309
60 61
198 278
285 300
378 459
193 255
207 315
350 382
46 87
277 301
52 87
378 429
157 163
457 488
388 411
394 407
211 306
180 221
200 309
290 328
217 304
211 250 280
181 309 409
118 138 189
29 64 85
10 279 316
6 56 401
195 197 245
241 259 344
242 373 391
41 98 300
8 93 122
159 163 426
18 217 317
347 412 437
32 75 449
100 199 239
418 461 487
367 382 395
10 124 232
41 104 141
50 82 352
91 183 193
79 251 261
206 403 452
117 151 387
192 196 376
0 113 158
172 355 437
11 96 165
45 122 264
69 350 405
1 33 350
60 135 404
230 308 331
103 184 188
54 59 65
1 57 220
76 158 161
35 352 390
185 294 326
170 330 374
234 277 297
2 35 211
69 429 434
214 254 283
80 163 225
134 274 284
22 48 385
61 98 325
141 201 231
204 216 326
23 74 110
84 239 259
245 333 347
98 140 301
38 98 244
197 299 400
29 123 156
16 142 152
16 251 252
144 367 381
33 128 485
97 281 307
85 164 202
24 453 471
38 44 128
193 220 275
283 300 317
326 464 475
110 166 195
229 240 271
197 232 240
245 283 308
240 328 329
147 422 450
92 150 323
12 132 162
96 140 158
184 245 293
143 221 316
277 413 424
171 247 411
2 13 77
369 410 474
36 419 460
173 277 301
197 255 266
282 286 393
166 172 176
243 348 445
14 90 362
271 306 410
157 232 238
221 257 281
9 33 71
124 137 348
56 118 338
37 188 259
122 214 316
116 193 319
27 337 487
10 39 113
42 60 454
172 210 436
91 123 280
6 239 246
182 253 296
408 421 495
179 209 347
237 264 271
50 368 384
289 381 432
185 208 345
22 428 459
17 95 207
202 346 404
219 231 452
67 119 491
50 104 281
101 406 434
5 56 140
225 369 436
177 342 434
182 463 475
93 151 484
122 377 379
72 427 498
387 449 465
18 29 126
255 267 493
35 120 172
102 200 284
194 202 378
30 76 157
188 287 325
113 143 483
361 379 492
282 349 494
115 224 271
31 107 395
236 267 276
176 237 400
340 442 473
17 138 349
82 371 436
62 106 327
273 406 453
89 152 487
290 422 477
366 379 394
24 43 359
215 356 399
10 374 480
127 164 205
167 217 330
445 470 483
11 410 421
87 105 293
31 348 393
207 208 232
181 182 307
174 248 292
273 381 464
71 371 396
216 379 421
379 423 474
111 276 282
46 94 164
312 351 364
76 171 226
32 62 177
335 359 386
57 99 185
334 370 431
36 46 51
19 30 41
94 140 347
292 293 294
59 133 318
354 374 413
290 448 463
24 31 412
20 41 122
384 431 448
383 452 492
142 396 450
116 140 150
225 233 247
56 99 163
386 453 459
319 356 364
173 220 463
78 105 175
57 99 442
146 154 316
20 153 388
184 427 488
25 61 110
29 90 130
47 116 200
0 126 291
270 290 486
390 393 440
379 400 420
4 129 178
48 101 407
244 318 447
197 198 353
20 80 267
357 390 428
420 470 481
356 439 468
336 359 414
267 356 404
18 127 441
66 161 407
199 299 331
88 175 188
198 201 278
83 170 237
3 198 216
51 154 289
13 123 296
166 315 406
53 78 435
177 358 429
377 418 470
240 251 320
186 312 331
218 273 409
186 387 398
43 131 197
11 49 383
233 300 328
103 112 458
65 113 498
415 416 445
35 229 298
382 456 457
236 301 451
16 30 271
67 116 357
47 54 471
253 401 402
258 404 442
24 36 324
196 247 495
370 378 487
8 113 348
83 104 294
255 352 416
64 106 379
35 113 442
60 182 299
41 55 90
42 338 350
280 328 417
431 451 477
5 44 87
16 335 416
16 59 89
71 109 299
24 53 352
0 81 291
236 247 292
168 303 450
72 153 223
10 31 159
78 92 453
402 409 417
40 172 199
13 247 249
1 147 193
38 227 237
362 407 499
93 204 255
357 358 402
123 269 293
44 95 450
228 245 293
53 120 251
59 119 392
253 275 304
119 139 318
269 378 457
179 247 248
9 37 54
183 250 283
85 223 314
168 240 279
73 84 320
338 401 473
261 275 352
43 82 152
102 155 498
201 259 412
99 367 472
189 201 260
339 400 442
81 341 461
177 216 302 380
94 351 370 375
129 356 383 446
119 146 447 497
26 35 118 140
269 270 295 374
143 164 386 420
49 139 338 432
10 73 422 446
86 195 381 385
192 285 392 401
250 389 402 456
46 73 286 302
62 66 91 395
230 295 379 454
4 31 161 291
202 258 319 409
14 66 107 217
122 332 334 398
173 188 251 403
291 386 402 485
36 87 350 367
41 375 378 421
186 215 417 448
213 369 455 492
341 383 404 491
18 104 185 203
101 371 398 485
198 202 239 247
7 251 369 475
104 249 273 321
112 122 231 414
305 398 423 429
180 200 253 481
139 257 441 450
124 205 303 459
26 201 221 230
38 113 126 277
104 320 337 359
275 280 307 358
8 20 349 449
15 121 222 370
206 342 455 459
118 271 360 437
64 353 384 405
170 216 354 361
211 253 458 474
0 19 48 71
120 440 463 485
366 386 448 486
215 240 406 492
368 405 450 470
108 274 278 397
37 85 88 136
404 468 483 495
270 386 451 453
50 171 372 387
57 180 256 408
37 82 124 165
37 54 218 313
178 193 196 274
45 124 391 393
27 146 148 430
105 126 360 375
180 195 207 338
307 338 349 468
189 314 366 432
74 175 338 439
27 86 120 138
10 18 28 380
17 91 290 425
1 33 259 472
210 240 311 327
37 68 69 203
74 342 405 470
55 174 216 414
2 107 388 413
96 170 199 257
43 97 152 363
42 45 165 307
70 349 361 442
135 404 412 414
191 341 388 493
157 378 417 422
7 23 65 119
40 53 184 496
113 155 307 463
109 169 317 483
20 310 401 489
401 417 468 493
244 311 333 457
217 228 345 477
11 27 419 491
214 375 436 498
265 291 298 463
247 303 360 458
0 9 143 229
184 187 279 350
225 268 332 463
185 300 314 445
91 103 344 411
188 236 412 470
106 244 288 310
182 207 233 307
45 78 365 391
224 370 371 457
16 56 142 265
188 301 325 389
217 283 320 349
150 175 193 231
198 207 221 272
17 254 298 305
158 271 341 447
3 30 105 111
180 407 418 458
38 76 181 296
143 218 332 394
146 375 403 463
151 298 336 428
188 272 408 422
86 161 394 489
130 284 348 369
40 94 344 430
119 137 148 283
26 112 148 248
335 402 426 494
35 63 160 309
104 157 209 325
124 154 360 468
71 190 373 387
164 228 391 422
99 348 372 384
317 402 484 490
24 57 121 317
74 78 367 449
155 158 339 464
9 228 232 314
34 85 164 270
4 83 141 157
208 258 331 347
232 236 255 426
173 340 455 487
73 145 147 272
79 333 338 442
175 227 313 331
14 212 307 360
58 144 170 342
204 233 271 333
39 376 414 426
216 328 338 378
71 159 290 383
22 46 139 332
153 368 402 484
338 369 372 428
207 231 476 494
341 387 451 467
1 10 223 275
193 199 262 491
74 182 361 448
13 104 131 235
77 101 149 328
76 224 384 414
62 77 146 403
237 250 251 452
175 181 191 327
68 269 306 448
260 268 312 375
247 410 474 491
67 83 133 256
74 96 149 302
49 50 54 254
242 330 456 463
0 5 16 186
19 111 320 473
145 388 434 486
312 350 431 434
62 234 258 262
288 333 359 361
70 85 212 281
45 84 172 213
43 142 361 364
197 264 302 307
96 131 390 466
32 361 415 427
17 65 87 409
33 90 92 336
45 245 246 443
40 149 226 227
33 57 164 394
99 410 466 487
97 181 190 198
116 134 151 433
353 427 434 464
1 88 148 324
59 117 135 163
342 343 434 467
30 304 441 472
59 61 152 465
100 381 469 475
99 139 432 447
7 213 271 275 438
199 249 362 481 485
12 13 86 157 171
87 111 414 419 442
6 119 161 272 358
4 13 42 100 191
11 104 171 351 469
175 241 254 301 419
260 360 364 376 424
388 420 426 458 467
30 83 99 200 272
50 66 132 158 160
14 236 276 285 293
16 278 309 356 383
13 74 133 277 482
59 191 226 276 316
154 310 348 375 401
13 104 116 135 262
85 194 282 318 455
130 228 230 310 335
129 173 202 316 352
136 363 383 437 465
100 109 111 364 464
104 105 215 305 322
154 181 306 371 492
61 306 402 442 486
22 137 299 414 434
161 371 400 420 445
79 169 210 213 285
37 161 176 250 403
24 41 228 255 283
41 186 259 275 279
49 75 138 450 499
47 133 156 393 427
53 237 248 276 499
176 249 274 279 372
48 111 122 266 435
12 166 227 331 384
190 257 322 371 409
96 310 411 422 433
115 229 356 392 463
78 169 319 359 476
62 212 245 417 425
11 35 72 279 404
56 75 354 381 436
198 200 247 281 282
8 17 146 228 380
72 240 355 378 439
26 160 342 355 477
30 48 167 219 257
120 153 293 320 381
2 87 110 123 408
37 256 408 430 455
8 61 82 154 318
187 212 220 231 307
60 80 181 275 343
70 214 280 338 450
358 449 452 475 495
255 402 437 454 488
68 197 361 422 432
32 76 84 248 389
35 40 144 192 294
177 184 225 267 486
68 75 76 115 281
17 64 138 151 459
26 69 162 419 437
36 126 254 375 398
17 53 54 205 236
57 126 341 442 444
63 217 237 448 489
7 216 328 335 417
88 131 434 450 460
101 136 250 329 443
166 196 233 385 443
186 272 464 474 487
215 251 311 358 468
89 216 276 291 333
156 182 258 315 414
13 20 47 285 385
116 219 276 299 311
1 67 137 158 335
123 180 226 287 423
40 253 292 302 314
44 110 311 322 399
112 115 187 282 313
57 66 75 203 313
9 366 421 455 456
247 259 406 410 421
169 214 303 313 443
83 173 190 240 328
1 209 301 302 376
69 99 189 343 476
105 121 226 305 464
269 453 475 484 496
34 125 259 326 367
118 142 418 434 495
21 34 68 275 347
93 108 193 263 401
54 234 238 390 417
16 44 83 153 164
20 32 37 85 388
94 182 213 346 495
4 143 254 255 303
107 147 174 176 267
115 208 265 362 423
22 71 369 404 475
46 389 408 491 496
15 79 219 260 421
114 151 230 244 475
170 179 347 386 458
8 12 68 255 420
159 332 344 349 390
15 202 309 371 408
26 46 103 165 286
9 105 270 425 461
43 82 123 331 470
36 99 170 229 272
127 214 231 387 488
34 102 143 358 496
58 136 214 327 369
71 168 249 307 332
145 147 164 222 259
169 183 309 343 454
46 78 167 175 257
1 65 197 264 374
21 142 150 324 381
12 96 281 290 293
97 239 259 360 477
76 159 274 362 495
228 344 355 481 493
74 201 260 336 483
55 139 176 365 461
86 88 90 94 368
31 84 147 249 275
50 181 283 306 372
142 185 201 337 492
42 218 282 285 383
70 338 355 471 495
64 117 357 439 454
274 279 319 338 463
86 310 333 341 409
11 390 439 441 442
13 57 117 295 395
35 91 110 117 267
157 168 201 273 327
21 83 145 315 446
25 173 252 378 442
223 372 378 430 481
9 256 365 374 477
29 171 278 379 423
55 159 331 355 493
212 332 333 382 468
262 306 405 474 480
13 57 267 455 460
19 67 425 455 460
57 308 325 412 496
34 114 151 283 326
18 37 39 138 211
17 71 323 349 460
5 197 307 332 463
37 246 399 403 409
100 219 237 406 452
115 179 190 231 401
14 27 33 97 361
157 190 227 256 323
98 186 220 303 327
196 233 247 325 381
128 214 242 385 450
31 201 239 347 410
18 181 250 348 417
21 306 442 481 493
180 259 283 419 423
136 238 249 279 336
348 411 421 425 442
66 226 281 367 420
43 55 142 309 493
27 85 91 203 434
98 322 383 436 463
112 129 134 325 351
172 203 423 427 456
183 264 269 401 487
38 89 93 488 491
10 189 211 217 490
12 18 338 425 471
38 65 128 141 233
192 303 389 431 488
65 128 222 339 492
5 78 123 234 370
123 136 428 437 477
40 42 94 97 487
43 120 130 490 495
85 237 238 346 460
31 136 190 209 330
94 408 426 476 480
156 390 417 461 481
110 175 363 369 436
97 336 360 400 436
285 346 396 400 428
257 288 312 320 436
16 245 286 350 358
40 76 123 201 440 489
31 32 48 116 310 392
61 226 294 342 421 498
5 18 76 115 254 277
123 166 209 316 340 495
1 82 101 240 285 359
87 185 194 265 356 460
26 68 232 235 353 441
152 154 230 268 286 439
7 82 86 189 365 428
99 128 144 204 384 450
63 71 231 428 448 479
267 293 356 380 467 471
100 152 169 281 396 487
3 53 81 173 276 370
209 282 317 328 395 424
230 269 273 322 366 462
36 66 311 326 338 464
90 98 203 274 310 325
111 116 158 193 374 437
319 359 372 380 439 457
79 204 242 391 427 466
14 245 301 466 498 499
27 148 207 323 410 495
14 80 171 246 294 358
92 158 221 227 245 302
51 76 77 126 313 320
28 31 77 155 184 329
188 327 375 395 447 455
17 23 54 120 123 172
83 87 122 139 188 351
20 171 186 187 193 306
65 146 188 373 390 394
41 54 208 241 326 403
23 63 102 266 394 435
136 155 315 332 410 447
40 48 75 129 423 437
33 153 235 335 371 479
89 215 289 379 409 447
11 34 38 114 357 436
51 94 160 174 236 451
206 403 472 479 480 497
103 219 222 351 426 469
21 139 243 275 281 316
99 340 361 480 484 496
205 225 236 285 427 441
18 69 101 166 192 460
90 212 241 273 338 342
103 306 313 344 403 422
190 195 211 240 245 494
102 233 346 374 408 493
71 91 209 495 496 499
33 55 61 67 295 437
46 73 143 218 293 363
17 53 312 347 375 435
153 204 223 258 379 400
24 68 235 397 444 481
250 286 347 374 404 484
75 90 229 332 341 444
130 145 216 381 419 474
79 105 252 260 310 328
57 183 279 299 347 457
9 177 236 262 297 351
68 148 152 217 219 250
124 135 140 240 398 486
7 33 87 282 290 312
113 137 158 379 449 477
244 252 310 349 398 483
275 290 305 394 414 444
39 278 397 413 418 462
102 262 283 304 318 486
89 174 224 267 329 340
48 130 161 263 285 318
45 160 169 187 220 302
52 98 270 275 367 371
66 212 262 296 333 411
41 356 358 368 453 486
257 333 339 357 408 424
19 159 226 236 409 434
120 342 428 451 472 478
17 19 175 265 475 497
52 256 413 443 457 489
5 69 166 226 295 324
165 285 299 312 375 393
30 100 146 169 177 190
0 58 77 138 263 371
87 296 345 346 445 464
141 164 185 319 470 472
38 90 188 352 415 448
22 151 285 322 332 348
19 124 212 333 385 400
93 120 128 166 423 431
70 118 252 296 421 440
84 98 152 188 247 249
143 196 243 248 298 320
9 141 203 252 478 479
236 264 268 278 340 492
11 179 214 268 293 316
97 220 227 230 254 309
146 157 224 236 276 379
36 95 103 131 174 325
49 65 181 252 271 371
59 108 145 162 367 416
3 24 137 381 391 433
120 193 195 269 277 386
120 199 239 283 285 379
168 243 307 429 436 498
52 64 219 261 278 359
23 59 150 436 450 499
24 90 142 224 341 465
38 90 117 144 233 494
124 256 322 400 401 448
186 280 336 338 382 426
113 348 377 379 403 476
22 100 181 434 442 496
8 107 171 219 304 402
4 116 196 363 416 451
244 269 279 343 403 482
44 289 397 441 468 471
32 170 288 299 414 496
20 60 76 142 335 450
40 292 416 427 435 487
64 69 258 308 389 490
203 268 322 338 403 475
29 63 217 227 317 476
18 25 40 344 407 437
102 200 231 260 261 403
2 83 302 344 443 466
37 46 287 396 467 478
128 240 273 345 377 433
127 148 163 176 391 496
224 349 380 385 425 461
174 199 344 386 410 425
109 160 224 318 384 404
205 218 231 245 253 434
99 313 335 342 428 432
202 243 269 421 490 495
17 18 79 252 291 334
0 55 157 217 220 441
88 157 367 390 424 441
161 246 252 293 326 493
87 175 347 404 483 495
98 270 288 412 435 477
15 59 112 145 359 372
120 199 240 242 356 444
1 64 110 116 293 458
52 88 97 288 303 462
5 14 384 392 404 451
24 62 136 150 163 292
46 88 138 227 244 377
12 256 263 328 351 487 488
75 182 216 227 234 272 323
395 399 409 420 462 481 497
44 66 91 271 304 315 469
18 108 225 280 369 387 468
119 169 239 308 324 340 455
4 18 72 124 242 371 465
82 89 194 224 246 383 454
76 110 310 335 349 352 471
130 178 183 216 371 412 479
25 286 355 356 394 426 488
131 187 190 222 233 239 334
38 44 119 208 312 324 383
12 24 89 163 222 384 496
29 41 236 398 406 453 486
18 314 316 343 356 361 475
1 40 75 91 138 165 251
13 109 166 168 299 389 449
109 144 211 261 329 349 367
28 72 224 289 344 436 444
319 354 363 370 461 480 484
84 126 154 206 245 308 451
11 50 223 288 289 290 421
44 133 162 219 263 332 474
48 148 178 185 219 341 451
93 96 159 241 394 409 468
17 73 173 347 366 381 392
24 80 148 193 299 377 433
25 30 113 149 345 418 430
8 139 195 315 320 330 357
11 243 258 281 427 464 474
70 100 203 241 332 412 464
38 74 84 140 289 303 425
62 125 128 157 430 443 444
59 114 129 438 445 459 469
296 301 308 310 437 492 497
22 34 158 202 211 488 492
20 76 91 395 452 471 484
23 230 244 291 308 392 452
6 144 181 299 303 482 491
94 152 227 260 365 369 492
199 252 303 315 358 374 481
6 98 151 199 343 380 460
27 174 202 268 395 401 485
8 39 51 57 230 386 390
203 336 346 367 374 384 438
69 106 150 182 227 239 260
7 128 141 226 255 441 465
0 39 137 175 205 255 366
34 111 142 182 226 265 332
27 142 162 184 269 311 412
129 181 189 201 279 351 430
54 112 254 288 323 386 451
63 149 258 280 363 401 485
19 88 106 130 154 235 301
142 161 169 311 372 473 491
191 258 275 343 345 346 352
22 32 76 211 331 406 446
34 363 364 367 395 413 436
55 69 88 277 288 403 430
53 82 135 152 377 437 496
0 88 123 215 262 347 447
22 70 96 126 200 223 487
175 339 385 399 420 442 443
65 96 133 189 303 322 482
58 182 244 263 298 386 477
49 166 238 337 397 417 445
45 173 202 264 312 329 492
14 21 239 382 393 394 446
18 129 292 335 345 375 478
111 131 134 176 227 345 488
1 15 69 395 402 413 422
47 51 72 353 386 433 435
75 176 204 237 276 280 327
61 205 305 331 336 392 483
19 87 184 281 287 322 326
70 77 151 371 383 409 434
16 21 60 140 278 281 429
13 95 132 228 272 275 416
29 121 210 321 323 367 428
15 56 62 147 370 403 468
101 119 158 195 346 357 450
139 176 227 342 350 386 429
74 207 208 349 399 415 453
8 105 177 277 317 359 399
128 252 292 338 399 433 465
45 105 129 262 423 470 499
28 39 141 309 346 402 453
40 168 245 290 343 372 443
195 199 213 250 276 447 493
162 184 229 281 292 374 404
105 206 265 289 306 361 394
30 56 90 99 117 420 462
27 82 143 195 208 237 395
17 21 52 137 157 260 279
158 169 196 269 304 464 468
125 139 155 236 323 401 483
34 103 136 187 404 429 477
92 150 295 350 420 481 492
3 15 48 60 182 313 408
111 112 190 221 229 249 322
66 175 217 264 319 372 461
54 182 192 209 214 472 482
58 94 190 208 223 298 405
46 55 58 89 334 353 359
71 101 126 207 216 220 400
21 105 108 162 164 176 485
146 159 276 336 430 433 499
19 40 68 107 217 290 291
30 43 89 139 157 302 413
143 166 167 309 349 369 404
21 294 315 390 403 431 447
11 122 137 382 386 451 485
85 225 368 433 463 474 499
27 106 254 326 327 354 400
5 51 85 141 142 152 290
146 196 222 256 361 375 410
30 155 302 311 412 455 463
15 91 170 198 271 276 314
1 17 61 80 392 425 438
72 111 119 339 422 455 463
88 184 186 219 252 296 482
19 81 143 150 377 380 409
25 80 219 253 358 372 435
174 269 368 413 450 457 488
65 68 107 273 383 466 496
11 98 175 236 429 434 473
92 130 153 212 250 326 402
2 8 110 133 158 162 481
31 178 202 339 421 434 452
42 224 261 375 421 462 473
3 17 40 50 200 479 482
32 72 137 142 202 218 476
7 11 203 397 412 491 495
89 157 163 183 365 386 430
153 336 357 433 446 468 487
21 40 429 455 483 485 493
75 93 105 333 346 395 417
6 15 48 89 120 131 476
137 241 295 323 442 472 497
20 156 261 317 424 425 433
12 142 233 344 431 464 494
54 98 128 225 416 425 485
100 265 268 323 353 361 493
178 194 307 318 343 384 482
176 184 366 375 400 405 436
39 185 245 261 269 458 474
111 231 371 414 429 437 498
57 143 176 242 245 248 322
45 59 86 94 196 222 270
13 46 174 186 261 264 329 422
36 232 250 269 290 345 440 494
0 30 34 72 127 150 264 297
49 52 103 252 325 372 428 485
29 43 90 102 403 413 446 456
15 21 109 333 339 378 404 493
124 152 200 298 343 360 417 463
88 192 223 332 350 354 379 430
23 124 247 281 294 319 398 495
69 96 133 139 207 215 386 483
2 150 171 261 269 347 389 493
30 108 176 177 227 231 326 354
42 52 155 158 166 387 413 460
46 121 156 289 393 431 452 463
2 18 85 188 303 313 428 469
29 56 135 164 201 360 430 470
11 170 249 295 320 429 436 459
154 182 203 325 335 365 455 481
77 214 235 268 358 393 437 440
2 75 99 169 304 333 380 388
109 178 233 258 293 331 382 474
64 82 110 259 361 408 416 498
51 56 119 206 235 273 416 418
41 70 83 96 143 163 324 469
71 78 156 221 268 363 395 427
92 173 212 361 411 412 466 493
145 172 209 233 242 349 387 388
87 229 236 241 262 268 331 477
21 113 259 285 335 356 453 464
88 101 281 359 390 432 453 455
22 29 34 65 70 141 153 458
12 20 89 166 298 310 313 329
5 49 55 168 203 302 351 418
2 87 94 144 178 243 255 341
8 69 90 300 306 327 379 464
31 129 293 317 338 424 458 476
38 51 336 377 432 453 454 456
13 46 82 120 156 161 191 383
50 122 144 212 329 338 375 384
10 94 152 156 258 280 338 369
12 50 71 92 156 298 458 476
9 39 164 185 226 291 297 356
53 58 80 86 107 113 179 265
12 35 82 134 212 320 385 412
222 233 250 308 342 355 362 432
121 231 259 291 339 346 400 495
33 80 166 244 278 300 321 440
18 40 136 164 215 230 240 391
97 191 310 322 331 371 423 430
74 129 205 215 403 436 484 485
21 36 81 171 231 267 271 394
13 92 233 308 335 469 490 493
75 95 218 230 250 269 285 387
72 274 298 300 378 447 482 495
1 12 37 98 173 234 240 258
138 183 261 273 287 338 387 452
23 31 48 51 68 92 347 386
39 100 102 110 138 291 449 459
72 169 184 206 239 336 434 479
25 27 62 101 210 212 237 388
16 63 150 287 366 432 457 473
9 15 50 60 135 143 161 277
68 173 222 234 373 412 482 493
14 24 60 62 126 153 314 495
9 142 318 348 425 439 442 471
72 113 196 274 401 431 451 490
86 93 155 243 430 434 462 469
1 36 76 180 305 332 445 456
54 127 157 257 389 419 464 482
24 50 60 217 224 377 446 489
99 185 340 416 418 432 440 454
59 81 191 207 224 290 408 448
163 250 304 360 371 384 395 482
228 233 317 367 377 392 394 406
62 74 85 193 278 362 365 403
32 71 173 330 375 453 488 493
44 248 253 264 302 429 446 465
36 51 107 176 193 209 261 262
137 190 194 280 303 320 343 380
53 93 209 285 304 307 464 472
80 98 102 128 144 145 390 499
47 208 236 244 302 313 473 494
71 93 112 118 124 193 285 426
65 90 163 223 302 304 354 424
9 30 111 237 251 276 308 312
15 103 110 151 206 274 321 336
16 22 33 73 282 297 323 370
50 99 155 228 241 281 308 396
13 231 339 369 398 413 415 471
148 197 212 224 348 390 398 457
37 100 116 145 179 369 428 471
19 67 79 132 280 292 352 464
129 170 194 217 225 279 287 301
3 48 67 100 168 347 353 472
14 45 74 149 166 261 311 419
38 134 203 205 212 269 326 345
14 95 109 229 238 420 454 494
19 20 29 34 110 256 298 329
41 60 101 138 312 460 481 482
4 17 63 344 427 462 466 483
10 145 191 204 224 276 438 461
8 75 84 125 183 374 412 425
18 73 161 178 190 247 263 431
24 39 47 332 348 350 375 458
1 35 93 206 245 260 264 484
52 157 171 194 284 361 412 416
63 64 140 156 190 259 372 418
12 17 81 93 127 367 374 459
29 55 65 110 114 181 231 263
37 70 95 105 126 135 195 345
32 36 146 315 339 347 373 461
52 91 223 249 256 460 475 496
70 138 150 172 242 258 325 455
6 63 111 136 137 149 188 381
9 228 259 285 304 386 487 498
50 84 169 177 210 230 238 343
29 51 133 134 288 301 325 427
7 70 209 223 279 392 410 442
61 91 107 115 179 274 397 476
22 100 147 187 203 212 331 445
96 123 172 274 334 338 463 476
57 164 264 332 375 376 437 458
47 61 191 304 312 328 390 448
53 87 132 183 239 242 247 411
83 214 333 363 366 429 467 497
65 84 136 182 264 284 395 497
0 56 58 59 167 294 470 497
128 132 166 225 386 416 462 497
16 20 23 127 129 210 284 398
3 11 56 165 279 333 342 445
36 47 53 229 305 320 324 348
109 158 260 291 333 351 450 468
57 104 182 194 372 423 460 481
5 202 267 299 363 409 452 481
49 86 96 99 216 228 439 478
43 65 93 125 128 145 158 319
38 53 168 172 192 232 265 473
11 35 195 396 397 419 424 436
8 27 135 350 354 388 439 472
137 216 260 281 361 371 411 452
6 36 83 135 174 253 386 390
111 137 154 161 239 274 282 377
35 43 53 87 262 345 454 464
8 38 82 265 271 307 314 372
49 144 163 245 259 382 398 441
28 78 140 400 406 409 417 432
164 171 187 189 374 396 400 474
61 96 156 206 404 464 465 472
54 93 108 153 163 263 282 349
102 103 133 167 203 228 301 381
66 144 192 252 322 374 398 418 449
26 57 122 148 241 258 282 287 336
19 80 102 247 336 346 426 438 463
15 29 48 209 270 279 291 368 466
40 48 51 191 293 386 405 465 470
32 189 194 224 265 352 370 497 499
11 81 89 118 124 136 194 311 363
48 63 90 235 244 339 433 436 487
101 174 178 210 213 313 339 397 411
22 40 69 141 197 227 259 363 385
69 94 124 284 374 409 412 417 459
74 75 78 98 133 236 311 315 415
131 137 169 172 216 254 271 432 489
92 106 216 246 279 309 371 383 477
16 68 73 75 119 296 354 396 453
124 230 245 255 317 319 439 444 463
111 144 160 282 351 359 383 427 476
1 4 142 272 288 295 322 466 496
31 70 147 158 162 430 446 471 487
40 103 217 239 278 335 373 471 487
103 106 184 301 309 364 374 405 413
58 80 164 316 407 429 434 457 465
109 172 216 253 338 418 481 493 494
10 93 189 191 215 286 451 493 498
37 41 84 143 174 244 271 286 447
19 34 69 296 359 387 409 422 470
10 35 134 138 164 231 385 427 461
28 38 73 97 115 240 246 248 318
62 98 113 150 157 200 330 425 456
7 41 89 109 291 303 330 364 382
58 75 141 195 214 288 306 358 460
56 282 286 307 379 426 455 457 463
13 43 57 137 161 235 404 413 455
57 174 272 328 345 349 375 436 468
5 8 155 260 292 364 378 430 495
7 58 120 202 288 304 325 327 392
24 67 113 146 151 261 278 359 420
7 37 46 126 179 200 350 383 388
27 106 205 207 350 360 366 387 439
7 91 148 194 256 370 433 450 478
17 84 92 113 140 290 300 340 427
9 160 168 184 186 296 314 318 482
10 26 33 70 100 187 199 289 495
44 49 54 143 306 372 377 434 485
77 120 140 178 295 309 336 397 455
51 265 283 284 308 326 335 427 450
58 152 225 252 284 336 400 404 482
19 48 167 184 219 223 383 397 496
75 76 124 223 266 337 349 449 450
1 23 103 123 190 378 414 424 459
56 111 140 149 229 239 301 308 311
15 76 77 166 200 217 323 325 348
103 134 150 183 253 288 341 428 446
76 83 96 184 194 236 251 314 485
61 87 155 247 248 272 300 369 397
44 69 70 75 110 232 288 436 468
12 106 222 240 268 298 381 450 467
101 155 165 222 270 327 353 462 490
41 103 147 155 187 281 307 474 480
38 81 163 236 334 338 344 438 459
5 26 28 120 165 206 302 307 382
34 41 180 208 232 241 278 314 363
136 234 265 371 391 417 424 470 478
36 72 174 178 215 224 265 283 450
85 89 149 188 237 255 314 350 421
31 43 79 97 275 363 381 386 443
117 139 310 350 368 426 454 460 467
20 39 43 55 83 104 124 477 495
60 115 216 288 329 342 363 416 499
3 48 108 121 233 297 307 361 428
31 79 90 179 254 292 331 409 474
41 62 153 271 290 397 405 452 473
15 113 213 234 250 334 428 450 464
1 27 41 45 75 250 350 458 499
78 104 110 111 148 297 343 372 411
26 206 220 358 365 384 399 403 482
5 17 41 140 192 274 377 429 470
12 45 88 345 390 396 450 488 494
6 29 36 47 63 70 141 227 487
136 146 202 302 319 345 367 415 439
29 62 63 64 72 86 189 385 476
104 185 232 256 278 335 407 453 469
28 106 117 134 220 228 386 456 463
23 40 253 308 312 401 458 497 498
72 178 317 334 379 387 393 417 465
9 106 120 176 264 311 343 363 456
7 53 113 118 127 145 163 257 414
46 92 130 209 241 251 265 379 481
17 42 83 141 262 335 385 419 495
67 93 161 209 286 331 366 420 448
41 68 167 204 258 298 339 379 425
2 78 101 113 142 144 191 416 419
8 52 101 179 204 205 467 477 492
55 86 136 149 231 372 390 461 473
2 106 110 169 179 229 248 326 348
5 78 229 252 345 412 431 457 464
90 253 302 343 356 376 413 444 476
50 104 107 315 346 398 408 461 475
66 254 275 278 300 361 444 458 493
23 60 76 130 204 233 335 340 395
41 49 60 66 151 326 382 429 451
1 135 227 330 345 357 361 434 437
45 260 297 351 382 384 414 437 446
117 145 158 183 236 285 336 421 499
142 244 273 307 349 381 442 485 491
100 241 278 286 299 359 387 391 439
9 127 139 146 179 314 333 353 406
17 26 125 268 316 369 383 384 494
41 182 208 231 234 286 371 395 453
4 61 70 277 331 386 388 450 463
19 57 153 184 225 370 379 393 410
85 93 96 97 201 234 247 277 304
53 72 151 176 273 360 383 399 403
174 200 238 385 388 395 415 425 440
35 70 123 191 198 290 299 319 384
86 106 178 198 342 374 446 481 485
11 23 27 87 115 130 153 340 361
109 132 134 136 262 369 381 409 449
11 26 46 125 147 297 330 344 494
39 56 86 107 164 216 242 302 377
45 96 101 172 180 184 205 222 418
15 27 32 92 206 232 392 424 465
27 125 153 188 196 266 343 359 407
44 217 233 256 263 325 354 360 498
45 95 190 193 201 248 259 261 299
8 59 71 177 358 380 415 416 444
50 69 159 162 233 269 415 454 487
135 150 313 334 381 421 432 460 464
27 39 145 166 167 183 243 336 369
52 115 160 172 178 287 318 354 368
15 65 158 230 296 306 314 329 490
88 204 205 240 254 313 338 441 471
72 126 181 207 228 237 335 351 393
39 49 85 89 128 191 228 298 334
150 169 170 196 232 348 356 395 497
13 39 100 131 162 257 374 439 461
42 119 235 285 296 412 422 448 457
81 90 91 122 155 214 270 331 496
2 3 55 196 230 251 355 361 485
122 198 230 314 327 356 367 450 483
1 14 49 102 122 371 439 453 457
192 215 221 244 294 334 374 393 423
66 135 237 251 290 352 365 472 476
17 85 211 227 262 287 434 462 465
71 163 265 371 443 448 456 460 474
140 237 309 338 355 379 401 459 488
40 155 246 331 356 391 442 449 483
17 109 179 205 226 283 370 450 459
29 95 174 240 307 356 413 423 488
6 22 72 196 228 276 314 331 420
1 146 183 231 303 354 361 431 480 489
192 204 218 237 248 297 333 359 401 429
19 40 130 320 354 411 440 455 469 498
189 223 298 350 359 363 367 393 415 496
187 193 227 266 331 334 478 486 487 495
41 168 201 213 284 382 384 394 414 469
64 197 213 232 267 336 362 436 471 494
52 187 252 254 293 334 336 364 407 414
68 147 153 154 182 207 238 258 388 441
18 89 103 179 247 252 256 296 331 490
15 16 31 102 194 209 304 333 341 413
4 12 60 80 157 184 272 424 436 472
11 22 92 119 120 150 162 178 294 393
76 113 117 231 363 391 399 406 478 485
9 53 55 112 294 387 390 391 426 492
23 30 33 132 152 201 271 319 422 499
67 69 71 75 262 271 322 360 400 460
19 159 226 394 439 455 456 463 467 493
85 144 153 241 250 279 304 386 412 499
82 190 198 203 291 305 336 378 463 489
75 158 188 224 270 341 376 397 437 484
17 34 44 80 129 143 277 301 402 431
61 156 180 196 219 248 331 390 395 427
8 43 51 211 217 219 253 267 299 429
2 60 128 271 301 311 315 387 415 482
44 159 208 215 245 310 348 434 442 499
30 45 58 62 124 203 239 315 400 462
8 18 20 26 34 112 164 285 400 419
64 226 242 308 346 408 474 482 489 496
6 71 94 161 174 202 327 390 413 475
140 153 173 188 193 315 318 330 451 474
3 17 97 108 182 201 270 283 424 444
15 72 90 132 178 198 230 246 262 382
32 73 96 110 120 146 211 258 334 457
57 71 95 136 168 205 250 384 399 416
18 90 93 97 116 127 242 249 394 496
32 135 199 236 238 276 341 400 436 456
8 38 51 65 159 173 310 420 422 454
34 44 66 344 383 387 403 411 462 466
2 33 58 89 266 303 307 330 393 419
12 22 95 181 354 367 376 380 419 442
119 222 239 274 281 292 336 396 411 467
72 114 153 250 253 254 281 335 342 430
3 47 51 219 235 378 453 460 468 490
78 86 91 134 140 214 239 276 381 387
70 85 121 139 144 198 218 254 266 267
6 15 68 80 215 231 248 406 410 467
28 29 115 142 196 253 332 342 353 488
46 61 141 155 197 266 292 327 363 478
70 76 194 195 267 268 280 289 305 444
4 25 183 212 233 239 241 388 445 477
39 55 138 155 166 179 212 224 248 269
2 136 159 170 267 285 289 337 395 476
135 252 294 315 363 377 399 456 457 466
25 26 213 223 231 281 368 389 432 443
5 78 157 175 261 335 388 399 441 446
0 11 130 134 151 279 357 382 423 425
16 43 83 177 187 271 277 296 383 417
2 3 77 178 184 254 285 291 309 327
8 11 74 116 117 126 158 283 369 476
77 91 148 172 217 294 380 381 410 482
81 125 130 168 214 262 336 384 388 408
40 56 169 216 314 398 406 417 441 498
16 21 204 228 262 275 281 398 439 445
115 133 141 174 244 268 294 335 450 486
34 120 138 169 228 270 312 457 463 476
6 41 62 144 258 311 342 349 388 444
135 172 217 223 231 345 348 357 370 415
182 185 264 272 285 287 377 392 440 443
28 59 74 98 234 235 326 369 400 451
13 49 53 54 128 144 171 389 402 468
104 260 272 280 358 380 397 424 467 494
14 40 55 83 150 151 180 345 421 487
5 37 168 169 183 198 282 393 454 456
4 99 202 288 332 333 347 389 443 446
9 21 109 132 166 223 385 418 473 483
11 61 64 88 107 212 419 430 463 499
3 5 30 34 226 263 278 299 426 443
0 30 75 77 167 279 303 377 411 413
9 90 100 160 164 208 254 293 348 371
12 126 262 263 280 287 302 447 460 481
16 126 150 189 205 285 302 352 459 463
34 59 170 215 261 302 317 370 437 489
102 111 124 161 204 241 289 303 325 343
21 23 259 262 268 339 386 434 452 490
34 135 151 335 352 363 397 461 468 492
62 82 118 255 268 361 365 387 401 454
24 54 127 187 189 230 233 275 443 476
15 23 84 89 108 142 153 295 347 455
60 112 130 156 213 249 266 366 380 498
6 19 59 73 84 114 119 280 361 469
114 145 157 163 183 284 350 371 401 429
126 225 237 305 307 333 376 437 485 493
24 96 195 216 229 277 289 304 444 492
51 68 125 191 243 307 326 328 422 434
19 40 57 76 94 133 250 395 421 444
55 109 203 208 256 293 341 349 380 493
217 239 241 261 342 381 426 430 454 461
7 67 131 154 159 200 207 324 369 471
30 68 91 123 192 354 388 404 428 468
15 24 42 126 134 168 263 292 469 478
63 109 120 127 129 285 325 347 402 434
18 46 184 190 203 240 319 362 416 494
4 55 61 151 224 273 288 312 354 423
51 96 124 153 181 213 320 351 358 447
54 78 91 134 153 198 210 257 280 416
20 52 96 178 181 205 324 394 459 473
95 136 158 168 179 181 188 206 229 482
181 271 312 321 343 346 357 408 472 474
30 80 88 139 141 223 314 389 400 431
13 95 98 154 204 252 271 276 367 375
97 145 167 179 202 210 280 282 312 402
11 124 198 298 341 352 366 482 487 492
36 71 153 207 249 298 385 430 443 449
132 189 253 300 355 361 403 454 466 494
8 120 177 256 261 316 377 388 397 433
51 56 125 146 272 273 390 397 423 446
9 69 77 96 121 235 263 282 441 453
19 102 135 138 144 178 227 287 406 426
66 71 93 148 153 213 258 277 447 481
1 52 89 101 155 221 250 295 359 417 479
37 48 112 177 184 190 203 220 289 400 486
13 82 137 157 165 250 258 274 338 419 427
5 60 73 76 117 171 187 200 236 391 393
64 72 100 105 117 182 200 269 322 325 497
18 51 77 80 85 138 154 282 334 395 478
55 86 88 89 118 172 181 210 221 408 428
14 47 76 86 221 322 331 428 466 469 495
22 90 176 184 191 233 269 296 367 391 402
53 124 183 226 299 310 327 423 430 436 485
90 96 106 130 241 275 283 305 325 426 481
105 141 176 217 304 332 341 355 380 386 441
21 37 57 129 136 201 212 243 248 264 429
80 122 258 274 275 317 337 370 403 417 458
17 71 78 206 237 239 254 334 433 477 495
30 88 146 248 303 322 331 386 410 470 489
26 52 111 133 192 261 337 360 428 442 470
19 27 38 123 124 138 165 193 230 300 370
39 66 112 136 155 206 252 290 312 361 433
115 118 184 227 230 270 285 355 471 481 495
30 109 183 212 225 229 284 297 330 361 427
63 116 171 180 200 308 311 370 403 469 497
6 46 51 55 112 140 221 355 374 481 495
18 27 202 211 212 224 232 249 250 278 401
91 98 102 179 228 249 256 291 378 404 462
15 74 119 140 235 255 271 339 343 349 414
31 51 102 104 134 146 152 324 343 418 426
3 17 47 92 115 128 342 409 412 423 442
24 26 55 82 84 134 188 217 306 371 374
11 12 13 26 60 86 152 261 285 394 399
44 113 131 221 239 318 361 380 396 443 498
3 47 85 155 323 334 414 440 476 484 487
40 55 71 81 224 291 299 309 313 380 436
35 86 132 134 150 177 223 277 279 329 491
10 47 87 99 104 197 286 291 374 418 421
1 78 80 110 120 225 229 285 294 295 381
90 130 134 136 152 162 175 228 235 246 485
15 67 79 150 223 290 308 354 363 379 477
10 22 59 113 163 187 216 235 248 376 411
175 176 217 274 345 382 396 406 449 471 495
147 187 240 254 300 321 332 358 441 458 488
122 201 206 264 325 342 349 389 445 448 490
46 109 118 126 135 186 235 257 269 337 498
58 62 98 112 144 154 160 251 272 293 305
12 46 79 189 235 263 268 269 304 305 449
29 52 113 144 185 220 231 267 285 324 496
3 6 164 169 240 330 344 348 442 447 467
59 81 101 145 213 214 290 344 350 439 452
18 81 152 268 286 325 328 354 356 377 494
26 71 87 111 153 180 261 275 307 324 388
47 91 99 165 166 196 222 256 285 369 370
12 45 154 195 225 280 328 446 454 485 487
5 84 247 310 328 341 365 407 422 478 494
6 7 20 168 193 281 328 349 405 423 455
123 138 240 257 276 281 293 299 311 360 382
169 186 191 232 272 287 309 350 367 404 409
7 49 61 93 167 231 321 353 420 426 482
2 40 49 60 107 233 322 386 414 437 450
135 177 203 212 249 267 313 363 382 423 491
40 56 167 218 221 234 262 290 319 325 383
89 90 101 142 171 298 322 382 437 459 473
39 74 114 146 171 174 191 216 286 327 336
155 187 202 203 209 282 338 351 375 462 474
18 24 56 63 68 134 144 169 204 247 403
34 36 96 99 164 189 216 229 342 446 452
35 50 54 64 84 118 126 286 310 400 438
3 4 36 55 120 248 271 294 367 389 482
22 75 93 131 189 219 337 382 391 421 482
10 68 161 206 248 261 328 353 392 398 412
46 141 217 230 262 293 317 339 347 371 485
41 43 160 217 343 365 410 416 423 433 452
40 61 64 65 126 148 155 299 318 346 451
33 51 53 61 181 193 248 310 326 402 427
28 36 161 173 196 249 264 300 415 429 468
12 193 221 321 323 335 370 381 389 423 433
15 44 61 74 197 255 329 354 388 443 490
28 94 172 197 215 265 288 300 308 392 448
77 165 178 207 241 331 346 367 372 390 399
45 81 89 105 193 205 229 324 368 414 479
94 120 156 193 257 274 278 291 403 404 495
137 177 206 209 250 254 287 292 322 376 377
20 75 100 115 162 199 330 345 372 467 491
39 308 335 349 355 370 385 409 426 429 436
18 62 73 93 148 194 289 326 481 496 499
171 176 235 236 241 270 274 363 365 433 446
12 39 127 270 317 355 396 415 488 491 493
67 86 91 123 182 225 240 248 303 332 491
85 118 142 162 222 223 386 403 410 463 489
44 120 140 152 192 227 236 248 320 359 416
13 73 103 184 239 277 375 407 447 476 490
58 70 197 210 224 295 325 381 389 414 495
17 121 140 278 355 409 432 461 489 490 495
6 75 172 203 251 271 298 307 310 349 382
39 96 98 120 152 155 251 367 408 478 489
4 70 91 218 259 283 319 366 402 439 468
50 126 135 183 260 351 429 449 460 466 490
21 89 133 198 217 219 265 333 396 440 493
2 71 93 120 250 356 364 370 383 433 476
28 42 114 161 175 227 228 261 315 326 378
126 143 193 220 230 267 334 338 369 427 484
25 57 74 186 303 315 327 365 413 434 466
16 96 111 147 219 341 349 374 376 415 492
44 56 212 221 234 279 292 329 370 490 492
84 131 135 171 208 297 317 386 403 448 499
18 26 35 52 127 258 289 319 394 479 491
43 176 178 316 330 365 367 382 399 423 494
39 56 60 71 124 135 148 166 313 370 476
81 88 186 207 212 218 243 262 360 405 492
29 54 58 82 101 106 148 159 182 257 490
7 193 253 278 333 335 354 457 464 478 494
66 157 189 325 366 376 381 399 425 439 469
112 144 191 219 246 254 302 318 329 334 400
11 55 59 81 108 205 289 304 339 342 428
121 210 230 276 296 302 314 366 372 432 465
78 113 134 206 248 336 357 386 413 422 468
15 45 68 75 91 203 209 224 230 341 404
21 44 56 61 65 116 148 211 247 255 447
53 55 77 140 183 193 200 201 227 321 481
196 308 326 338 397 400 408 454 466 475 481
28 57 101 175 220 268 309 311 324 345 415
8 22 169 179 188 219 350 360 375 376 413 419
67 192 229 273 283 301 305 313 389 409 459 465
85 204 218 219 220 247 258 292 299 311 415 468
172 215 239 275 277 287 314 356 379 386 461 475
58 91 123 177 190 239 243 268 296 388 431 454
75 91 136 159 201 227 259 274 295 424 461 479
34 42 70 73 171 305 375 401 435 436 441 451
64 118 199 211 293 316 370 409 414 415 422 479
11 15 52 73 98 125 266 384 428 432 467 486
16 31 141 154 187 227 277 412 442 452 478 484
81 107 257 258 314 349 358 402 423 427 450 486
41 61 72 99 116 121 182 229 261 265 433 450
76 107 124 153 221 237 322 345 413 435 471 477
25 27 94 209 231 234 267 338 353 375 484 497
61 69 242 259 276 281 324 329 331 395 401 494
21 70 80 106 108 139 177 218 374 405 478 480
4 120 137 155 167 178 284 287 291 367 395 416
71 85 108 172 199 239 273 293 319 410 421 442
113 130 232 242 255 289 303 311 314 418 474 478
13 28 49 62 111 127 167 269 276 408 445 482
26 58 86 139 265 267 268 316 332 350 446 480
132 195 205 212 226 245 258 336 348 375 440 469
76 97 110 114 133 224 241 255 283 359 393 432
16 47 48 75 118 168 239 261 290 343 371 444
95 121 142 170 203 224 292 368 393 444 462 499
24 79 153 238 245 271 293 320 414 435 467 491
58 69 73 104 110 210 239 309 342 397 453 481
62 182 184 206 318 320 328 348 357 365 366 454
33 41 122 264 273 326 343 348 351 405 454 471
10 26 41 170 171 209 234 241 306 364 421 445
43 58 230 231 277 313 364 369 389 440 443 469
51 67 82 84 123 213 230 267 298 324 353 451
34 80 142 150 155 191 216 270 317 327 338 482
98 102 151 203 204 207 209 266 307 398 446 475
36 85 87 92 119 160 167 250 356 366 427 493
54 68 301 345 349 362 377 391 426 451 460 488
45 101 110 129 137 168 241 312 331 335 441 449
0 57 60 83 132 150 153 185 200 393 442 494
68 102 112 166 215 255 273 310 338 439 464 475
1 5 51 52 119 185 189 244 281 356 410 431
24 251 290 296 299 321 338 351 359 389 397 400
14 32 36 46 67 209 211 325 344 351 366 445
5 8 55 112 144 195 211 353 378 393 400 479
42 45 65 95 196 266 324 378 416 448 465 471
130 156 221 227 249 275 291 300 360 375 383 485
108 177 184 201 205 258 263 269 283 430 452 484
9 49 95 106 138 257 264 267 280 357 441 490
17 53 251 271 291 324 344 349 354 387 425 453
33 72 129 140 161 362 373 375 420 455 486 492
165 170 183 197 202 230 231 263 266 320 371 425
17 39 46 91 111 137 144 193 312 387 393 483
31 39 88 141 155 221 356 365 369 405 446 457
54 79 97 118 164 314 328 387 398 417 439 492
1 19 24 63 115 134 136 159 167 341 452 470
20 41 61 115 122 228 244 285 403 464 468 470
6 9 17 118 146 192 227 316 356 365 457 476
108 191 201 218 239 253 278 291 315 418 422 499
3 59 67 89 108 110 137 144 189 432 461 468
17 36 39 135 171 219 252 257 262 286 359 449
41 69 189 218 247 248 287 330 339 368 378 472
25 120 167 235 242 276 282 286 316 373 387 471
29 32 72 75 92 133 138 176 353 404 424 492
104 135 186 188 274 310 403 410 413 448 452 495
5 107 128 202 211 281 291 348 401 415 425 442
12 54 182 225 243 351 372 396 410 422 457 488
16 22 59 155 159 295 324 362 393 434 452 472
16 48 60 76 94 175 177 207 250 424 449 480
12 15 45 92 94 97 257 288 292 298 408 463
10 60 121 122 256 268 269 332 343 463 489 495
47 127 142 168 192 198 318 332 373 440 458 487
20 77 125 179 221 251 273 310 363 417 460 481
21 98 155 157 162 169 185 284 326 452 455 481
95 102 109 122 130 149 167 201 224 228 386 398
62 129 178 259 272 288 331 343 438 456 475 492
8 69 93 110 115 300 309 338 407 418 441 445
103 174 198 201 211 232 237 246 321 335 434 482
27 89 90 132 166 183 214 302 331 459 475 499
21 23 91 137 190 318 335 373 417 444 467 478
115 122 228 230 232 259 268 393 449 452 459 470
86 120 220 291 294 295 324 389 394 426 443 470
87 111 149 181 199 224 243 285 354 364 385 425
48 209 237 366 372 434 448 468 474 478 494 497
15 32 113 164 195 205 365 374 411 414 428 470
73 140 171 218 223 255 267 360 409 445 472 493
23 52 102 107 114 152 172 173 250 258 269 407
24 68 109 126 185 222 240 247 389 402 426 437
8 25 94 97 163 189 193 229 250 317 329 411
16 39 40 46 48 58 89 103 242 260 289 424
5 114 117 122 189 202 203 204 320 389 432 478
94 126 136 152 221 241 258 324 371 390 425 439
22 69 77 93 118 121 210 237 281 308 314 315
36 145 150 156 178 240 261 312 314 357 372 462
90 163 170 193 277 291 330 342 365 455 473 499
99 201 218 219 288 330 347 389 395 397 447 462
29 195 196 231 252 269 277 313 381 432 483 490
14 22 28 70 180 190 267 386 406 425 428 430
30 71 91 101 171 195 199 265 274 276 307 345
30 59 72 127 164 265 305 445 465 472 476 480
54 75 99 149 179 216 255 299 330 388 391 419
23 55 101 116 142 156 256 269 303 351 381 409
71 109 165 189 228 235 236 262 317 321 408 432
12 50 144 176 220 229 269 307 324 334 413 429
45 90 109 124 173 194 226 240 262 425 435 482
1 47 67 80 200 213 252 269 319 320 399 446
29 77 96 197 318 387 388 406 413 441 473 494
50 122 132 137 159 194 240 258 280 285 402 489
35 163 190 233 246 279 305 308 325 339 343 499
36 42 66 77 84 241 286 336 380 398 470 482
59 87 114 148 166 198 337 377 424 465 488 498
63 94 169 210 248 264 268 287 309 348 371 396
12 74 81 188 233 239 262 264 291 292 382 477
1 107 175 184 289 385 392 399 403 473 476 483
17 56 83 184 211 242 257 293 356 401 426 470
39 119 140 148 197 276 350 359 398 451 471 478
4 33 96 125 172 186 198 226 309 349 416 497
3 32 96 127 168 177 184 238 315 339 408 476
7 28 87 106 178 218 276 307 364 414 489 494
13 17 147 180 225 229 235 311 322 355 448 457
57 175 187 201 282 329 350 351 404 428 452 485
48 111 125 132 195 324 336 348 363 369 451 497
9 16 68 81 103 213 227 265 316 333 338 418 443
83 133 151 159 187 286 326 353 379 420 441 470 485
11 69 101 107 140 180 219 269 284 305 381 417 441
45 63 152 190 242 262 270 308 381 383 391 459 468
32 50 70 116 289 296 298 389 404 426 440 443 481
30 147 196 202 243 247 268 291 357 425 426 428 484
79 89 179 190 288 336 351 383 385 425 447 461 494
69 74 95 117 132 138 183 225 244 347 385 389 485
7 16 38 68 71 92 110 254 343 355 433 470 491
89 91 104 114 176 190 204 219 222 227 291 326 452
15 19 30 38 99 140 149 251 286 346 357 414 496
73 154 159 189 195 305 372 374 398 401 466 482 488
30 44 49 282 293 338 341 357 364 453 473 480 499
5 42 49 87 89 90 200 237 281 350 357 406 471
57 93 100 154 207 216 265 313 327 336 387 457 479
45 77 123 136 158 179 194 249 252 289 308 409 459
42 70 111 118 246 288 292 301 354 441 449 460 479
25 78 118 145 229 244 265 275 345 352 377 442 469
8 36 88 109 136 140 141 216 294 379 443 474 484
11 15 33 79 111 198 238 257 308 369 396 464 490
7 182 189 196 239 240 305 344 356 382 403 455 494
53 86 130 241 297 307 308 349 378 383 410 432 470
11 17 178 199 204 219 304 377 412 421 427 428 433
0 14 83 97 111 116 218 254 349 357 403 425 436
0 69 76 134 194 243 289 363 369 449 462 469 499
4 15 22 93 103 148 164 225 243 285 296 354 364
152 225 232 255 275 310 349 357 361 374 379 401 406
7 43 134 147 152 217 219 246 250 327 345 468 479
3 18 74 109 144 157 219 274 368 420 449 458 496
2 11 17 93 123 129 140 151 196 221 251 308 362
31 75 94 110 136 211 219 286 359 377 388 469 498
48 51 59 213 219 295 316 342 378 379 416 423 431
5 19 59 104 154 180 212 287 331 382 387 465 474
35 54 76 102 152 167 217 258 281 384 455 488 489
11 16 154 169 232 296 303 341 357 468 477 479 487
48 65 101 103 208 229 255 301 333 359 380 381 396
4 35 49 186 187 221 277 279 311 337 386 394 436
29 67 113 149 168 271 281 289 379 382 412 428 457
54 65 73 86 102 160 169 180 243 257 326 459 462
6 26 55 67 147 172 185 239 274 313 326 386 424
3 64 113 126 192 200 229 330 380 404 405 434 448
125 158 203 254 284 316 326 385 409 443 467 475 496
3 148 158 161 187 202 272 278 283 362 365 374 416
15 27 33 70 97 194 216 282 283 288 344 421 465
52 63 76 142 189 221 242 277 293 363 384 409 445
14 17 48 195 267 321 344 350 377 418 443 465 495
0 11 49 58 118 135 194 258 264 292 360 370 423
69 104 109 119 188 255 264 394 472 482 483 487 493
127 144 162 187 205 234 253 306 308 357 417 427 474
12 61 79 88 163 165 215 231 284 328 432 457 467
105 150 195 243 246 316 336 347 369 382 420 434 495
17 50 51 82 148 149 223 245 248 264 340 464 474
62 251 269 270 279 301 303 341 344 352 359 387 454
43 48 105 116 239 240 250 252 253 254 317 398 446
59 61 220 231 264 349 360 367 383 388 461 475 497
0 9 24 26 36 85 131 148 227 264 304 310 325
81 95 159 197 224 237 243 284 353 365 405 456 499
6 23 59 159 266 272 301 302 308 323 351 366 440
41 67 141 260 265 266 303 315 340 351 443 482 495
78 143 176 190 191 214 249 293 303 347 371 459 494
1 14 107 115 130 149 291 316 321 333 390 440 490
51 86 115 161 220 231 247 282 309 310 326 364 376
60 74 89 121 159 229 302 370 377 413 414 425 480
23 57 60 71 87 173 178 257 281 321 369 430 464
2 45 65 82 83 153 314 323 417 422 434 489 490
11 58 76 106 169 211 212 314 321 339 424 443 489
172 189 212 268 283 296 299 311 342 396 438 444 462
1 13 40 44 63 85 124 128 129 140 218 393 449
48 213 231 244 247 305 312 322 383 391 395 401 426
18 33 40 50 63 67 76 92 103 145 189 205 226
66 79 100 107 118 128 181 197 322 333 353 442 461
15 32 43 144 154 230 251 310 317 348 424 448 478
47 98 112 135 139 142 181 187 204 208 321 323 487
5 45 55 89 217 218 224 275 318 377 401 406 483
48 52 123 125 140 195 208 237 242 326 421 451 461
37 55 145 161 331 340 390 395 430 444 448 469 486
11 59 83 107 154 184 186 281 293 393 394 480 485
52 77 98 104 156 173 216 249 300 324 459 467 487
8 63 72 88 97 168 183 328 382 416 454 468 490
6 99 108 110 254 279 297 301 330 339 407 411 452
50 56 61 90 118 217 288 289 291 331 448 462 466
37 52 79 130 242 249 250 307 314 320 459 480 488
6 9 20 24 39 64 142 220 236 279 328 383 446
20 48 85 168 187 238 245 312 330 351 353 438 472
89 95 96 113 124 167 185 208 316 336 341 367 421
36 95 166 197 239 257 261 295 297 323 349 390 413
44 76 78 142 173 210 238 251 288 294 310 337 416
63 71 77 123 142 156 184 206 354 377 380 385 401
50 52 70 82 106 116 187 195 196 307 318 365 389
46 96 110 132 163 310 336 342 343 383 412 428 485
17 38 46 207 225 306 330 338 346 356 377 458 494
5 36 106 191 225 230 284 304 324 326 358 400 480
61 65 99 101 124 131 187 217 293 304 311 383 433
41 79 107 131 134 165 200 205 217 259 282 362 494
11 20 21 43 64 82 101 229 258 374 385 398 417
1 34 40 131 155 176 211 227 256 317 395 420 494
2 79 109 143 148 150 275 280 367 402 420 450 460
18 49 123 235 276 278 327 340 381 388 392 403 488
60 160 167 170 186 209 242 271 285 321 331 410 474
92 109 120 155 189 190 193 218 256 284 301 316 358
11 23 34 70 73 92 115 154 281 331 341 372 499
45 54 121 128 174 176 178 203 220 290 314 360 388
39 101 128 164 180 230 236 320 348 355 357 390 463
5 72 78 83 112 120 166 212 253 290 487 490 497
33 39 57 87 102 212 249 266 271 296 307 368 409
2 11 77 124 150 156 157 249 269 282 367 383 459
10 42 47 92 146 184 198 322 437 441 457 467 472
28 37 43 51 65 71 110 148 163 186 289 290 380
19 56 118 131 195 303 311 351 358 392 442 469 494
25 38 58 59 107 113 137 155 215 432 440 451 493
12 71 80 113 115 136 145 167 226 285 392 438 485
26 50 116 134 140 312 327 336 423 429 433 446 461
35 55 79 111 139 219 259 306 309 330 332 351 422
1 8 13 54 55 173 209 252 330 356 411 477 486
11 45 104 126 167 262 311 326 374 383 427 438 495
22 24 28 45 66 122 220 232 285 393 408 498 499
15 52 130 172 180 185 273 287 369 376 384 404 460
8 12 80 95 131 178 267 280 290 390 434 435 459
1 51 61 96 104 129 223 232 274 307 463 476 485
67 86 110 134 192 209 231 237 269 270 347 391 451
28 58 65 84 87 91 193 209 251 275 326 334 340 450
16 51 198 207 248 310 329 335 336 355 400 422 437 439
2 22 26 129 165 191 212 227 230 239 298 342 397 447
58 78 83 93 96 160 232 287 290 328 403 426 459 461
54 82 93 109 133 152 191 261 282 305 385 390 414 428
11 109 137 145 167 208 275 332 347 390 415 434 454 469
10 36 42 46 84 86 169 174 212 275 336 434 464 481
7 25 27 59 92 134 237 239 243 322 366 484 487 491
29 32 63 64 107 128 167 186 197 211 220 294 349 413
8 39 47 63 77 93 106 145 151 169 271 293 332 380
48 55 92 94 100 114 181 239 293 298 305 321 441 454
16 26 45 84 95 147 160 246 285 309 338 380 385 468
31 65 113 128 170 214 218 257 281 331 375 464 488 492
59 83 129 219 339 342 368 384 387 445 450 461 471 484
59 85 146 167 172 241 250 308 327 333 368 389 409 428
43 63 90 101 105 108 143 198 291 299 304 380 386 464
32 35 109 118 143 227 271 273 417 429 449 459 467 471
76 115 180 244 259 271 296 302 347 381 419 428 473 474
15 54 130 135 231 234 258 301 319 333 342 362 488 498
45 133 187 216 272 316 319 320 372 375 384 399 400 416
22 26 73 124 209 215 222 243 246 283 293 365 426 442
10 111 116 120 163 218 250 279 286 344 387 397 471 474
44 136 173 242 252 263 290 304 349 351 352 388 452 493
31 93 117 121 129 160 245 271 288 309 315 399 438 484
82 113 151 210 228 298 328 347 374 379 412 414 419 455
46 62 82 105 155 185 272 296 307 339 359 364 435 479
69 78 79 92 99 109 120 169 173 240 277 354 389 426
6 36 51 60 167 179 199 201 307 325 335 346 395 486
10 13 22 103 104 128 133 149 197 213 231 323 340 491
1 42 91 136 159 188 212 242 244 319 321 366 433 450
3 9 60 71 125 138 179 305 339 376 404 441 447 493
5 27 34 40 46 95 121 122 148 166 221 248 303 329
16 181 290 338 370 389 399 412 415 446 455 464 474 493
101 105 157 177 242 247 268 279 322 348 354 431 476 497
46 47 50 93 165 175 208 240 315 351 357 367 392 477
4 13 19 51 137 141 174 199 230 257 284 412 421 444
87 117 196 201 329 343 356 359 363 381 438 451 457 480
1 87 88 96 135 182 183 207 326 339 346 432 491 496
10 81 82 132 147 198 236 243 293 312 391 415 420 433
60 101 131 170 183 199 243 345 366 388 411 440 451 457
28 80 106 117 122 162 169 184 216 293 302 304 368 377
38 134 163 188 231 262 317 349 353 404 441 443 450 455
100 167 179 198 285 287 330 331 340 374 376 386 476 486
32 55 119 120 200 206 263 267 274 318 376 433 451 499
2 62 85 133 136 145 194 241 282 292 347 367 395 432
34 49 75 82 110 113 173 234 244 331 355 403 475 496
10 23 111 148 168 179 197 200 219 251 252 347 360 410
2 3 50 180 212 248 305 310 405 441 446 458 476 484
29 60 63 134 135 179 198 255 259 316 318 379 451 476
6 36 111 124 140 161 186 270 274 282 293 297 332 385
21 53 88 108 111 252 277 335 359 368 378 418 423 439
11 14 24 99 124 132 169 209 310 349 395 419 421 462
48 134 211 232 236 246 252 281 291 293 294 402 435 439
10 21 78 111 153 204 239 300 327 339 381 394 406 458
62 67 79 90 137 228 264 289 334 384 405 464 478 493
1 38 52 53 86 96 121 140 320 345 402 433 478 497
43 66 102 152 201 203 277 300 301 355 360 385 465 498
58 93 112 182 219 225 226 260 264 270 300 368 390 450
20 122 123 220 237 273 307 360 361 391 397 411 417 473
50 68 99 156 259 272 286 289 338 415 423 427 429 476
7 18 54 82 122 127 146 169 252 258 310 340 416 468
2 7 8 72 86 105 124 149 270 305 326 378 447 473
11 40 60 101 165 166 187 206 220 232 283 372 418 455
15 117 123 173 182 190 215 238 300 395 427 455 461 484
72 101 112 188 192 234 238 264 265 267 279 283 290 486
10 24 52 66 71 93 235 255 304 357 359 369 381 467
42 55 98 100 133 141 149 163 205 221 238 346 357 486
82 132 137 157 189 196 260 289 317 358 412 438 483 485
33 38 117 147 149 191 201 259 293 325 389 430 486 495
36 85 87 90 150 204 211 226 227 357 363 392 420 496
99 139 149 150 203 208 226 237 282 313 333 360 427 444
14 22 52 60 122 235 240 283 347 353 378 427 454 473
55 139 141 143 213 291 305 337 376 388 406 411 419 490
6 128 142 155 180 245 334 375 376 390 404 414 461 471
0 30 70 122 171 194 196 199 254 286 290 300 304 358
14 22 60 157 161 242 244 336 402 405 451 453 493 498
3 157 234 245 292 305 383 391 402 407 424 430 435 479
45 55 136 144 149 159 215 232 253 324 362 371 399 456
16 57 90 95 125 148 158 171 264 270 388 399 424 453
16 22 46 72 148 204 225 311 395 453 458 461 486 493
123 132 179 207 262 318 324 388 390 424 451 452 471 472
72 85 94 113 131 161 203 220 265 356 402 405 444 464
19 181 199 212 217 258 270 287 298 318 322 326 380 426
15 57 92 138 164 262 278 318 347 419 420 422 476 486
39 122 150 169 239 291 292 303 360 381 415 459 475 484
11 41 102 121 135 138 199 206 210 249 276 315 389 459
41 69 76 198 292 312 325 386 424 441 448 462 479 489
157 170 310 334 347 350 382 388 398 423 444 449 464 490
33 70 76 102 117 150 172 202 272 282 320 362 453 477
40 60 73 79 108 120 168 170 184 286 357 363 413 467
12 85 173 178 192 194 218 229 243 366 405 407 426 452
101 114 200 213 233 264 337 347 348 367 417 431 484 486
13 37 61 73 127 156 168 304 343 354 365 386 473 499
61 69 92 125 149 166 211 274 316 353 361 363 445 465
0 72 88 97 107 180 197 265 272 352 355 372 462 481
7 68 77 118 126 133 158 163 211 214 382 417 454 482
39 40 89 173 210 219 249 258 318 324 347 361 363 456
37 76 85 95 164 231 255 303 342 345 381 414 424 459
53 69 82 107 118 166 183 318 341 367 376 442 449 478
21 39 65 170 186 191 209 227 251 301 312 327 403 438
41 42 90 107 136 155 174 240 248 371 381 387 399 471 472
14 19 49 81 113 163 206 229 240 309 353 362 377 395 420
10 24 65 92 99 149 189 203 226 253 331 431 464 469 472
29 50 138 173 241 248 278 281 333 364 374 378 448 454 460
10 14 73 96 105 106 107 150 162 205 247 318 346 419 471
83 92 97 108 147 149 156 189 214 313 315 359 381 384 441
17 64 108 116 117 130 158 160 244 279 284 365 414 437 450
32 48 88 97 108 109 163 180 266 323 401 413 451 479 484
7 14 33 34 52 54 115 117 137 162 216 224 231 337 404
3 36 90 94 104 130 158 164 202 240 330 394 465 467 473
70 72 98 197 275 279 320 370 375 400 419 442 448 458 483
27 35 50 98 135 141 188 197 213 216 256 282 320 443 486
102 121 194 201 205 217 227 237 250 285 288 308 341 385 457
80 144 154 175 182 230 253 255 287 313 380 406 445 481 484
5 95 118 146 191 207 241 252 290 301 317 355 439 450 479
1 48 63 67 140 146 173 210 218 230 259 307 323 436 470
28 43 191 244 248 251 267 268 275 317 395 398 411 467 481
23 37 65 97 128 186 225 245 284 305 339 383 399 409 446
5 43 80 102 105 115 141 143 186 240 301 305 370 432 472
148 149 151 186 189 253 278 286 290 331 341 363 365 383 480
26 28 41 53 58 150 179 193 206 233 270 294 383 388 390
32 43 44 83 107 138 232 282 350 351 356 448 450 470 473
9 122 192 209 269 304 317 335 347 376 416 423 429 435 489
39 80 129 144 151 153 165 178 200 234 247 349 372 426 431
24 43 78 107 141 165 179 186 200 300 310 320 359 402 412
38 42 86 124 174 182 226 254 337 346 351 354 373 426 482
33 113 204 260 264 272 317 349 371 382 384 398 427 474 498
4 100 103 108 129 151 172 186 222 252 360 419 422 453 489
31 46 54 61 129 137 141 149 159 252 294 312 329 355 385
29 93 111 165 231 247 336 338 382 385 468 470 472 481 482
2 103 119 125 169 206 243 258 273 327 389 403 444 462 475
13 38 69 140 184 219 238 239 241 244 351 434 453 476 497
20 75 87 88 136 181 255 266 275 362 394 424 468 483 491
54 63 83 107 131 168 218 220 315 381 412 418 440 447 495
44 58 119 146 171 228 233 359 398 404 409 435 457 462 498
19 83 132 165 173 275 278 338 376 381 388 424 463 481 494
28 35 125 150 158 246 259 298 321 333 371 397 414 416 421
27 66 67 85 191 205 263 289 319 340 374 377 412 435 463
22 48 51 54 73 106 144 198 221 278 289 316 396 422 484
33 133 161 188 207 238 306 312 319 332 372 437 457 461 488
54 101 103 193 224 226 248 254 262 351 352 409 414 421 479
2 49 90 108 118 185 223 277 281 304 324 326 370 451 453
61 64 86 93 129 156 199 279 345 368 372 376 389 422 458
27 29 44 78 104 119 184 199 221 230 242 262 341 386 396
85 103 128 132 200 230 237 294 306 350 357 376 385 390 472
28 69 74 84 100 189 201 303 331 342 384 418 448 457 493
32 68 102 160 174 229 231 240 258 285 332 346 352 448 468
25 65 101 120 137 169 186 216 226 248 266 401 416 424 434
23 88 135 140 254 288 314 323 327 344 353 354 453 474 476
0 1 22 95 105 169 213 319 339 363 401 448 451 463 486
51 67 139 156 194 195 213 247 251 262 272 274 410 431 478
138 158 184 191 219 234 239 264 315 322 330 337 400 478 490
12 82 100 127 165 209 241 275 304 325 345 356 409 439 466
46 53 96 105 114 118 191 223 232 275 277 302 323 332 395
42 70 88 118 124 136 161 178 212 215 217 241 258 409 436
4 8 49 56 86 182 209 215 229 256 276 288 399 458 477
20 39 50 62 82 117 145 178 198 272 282 287 305 412 457
21 46 90 123 127 131 132 149 268 352 378 414 444 488 493
7 17 48 52 89 102 121 235 271 360 364 366 388 425 432
62 74 82 92 120 155 176 203 226 232 236 254 259 266 271
35 45 55 92 103 107 158 174 235 289 363 366 387 413 424
73 97 130 195 309 318 327 340 350 361 374 402 411 447 450
0 23 49 53 126 148 149 161 271 342 366 390 431 443 467
5 97 216 261 294 307 335 359 362 402 409 415 425 453 471
14 83 117 173 240 268 316 323 324 336 340 416 429 463 464
13 76 109 203 236 267 270 319 338 359 368 385 389 413 474
8 123 128 146 149 240 256 286 292 293 338 354 441 454 494
25 239 249 272 302 322 348 373 383 422 441 454 475 490 494
33 68 198 204 213 215 248 272 330 346 368 414 435 474 486
0 34 57 169 191 194 211 240 270 292 305 310 362 373 440
2 53 63 86 91 141 202 206 230 357 360 417 434 459 487
25 46 53 63 136 144 177 258 297 315 420 422 468 480 498
70 117 137 220 241 244 264 273 280 281 304 317 350 355 406
2 89 199 200 201 249 255 301 304 332 354 421 462 463 489
17 97 131 137 180 208 245 266 272 290 344 373 428 434 438
10 42 52 58 67 92 100 120 164 240 363 374 383 459 464
9 36 57 135 167 186 222 226 243 299 305 312 358 391 476
77 84 97 128 144 162 179 192 253 328 406 421 424 458 493
29 60 87 147 213 216 257 260 322 342 366 400 401 409 428
12 56 71 168 223 239 250 257 267 275 288 308 329 382 427
15 67 179 252 301 311 333 342 373 383 423 426 455 464 466
35 39 40 49 243 249 261 312 318 335 391 448 456 474 493
51 85 90 91 171 178 235 251 298 306 317 352 429 444 465
4 55 63 78 228 239 278 310 322 354 420 434 436 451 471
104 115 155 175 262 277 292 320 338 339 372 406 428 480 481
17 32 34 126 140 147 177 235 241 248 253 343 371 462 466
32 59 69 95 148 150 165 172 203 260 295 315 367 371 499
8 33 89 102 113 125 142 190 333 370 402 410 413 416 466
0 23 37 51 77 88 109 130 138 200 217 244 286 477 494
52 56 106 126 154 156 173 184 286 296 359 367 377 412 418
3 34 74 102 157 178 253 273 327 335 340 389 411 415 497
3 76 115 133 179 200 217 239 241 249 278 299 338 408 472
0 95 148 150 154 158 180 213 254 268 269 344 364 376 425
63 78 123 160 205 256 261 296 302 362 368 388 398 402 453
8 22 40 77 112 119 164 169 202 210 332 431 438 486 490
17 38 41 72 78 164 198 224 249 255 257 318 320 413 497
29 62 74 139 171 216 279 315 347 350 371 389 393 414 479
48 51 53 94 116 135 145 166 202 235 242 286 368 408 410
114 119 129 138 163 171 189 228 255 271 401 465 478 493 496
90 169 186 202 211 262 266 287 309 337 345 346 382 412 461
90 157 160 168 185 216 229 232 241 242 298 335 422 429 437 447
20 70 77 91 99 177 185 192 197 263 282 296 303 394 405 406
11 25 61 70 105 127 140 193 195 354 414 436 479 481 492 495
35 47 72 85 101 128 151 254 281 284 291 311 324 368 415 463
3 8 11 22 49 69 121 158 182 208 226 232 240 288 323 438
64 104 113 132 231 237 242 259 362 378 403 407 424 471 484 497
9 41 49 51 92 102 129 269 270 296 314 344 350 376 384 489
7 30 46 67 80 97 147 204 205 213 229 231 241 264 442 453
28 48 95 123 125 134 164 181 240 246 253 268 278 372 432 435
12 48 51 87 144 167 172 186 228 230 304 345 365 420 465 495
2 54 65 199 202 231 253 261 286 334 359 361 386 415 459 487
13 207 261 284 304 328 330 351 368 375 399 415 423 429 432 496
17 34 146 150 153 206 211 227 252 288 303 339 358 420 454 499
17 39 63 70 143 151 182 209 245 367 378 401 410 467 469 497
37 57 78 83 90 118 168 172 178 193 274 308 345 377 406 488
1 49 51 84 146 179 183 231 262 348 355 406 412 422 423 474
26 207 211 235 238 239 258 289 293 318 340 345 367 384 395 455
39 58 66 99 144 174 203 212 221 231 235 274 312 407 471 484
37 38 103 127 171 204 214 229 265 305 326 344 372 404 468 484
41 46 81 88 101 102 132 159 188 237 281 308 346 361 490 495
29 99 190 245 287 302 335 343 382 406 410 429 443 489 491 492
39 52 66 155 207 218 227 248 261 315 387 413 418 429 436 478
6 24 78 92 96 144 156 171 174 227 244 256 268 379 454 495
32 53 77 101 137 192 200 259 298 332 343 363 426 455 485 486
161 210 227 301 308 344 358 365 369 404 412 427 448 470 474 491
29 33 132 133 192 210 307 358 413 425 448 449 457 469 470 488
33 35 47 108 123 160 252 349 351 394 405 412 435 474 475 499
69 120 152 170 182 211 278 283 294 301 318 331 363 366 387 407
28 54 58 62 99 144 183 194 241 296 334 344 379 380 402 462
38 45 58 105 126 140 173 241 269 314 324 394 395 404 413 447
3 17 66 70 140 163 215 242 261 275 294 318 362 381 400 401
5 21 157 180 201 206 216 255 273 347 393 404 419 433 453 464
1 31 98 181 201 206 212 214 221 275 292 304 330 372 437 490
8 61 85 110 138 168 246 272 273 321 350 390 418 427 435 468
133 158 167 169 188 209 244 271 274 293 296 313 328 333 440 441
6 22 54 75 108 155 156 169 233 321 349 375 384 461 463 492
0 49 71 119 123 187 189 205 209 228 319 367 405 414 449 457
93 115 118 176 179 184 218 232 233 247 353 358 392 433 435 444
38 42 56 139 190 226 252 267 311 355 360 419 434 438 461 492
24 95 110 166 190 232 240 252 356 360 378 392 416 437 472 490
0 10 11 125 218 240 251 263 266 325 326 340 387 400 412 471
6 20 37 42 49 65 67 79 121 150 214 295 366 387 403 482
10 32 38 39 51 74 126 145 206 260 284 322 344 368 369 484
87 93 103 152 159 225 234 271 301 310 417 428 445 448 460 497
18 36 88 90 123 124 167 220 245 308 315 340 354 358 416 442
6 22 44 46 193 272 274 283 317 320 339 348 351 401 412 499
39 43 51 70 199 206 219 241 243 245 283 297 301 320 492 495
10 19 57 82 108 118 123 161 236 317 336 343 371 383 392 415
20 64 69 70 90 101 117 142 162 207 274 283 329 338 376 383
3 13 20 40 62 63 107 178 288 302 331 347 368 418 437 440
15 19 41 58 59 122 289 311 328 353 367 408 419 425 471 486
31 103 109 156 190 235 244 249 305 310 345 360 416 434 457 479
55 145 153 155 159 167 185 207 267 304 313 318 458 468 469 481
50 98 130 136 142 154 165 174 201 205 209 220 248 418 421 427
10 46 91 107 119 126 203 248 300 348 359 367 404 405 423 475
4 12 61 165 169 217 234 295 313 331 334 345 403 432 478 481
28 63 119 131 174 178 186 243 261 315 330 378 441 448 454 486
42 45 47 48 56 83 126 142 269 317 337 358 367 399 418 477
8 67 69 122 161 231 242 266 275 335 380 393 394 434 476 493
21 46 60 94 103 112 124 154 214 220 302 373 402 411 446 495
3 11 38 81 108 142 216 253 256 282 288 376 393 444 460 482
18 75 99 109 110 118 127 129 242 248 252 356 385 386 401 470
7 24 27 66 121 156 160 231 258 280 367 372 391 407 424 438
21 32 58 90 137 188 192 228 289 303 305 311 360 383 436 488
2 35 58 76 90 174 175 183 184 194 212 294 305 357 417 479
32 83 89 99 167 182 193 239 261 293 299 319 376 435 478 493
7 8 25 111 114 136 139 147 161 224 250 255 299 310 359 437
46 75 87 94 167 218 251 254 264 275 293 301 347 374 388 436
8 43 128 155 161 185 279 289 295 298 316 340 378 406 450 488
18 40 50 106 115 139 167 188 248 293 336 357 360 404 433 450
6 38 97 125 147 152 225 283 286 331 340 369 383 426 466 490
3 77 115 129 131 134 140 156 205 236 261 266 276 352 357 463
22 30 33 43 46 62 92 173 244 247 257 258 313 342 348 375
77 92 183 184 250 274 319 327 363 392 393 406 412 440 460 462
7 15 69 73 105 108 174 181 184 216 222 319 324 403 478 480
57 62 86 104 137 149 171 257 274 308 328 347 364 409 439 443
63 108 192 196 225 234 253 296 309 324 359 396 422 426 458 464
3 14 103 125 157 175 256 297 326 354 358 410 429 441 456 491
6 153 176 196 207 219 233 305 334 348 397 401 410 448 469 472
3 89 117 180 193 251 304 335 353 371 393 404 411 423 446 465
36 64 102 123 142 168 171 205 208 224 328 370 430 434 445 479
21 23 91 138 159 189 238 290 303 316 342 395 442 444 453 482
24 37 57 98 106 123 141 207 217 270 290 294 346 356 379 395
11 12 33 157 167 194 210 221 283 303 315 370 409 426 455 485
119 168 183 224 239 266 309 343 347 367 374 391 409 477 478 490
3 59 68 89 112 140 205 237 240 304 312 337 340 382 422 454
37 38 45 69 76 131 156 176 236 272 370 395 405 420 443 456
6 38 117 151 155 178 190 229 232 296 311 338 391 396 432 447
56 133 143 152 176 192 260 278 311 312 370 372 376 394 420 463
0 73 77 81 93 103 120 200 249 325 354 386 391 396 455 479
11 41 43 62 66 96 223 240 263 275 297 314 344 362 401 438
56 70 95 102 151 165 252 377 381 399 406 431 439 452 469 470
42 50 56 89 119 122 185 192 195 251 277 320 351 426 455 471
20 32 40 61 97 104 114 116 134 149 208 260 280 343 417 434
1 58 79 81 163 168 186 221 257 340 342 346 388 410 419 452
15 18 44 69 82 84 126 130 151 196 277 349 355 421 485 488
110 125 176 179 191 192 264 300 347 377 384 387 421 461 464 470
0 23 85 92 138 160 195 217 223 231 243 256 285 306 439 481
1 55 105 157 262 263 306 317 321 337 345 347 377 420 450 465
34 96 124 157 169 187 190 193 197 212 371 412 416 444 480 494
6 30 66 95 105 109 128 166 218 235 238 241 305 314 338 467 482
24 44 114 116 137 143 204 215 216 250 352 382 401 404 422 462 476
23 41 44 45 64 101 175 192 238 254 284 361 374 444 464 477 484
25 71 94 114 144 199 215 223 295 345 389 396 399 433 448 450 478
16 74 97 121 172 208 265 268 273 288 302 318 326 360 361 418 421
12 49 71 84 216 222 265 269 309 331 407 423 428 432 452 478 487
43 50 60 83 123 175 225 249 290 323 360 374 429 432 465 481 491
64 75 79 126 148 163 200 228 231 236 250 269 313 357 388 438 495
2 17 79 138 186 206 216 236 252 259 302 304 305 360 372 428 458
22 27 47 145 174 184 196 219 238 297 315 339 395 427 433 435 449
40 46 78 95 96 108 118 134 221 272 300 342 347 430 436 479 486
14 42 56 75 86 103 116 119 137 321 343 366 397 407 414 435 477
2 10 23 58 99 150 154 235 236 237 285 291 305 364 437 465 468
102 124 143 151 179 187 274 280 287 333 335 350 394 400 405 474 497
16 40 68 87 178 183 185 188 194 224 227 244 295 311 348 374 421
76 79 112 125 150 153 203 220 254 314 340 347 382 398 433 439 451
0 1 34 126 132 138 141 174 204 217 251 327 339 369 370 403 405
8 45 55 64 92 158 162 191 202 223 229 264 279 280 336 400 454
4 35 89 110 116 153 219 276 282 286 323 329 434 447 450 461 480
73 85 114 163 186 231 241 290 311 353 384 396 405 420 442 455 489
14 42 54 110 114 127 138 149 187 188 203 222 259 347 357 374 440
61 67 86 103 149 201 234 288 289 311 329 370 391 398 439 467 487
17 67 83 171 178 197 200 282 309 345 356 367 376 393 416 432 489
13 30 41 66 141 179 188 220 264 363 367 416 439 441 480 490 494
69 85 87 95 102 137 164 180 216 223 253 277 300 321 429 451 463
26 32 46 67 121 168 209 251 259 284 346 357 397 455 469 493 499
8 62 65 85 163 183 221 235 247 278 279 348 368 378 403 468 469
19 96 135 137 183 189 205 245 256 278 318 324 351 417 418 462 472
8 42 52 53 67 88 105 160 173 187 235 291 329 366 408 452 483
2 5 15 64 85 123 168 169 225 296 302 319 357 364 370 375 382
129 139 153 191 223 226 233 240 253 262 268 290 330 335 340 448 457
0 8 45 46 47 65 100 153 192 193 229 254 270 345 395 436 496
17 33 55 74 95 125 135 193 199 201 313 354 357 376 399 454 476
26 33 38 48 59 134 206 233 234 250 259 297 317 414 438 445 490
23 64 74 108 134 163 251 274 327 395 406 409 415 424 431 439 445
10 17 97 98 103 115 133 222 224 272 309 324 327 355 452 472 480
20 44 56 103 137 139 155 200 222 235 319 372 385 408 458 472 487
0 22 38 104 127 159 170 195 209 212 253 257 289 352 369 441 478
57 92 117 154 260 292 302 303 309 340 362 363 390 433 453 465 472
3 15 32 45 56 102 122 123 156 169 219 238 304 305 392 401 495
52 77 83 120 125 168 192 204 230 259 292 322 344 363 376 448 463
2 65 88 124 127 131 140 160 186 253 267 301 313 318 361 455 488
60 79 84 92 153 265 297 319 347 413 415 418 437 443 448 457 475
97 105 114 120 212 237 293 339 355 366 377 381 392 394 452 464 495
15 52 90 137 162 176 264 289 302 318 337 342 351 408 411 454 478
19 24 32 47 90 114 155 211 219 267 288 310 321 355 437 460 488
14 53 105 143 252 253 258 265 295 339 349 364 386 410 440 446 471
58 89 118 149 165 238 241 267 284 315 353 370 376 400 422 428 479
19 45 54 57 60 75 82 87 100 108 165 186 204 280 331 379 428
43 89 115 136 141 199 267 274 282 322 339 381 402 441 454 485 492
63 72 98 147 181 198 220 265 283 290 314 358 378 398 408 429 449
37 47 69 92 107 193 242 254 286 328 353 355 395 410 425 461 475
17 29 41 78 88 201 204 205 208 215 251 328 342 376 433 462 467
31 88 93 109 144 209 246 253 291 345 366 373 383 422 431 467 499
12 13 63 76 124 174 186 192 253 276 301 317 334 371 394 404 418
48 160 165 189 193 201 214 224 263 279 284 305 415 431 471 478 479
7 64 67 79 83 94 99 118 125 133 230 347 348 376 397 462 498
8 14 80 95 149 194 227 245 346 368 404 412 438 448 475 476 485
41 57 66 91 176 181 188 195 284 289 346 369 401 441 481 483 494
2 8 26 72 82 96 111 113 132 175 179 247 257 286 327 426 477
3 15 27 52 63 72 86 176 218 226 257 264 295 355 410 419 481
68 100 113 124 125 137 138 173 195 201 213 219 289 300 330 433 465
13 31 41 49 59 101 108 170 175 186 197 248 309 326 386 408 470
10 38 57 64 74 208 241 319 400 421 422 423 440 466 467 477 492
75 116 142 152 186 197 277 343 351 362 382 383 388 395 412 485 494
8 96 140 175 215 219 239 240 243 303 315 346 362 414 416 417 478
59 72 114 132 141 149 174 177 211 250 288 307 328 395 398 404 437
15 66 101 123 134 154 181 188 192 197 200 206 290 300 336 364 418
7 11 39 42 54 57 74 120 154 189 207 229 247 291 415 478 486
14 40 85 87 126 138 175 195 235 268 296 324 336 364 432 448 461
31 84 98 122 199 207 303 372 391 439 442 463 467 472 475 480 497
13 76 174 180 181 183 223 230 272 288 306 357 370 400 459 462 463
13 33 62 64 201 203 274 279 286 383 386 395 403 430 439 456 473
66 93 171 174 192 193 197 214 224 252 271 273 279 285 353 397 462
39 49 86 97 140 166 179 248 355 358 361 371 414 449 453 469 490
14 22 78 93 137 140 242 287 317 334 345 376 426 460 473 480 481
9 56 71 119 173 189 200 202 232 243 253 274 381 447 469 491 494
81 132 163 175 188 219 249 265 268 274 281 282 308 314 403 421 497
24 49 71 102 131 159 167 210 251 268 304 319 331 334 415 431 440
44 116 148 160 163 183 201 221 245 261 301 318 330 362 366 492 497
13 127 140 154 171 285 294 306 368 378 424 463 471 472 473 477 493
50 112 156 199 216 236 246 248 289 295 308 317 323 336 343 413 439
12 89 110 118 160 223 226 234 338 369 377 378 396 401 415 462 466
103 148 191 283 311 376 379 421 422 441 450 461 470 475 479 481 485
48 68 98 113 162 174 191 225 226 240 247 262 274 341 407 410 423
13 40 43 44 50 66 96 131 165 170 173 178 218 302 391 397 457
3 98 113 121 138 155 187 199 227 257 297 350 366 389 395 422 458
48 50 63 88 102 136 176 192 195 278 292 323 371 375 392 427 467
10 24 46 80 146 149 153 182 215 218 227 253 257 295 320 343 440
1 62 99 100 137 161 165 183 213 250 331 346 352 385 396 430 478
13 117 212 246 265 277 280 298 313 350 413 427 469 481 484 494 499
0 53 69 125 185 204 274 281 295 326 358 365 370 380 409 415 495
4 8 37 187 218 225 234 257 266 285 300 312 318 331 383 404 481
14 20 55 58 87 91 94 148 155 181 184 225 269 278 296 361 371
112 114 122 157 170 175 238 252 267 293 296 313 318 355 412 423 435
21 46 107 168 219 247 254 268 313 315 322 331 377 378 397 404 441
2 3 19 23 45 163 168 174 199 207 226 307 356 373 404 419 469
5 58 59 82 98 123 128 152 185 202 294 363 365 384 454 458 477
16 25 89 110 123 124 257 273 284 286 288 303 387 399 426 436 458
10 18 30 44 82 85 155 201 250 314 315 323 343 354 450 476 483
76 147 171 193 197 208 209 218 236 262 295 313 328 334 347 421 473 497
44 68 70 76 121 140 157 162 188 222 272 277 319 324 358 398 435 471
11 31 58 85 86 167 169 173 200 206 315 373 408 452 454 459 460 494
23 24 60 73 84 156 195 208 234 254 255 282 310 314 321 413 427 428
20 22 42 57 132 148 242 330 344 367 391 393 397 414 473 489 494 499
16 26 27 57 63 94 114 154 164 182 226 284 296 304 308 357 415 417
1 18 43 113 136 138 282 336 358 362 370 378 386 392 454 456 466 468
0 34 71 82 93 140 158 189 197 213 243 266 278 348 355 382 460 486
101 120 123 173 212 217 229 232 273 321 371 390 418 423 470 473 474 484
0 5 14 38 112 164 228 243 247 273 289 303 308 313 376 416 430 459
1 3 25 78 93 114 115 138 150 176 194 230 306 328 364 369 387 430
16 41 74 94 143 155 175 183 230 257 279 308 320 328 358 385 392 433
11 40 75 85 94 99 152 156 221 227 261 262 273 357 403 461 478 495
27 52 58 60 104 113 123 127 186 193 199 209 236 241 255 298 352 489
1 17 38 42 49 73 85 104 127 136 142 166 253 270 308 320 371 407
79 99 209 222 271 301 306 312 314 322 366 391 399 406 410 432 449 499
2 51 130 143 185 230 242 277 321 323 353 359 363 373 378 425 455 469
46 85 208 212 219 240 254 286 292 301 319 342 360 403 423 460 474 498
3 143 224 228 270 285 293 296 314 327 370 405 423 456 460 481 482 498
55 86 107 184 239 252 259 278 339 340 350 360 364 428 435 469 487 498
34 77 79 81 91 130 133 135 157 159 169 174 194 232 281 376 412 457
22 51 60 76 83 90 151 185 245 288 297 299 390 417 418 438 447 454
5 9 87 113 158 178 183 268 277 289 297 302 305 309 355 401 403 483
50 71 80 84 138 141 149 155 215 295 310 311 360 364 397 405 406 498
11 20 25 33 70 135 150 151 164 177 210 223 236 320 331 380 422 455
20 32 44 49 70 100 139 169 202 216 220 224 266 298 361 414 416 493
8 25 59 95 122 128 155 163 175 176 201 224 235 303 349 441 472 474
107 110 121 205 224 249 251 267 300 323 358 379 380 383 407 452 484 485
5 46 58 59 110 169 214 226 275 361 368 407 424 429 446 457 497 498
23 56 92 101 114 122 128 135 143 178 181 349 364 368 388 416 461 476
4 9 68 92 161 212 223 234 254 256 309 322 365 377 380 381 402 458
10 76 92 98 115 145 193 194 195 230 279 298 340 406 423 427 457 467
23 53 95 118 144 176 205 235 247 256 276 365 421 422 434 458 459 489
71 73 82 92 135 153 160 165 201 242 245 263 307 350 376 379 440 448
21 41 59 88 95 133 144 201 259 286 288 320 403 431 434 438 465 488
7 22 54 85 99 108 122 152 182 214 270 314 316 363 388 424 446 453
11 44 71 94 106 187 226 245 262 310 342 363 381 405 415 422 444 487
32 56 111 166 187 218 253 255 269 275 290 293 336 351 356 358 396 428
7 20 41 46 76 95 105 123 148 196 237 244 301 309 332 362 377 444
11 13 89 143 193 199 216 281 291 321 352 409 428 431 440 462 470 488
31 33 96 97 198 219 229 241 243 297 324 347 368 402 412 486 487 498
1 19 44 70 71 83 111 168 209 231 245 260 276 290 293 395 458 469
16 52 55 65 128 131 134 188 260 288 301 352 362 392 395 438 493 497
28 34 59 65 95 126 151 183 229 259 286 306 307 321 351 354 407 453
6 12 30 35 96 101 134 136 187 194 240 308 324 325 329 399 437 454
35 55 141 147 170 181 191 202 232 294 308 321 327 332 351 412 426 491
80 126 152 161 166 169 177 190 208 256 308 314 337 353 372 384 401 411
48 115 125 179 231 249 272 288 301 315 345 350 365 372 400 403 436 441
7 10 42 97 135 159 165 209 230 235 257 260 264 297 340 432 457 476
11 24 60 97 108 142 179 183 226 239 272 278 347 416 418 448 463 479
46 48 51 63 89 90 97 123 133 138 156 257 317 332 359 410 428 477
17 139 143 150 182 202 240 261 290 312 365 379 389 448 454 482 485 499
40 51 74 175 183 204 238 242 252 256 278 345 355 403 416 442 459 493
28 30 48 66 73 78 84 94 95 147 154 172 215 344 378 442 456 467
38 39 54 55 100 102 115 157 165 166 169 259 269 271 294 375 380 391
2 68 97 124 171 191 207 222 244 246 270 284 295 309 390 394 406 437
3 20 68 77 81 106 162 189 284 316 340 371 374 382 409 416 461 477
6 39 73 98 169 173 181 183 194 211 234 235 261 271 274 380 389 431
4 119 160 184 190 210 243 282 293 308 320 351 381 386 399 422 427 498
142 152 171 176 187 234 237 346 348 376 404 415 421 425 432 467 487 498
14 85 100 119 142 150 157 158 166 183 207 255 306 333 361 441 461 470
19 20 66 81 91 109 180 188 195 198 278 392 404 413 428 455 458 481
16 25 31 89 95 122 137 144 151 211 239 304 327 394 395 414 427 458
0 9 48 50 77 90 125 137 163 200 267 273 296 305 373 452 467 499
11 44 95 109 189 190 219 220 245 250 268 269 328 354 388 415 475 492
3 15 29 92 107 142 161 179 198 206 232 289 291 298 299 369 385 497
18 104 187 199 208 240 307 321 334 344 347 353 372 374 387 440 454 488
57 109 140 142 188 220 238 250 263 383 393 417 435 474 485 486 488 490
50 122 150 179 208 232 245 329 334 343 344 417 419 420 421 424 429 496
1 31 43 91 98 106 130 135 184 196 246 253 308 322 359 460 488 498
4 30 35 44 122 152 189 195 226 232 294 302 316 329 345 401 412 432
10 15 26 37 96 172 253 277 337 357 361 364 369 370 396 407 439 486
10 25 33 54 64 83 89 127 266 305 313 331 336 340 448 450 472 480
18 87 115 126 134 136 165 168 218 236 251 332 341 377 396 437 464 489
10 37 42 44 46 48 55 80 153 165 174 186 200 235 272 389 439 494
34 51 90 153 183 184 188 197 238 328 359 363 402 427 441 473 488 496
81 87 97 133 176 183 208 213 263 282 349 364 371 372 398 407 416 484
17 67 89 126 135 166 177 182 218 287 298 330 354 372 397 428 456 469
5 18 63 75 151 161 234 268 323 327 333 336 385 429 457 462 485 498
1 28 47 65 81 105 173 185 209 258 276 317 356 388 401 411 420 473
10 20 35 49 109 133 143 173 176 184 206 246 247 288 316 328 382 415 472
1 14 98 161 180 182 202 243 245 248 261 265 266 287 426 440 465 478 497
74 94 95 100 127 153 202 216 219 232 263 283 306 309 311 334 403 449 465
5 44 65 112 138 160 221 273 303 316 328 332 341 343 407 416 453 469 478
8 21 25 31 39 65 72 89 159 245 276 401 404 422 424 431 462 480 481
2 32 40 44 89 100 124 147 195 196 258 294 332 348 384 398 414 458 471
12 32 52 90 134 151 160 171 208 269 274 276 288 299 307 355 357 417 471
1 43 74 150 154 161 167 191 195 233 300 316 325 329 337 343 365 467 481
8 12 33 41 157 206 233 253 272 291 301 306 348 361 365 391 445 476 488
28 106 115 142 166 239 243 249 284 306 311 364 389 408 415 428 453 485 495
20 51 75 108 172 202 208 216 237 281 345 349 363 381 427 441 444 457 464
30 60 84 115 168 171 205 231 240 250 255 275 320 372 395 415 441 443 485
1 21 32 55 76 84 100 130 157 175 188 194 269 317 377 380 441 478 498
8 30 117 127 136 171 186 188 249 259 265 341 360 379 382 395 430 451 497
13 98 107 130 131 133 149 204 254 273 279 303 321 330 348 358 377 438 461
36 77 100 133 150 171 191 195 204 248 295 338 355 391 423 442 444 471 483
5 31 32 196 205 224 254 268 303 315 360 367 383 390 395 400 436 457 473
8 42 141 184 212 222 236 249 299 305 312 315 341 388 399 438 447 478 493
14 18 46 66 69 93 130 241 301 318 338 353 377 387 389 405 423 424 442
13 76 129 130 178 193 224 233 242 276 278 281 305 323 324 351 360 424 450
2 20 32 50 74 143 242 264 286 337 372 386 392 394 400 411 413 424 453
2 28 37 104 129 146 152 196 207 216 220 227 251 273 329 372 417 492 498
4 16 59 78 105 109 113 141 166 207 248 288 299 300 369 380 421 434 435
27 47 70 111 137 193 241 244 253 267 283 305 311 329 371 378 415 434 474
10 58 77 84 98 107 125 140 162 164 256 308 330 351 356 427 456 457 460
50 75 112 131 166 169 180 182 191 206 245 254 264 312 324 325 406 416 445
0 19 24 46 70 99 128 141 148 149 218 248 272 302 331 358 381 436 471
24 48 82 90 116 141 144 179 214 223 245 267 299 310 337 341 370 387 434
6 10 33 39 45 48 96 98 118 269 274 278 327 346 380 421 432 436 482
20 24 60 65 67 94 134 186 230 251 289 306 346 361 414 434 438 465 466
52 69 98 122 142 197 206 215 266 268 288 305 312 406 431 440 450 460 466
10 18 46 98 99 151 158 192 271 292 306 325 342 356 386 390 415 420 457
3 14 32 60 67 81 90 92 114 130 141 162 283 284 316 325 332 375 390
7 30 90 113 145 156 164 190 207 275 283 285 296 310 322 390 408 412 496
9 12 14 59 76 78 99 108 129 194 248 261 308 312 365 408 453 474 487
2 45 64 81 107 190 230 237 239 292 343 378 428 444 448 452 466 470 478
23 31 33 37 39 47 69 96 172 186 197 212 247 250 253 263 276 419 473
25 53 136 168 175 197 207 213 232 253 335 347 362 363 374 383 390 401 405
3 5 44 74 128 141 152 167 171 202 264 338 345 370 374 394 424 429 463
9 39 45 66 100 123 131 171 277 283 293 348 365 386 421 432 444 472 493
13 95 96 141 156 159 162 163 194 197 207 224 231 245 246 252 301 355 408
4 9 47 48 67 85 96 118 126 169 200 221 270 287 295 329 431 444 491
1 27 48 84 88 112 151 209 216 228 264 267 291 384 410 441 463 487 496
12 49 52 80 92 174 175 177 218 219 234 254 290 297 326 348 380 452 497
46 56 137 158 160 183 186 191 198 260 295 324 325 397 424 429 446 471 497
3 11 39 82 103 137 140 157 160 177 185 223 266 270 323 425 465 479 484
8 30 151 197 289 301 304 316 337 341 371 392 416 420 434 437 442 454 472
21 32 39 48 99 103 106 109 140 144 163 167 183 197 207 370 428 492 497
9 37 79 82 90 106 134 166 168 204 261 342 352 366 370 376 401 444 448
22 77 86 102 113 167 212 231 234 247 269 279 282 313 360 369 406 446 452
24 26 38 39 104 168 170 172 205 259 294 300 317 320 328 334 342 386 438
11 28 29 36 95 113 127 133 196 286 294 320 336 351 354 358 397 456 467
2 33 128 185 188 191 210 239 286 306 311 317 329 338 342 353 418 434 492
7 9 11 35 60 116 131 132 153 165 176 246 304 375 394 398 415 434 449
4 18 35 56 102 106 138 219 262 273 283 284 301 388 391 430 452 455 489
1 24 30 33 53 55 92 93 97 120 123 223 312 362 377 436 466 472 477
30 33 50 75 89 125 184 207 212 221 234 255 288 338 353 368 394 477 490
12 13 29 40 55 92 93 204 300 331 349 406 414 415 423 459 468 471 494
11 60 74 76 84 132 136 143 145 149 213 228 236 242 283 294 401 430 466
34 61 72 75 113 114 127 153 183 184 191 204 294 337 374 378 379 380 444
48 134 140 180 225 230 233 247 281 289 342 372 381 452 467 469 471 482 487
14 66 101 137 142 144 174 180 186 187 193 195 222 253 304 341 378 422 435
8 62 118 145 175 189 200 226 242 250 253 275 281 303 330 342 411 485 490
51 75 77 122 252 295 297 305 306 320 338 340 349 359 360 362 432 433 455
16 64 69 98 162 164 171 175 231 251 262 279 291 345 387 442 443 455 456
24 68 97 114 116 120 137 164 165 212 250 266 277 278 286 326 439 443 489
18 82 140 172 173 188 212 233 312 342 378 401 403 407 460 463 465 475 484
67 95 100 102 176 227 231 262 299 312 322 345 374 387 396 401 417 457 495
56 61 79 144 213 216 223 224 260 265 282 294 305 344 361 382 386 417 450
0 107 108 114 119 127 136 143 173 189 219 275 300 302 307 322 324 411 474
0 22 53 89 182 189 212 264 289 294 298 343 360 372 409 418 424 439 493
48 63 78 82 146 156 170 174 210 240 258 273 277 332 359 382 406 459 499
0 45 57 69 72 114 115 119 120 197 219 229 242 248 275 294 347 390 401
71 84 116 125 165 222 228 262 311 323 329 348 352 356 367 377 414 440 471
13 27 49 75 79 82 106 115 117 119 123 158 162 278 334 360 406 413 490
23 25 92 96 155 192 224 236 267 290 293 299 340 345 401 416 441 484 489
14 64 125 132 176 184 186 251 278 299 307 308 351 375 435 442 448 449 498
2 6 23 34 37 40 48 135 146 156 178 246 277 296 323 372 378 425 452
20 27 44 52 72 109 205 244 251 253 270 283 292 301 313 319 339 371 479
1 51 68 75 81 134 136 139 157 161 176 196 254 341 437 446 451 469 495
18 34 74 90 104 133 175 198 204 217 219 261 277 304 323 350 366 379 415 429
39 45 57 68 145 152 175 238 239 258 268 296 299 305 322 333 358 371 399 485
14 48 55 86 118 146 179 200 203 227 255 271 286 296 302 388 444 445 480 492
23 26 40 74 135 139 141 149 221 252 258 272 327 332 345 353 363 392 394 451
32 39 107 116 146 156 185 229 241 254 281 289 362 365 375 385 433 447 449 484
50 62 86 118 165 177 201 214 245 281 289 304 321 323 335 369 400 435 447 491
38 42 69 83 103 122 173 232 258 264 271 293 316 318 336 379 383 411 429 452
1 4 59 78 85 120 134 138 147 181 193 197 221 355 414 427 431 448 461 491
30 93 140 142 165 186 204 212 260 278 294 296 297 302 325 354 358 401 429 469
7 86 90 118 160 188 192 205 212 221 281 308 319 324 342 400 433 435 442 492
4 27 32 36 43 50 53 84 93 98 197 238 256 263 282 305 326 364 369 465
49 64 71 87 105 151 168 215 227 232 294 295 333 373 390 411 436 449 457 497
39 73 86 93 120 136 148 166 168 181 218 226 299 313 347 372 381 407 413 426
66 83 105 115 136 179 191 200 219 245 277 299 360 368 424 429 433 434 482 491
14 121 139 151 171 212 221 222 274 280 299 354 366 406 410 442 445 460 483 496
34 40 43 46 92 100 131 134 162 173 178 210 222 235 248 323 375 379 405 481
13 25 46 47 63 84 111 128 150 155 159 166 199 247 267 323 393 415 443 465
123 124 146 152 169 175 180 196 201 223 224 280 351 352 363 380 399 412 418 442
1 11 47 170 174 192 233 275 278 286 328 339 348 377 429 434 436 441 445 484
1 41 50 58 149 179 238 269 276 295 382 421 430 435 457 462 475 477 488 490
47 53 59 87 91 114 119 142 189 200 223 289 294 381 423 458 472 481 489 491
1 12 34 40 73 146 156 159 185 197 223 226 228 256 282 302 312 386 396 422
43 72 81 110 167 190 203 207 246 256 265 268 270 276 288 349 373 391 411 450
17 45 67 124 125 162 166 219 244 246 255 282 296 346 404 435 468 483 490 498
44 47 127 129 136 140 253 258 261 270 275 338 353 362 365 414 426 488 490 492
67 69 73 86 103 119 129 153 162 164 188 193 253 254 276 299 406 413 448 499
13 47 87 100 106 110 164 187 196 203 215 229 239 324 370 391 411 413 431 445
10 13 36 41 45 88 124 128 150 209 210 219 259 302 340 344 399 432 455 498
17 31 33 88 126 153 164 203 238 278 289 294 321 362 374 384 432 447 468 488
22 29 30 99 116 138 149 201 215 320 334 355 377 380 418 425 433 455 467 472
7 28 118 141 143 146 161 163 183 187 229 240 271 302 315 340 368 438 458 484
59 132 134 137 140 185 193 241 252 308 316 317 340 345 346 404 413 451 481 490
19 24 27 75 83 96 193 200 224 261 266 273 277 283 287 332 365 385 472 492
4 12 17 85 134 166 193 216 255 288 312 326 338 356 361 362 396 442 451 481
27 33 45 84 112 163 185 231 253 258 298 323 337 357 375 379 392 396 425 469
1 29 44 84 85 225 252 282 301 326 332 334 338 356 376 381 391 418 444 495
33 55 100 110 117 119 175 180 242 243 284 295 319 345 378 428 429 434 440 494
17 19 37 62 64 108 157 184 185 228 229 279 280 305 364 366 395 440 441 493
36 51 109 121 127 144 165 172 173 183 193 238 283 323 354 377 388 428 443 455
4 22 36 80 117 230 246 247 263 267 271 308 350 391 396 425 435 465 487 490
73 104 142 151 184 193 199 214 227 258 273 318 340 349 356 364 368 429 484 485
23 41 63 71 92 113 141 178 213 214 233 238 263 280 331 335 353 387 410 459
6 26 71 112 120 173 181 194 217 236 274 289 312 329 333 346 347 422 425 436
4 87 96 118 128 133 173 197 202 217 225 228 258 298 336 371 380 442 467 488
7 17 58 129 153 160 228 236 237 305 323 335 339 359 408 411 415 418 446 449
13 15 95 125 131 181 220 224 243 254 292 299 324 340 390 399 438 449 486 491
1 12 74 86 95 99 105 133 215 226 290 293 312 318 363 370 401 417 426 438
32 87 185 200 230 327 336 354 366 375 385 388 391 415 447 476 478 481 482 497
1 34 65 96 154 165 214 218 241 262 268 300 304 310 356 360 389 390 391 443
9 89 135 143 147 165 169 174 208 240 246 301 304 330 335 362 378 414 457 476
9 87 92 129 175 180 204 206 263 268 309 342 365 398 434 463 473 474 496 498
25 57 105 127 175 194 201 203 210 229 256 267 273 341 346 362 412 449 462 483
2 30 58 132 137 146 162 174 198 203 211 219 254 316 373 383 398 435 439 469
17 37 71 88 129 147 151 240 242 290 302 322 339 350 373 412 416 436 465 489
9 18 23 39 94 128 164 177 178 195 216 220 270 308 332 427 432 465 479 481
23 45 125 149 154 158 198 201 220 227 235 304 339 374 382 388 398 424 438 457
7 17 18 36 46 83 122 140 142 166 182 234 245 249 272 277 330 372 379 475
11 40 41 110 130 133 150 188 212 248 267 308 327 336 424 446 472 479 491 492
21 25 47 54 82 85 112 135 168 177 188 247 257 284 315 347 357 373 466 493
28 40 45 58 168 230 245 275 298 305 308 309 324 373 375 408 414 421 425 435
5 18 36 74 114 144 152 174 175 177 202 206 248 257 356 360 400 481 485 490
25 31 36 82 83 97 110 117 140 155 191 262 264 292 310 356 397 410 411 436
35 40 60 77 110 111 167 179 189 190 247 261 273 282 313 414 435 439 470 482
12 23 36 58 106 196 203 209 226 251 264 293 308 342 419 430 433 452 460 494
7 23 27 48 75 87 135 158 169 180 202 214 222 255 292 351 386 398 427 474
25 61 73 133 134 192 234 236 240 244 257 271 309 376 377 379 408 423 473 479
44 57 85 130 135 153 205 252 274 278 299 303 327 328 348 382 435 438 478 484
8 10 11 30 33 56 72 73 74 91 100 110 142 172 207 245 310 329 376 410
0 63 70 94 112 280 287 294 298 310 314 318 346 347 351 402 416 435 471 473
42 66 75 89 94 102 132 138 146 155 165 190 194 346 353 359 384 393 414 480
24 28 33 40 84 98 100 185 186 226 327 345 351 366 367 412 421 473 486 494
34 38 43 62 74 111 134 149 174 237 250 297 319 335 342 368 385 387 452 488
8 41 56 67 112 149 153 169 183 210 256 259 268 294 299 391 415 445 468 496
26 52 54 63 107 143 165 188 203 211 283 292 298 326 363 403 410 413 435 465
11 17 69 110 129 153 186 213 278 281 288 309 342 409 415 422 424 431 451 471
45 54 67 75 91 96 115 176 213 218 242 270 294 309 322 325 363 364 424 471
2 9 39 76 91 95 103 119 121 144 198 227 242 284 388 407 409 413 445 457
57 67 184 208 231 260 281 300 301 312 329 334 343 355 373 376 377 414 495 499
7 8 17 41 79 89 90 92 95 118 142 271 333 415 429 443 454 469 476 491
1 18 66 103 202 210 237 262 274 297 306 337 361 365 400 407 417 420 478 479
