166 237
188 264
491 492
401 494
204 226
26 113
218 286
10 71
373 421
227 297
421 435
67 133
184 312
28 49
197 250
183 309
348 358
394 495
250 328
82 135
239 322
179 261
170 212
56 153
246 287
465 495
403 424
268 310
460 477
5 83
341 448
426 472
181 261
41 121
70 86
244 295
227 266
26 165
369 409
339 401
243 294
276 299
460 483
359 497
11 13
100 136
28 104
482 493
66 155
356 399
397 418
424 495
434 442
84 112
77 134
222 240
189 190
81 112
376 395
86 151
231 323
0 154
169 292
376 461
23 128
336 399
90 148
172 213
430 465
284 321
339 393
428 430
13 64
362 468
332 482
188 253
286 307
175 274
209 261
258 305
205 321
141 143
271 298
144 165
341 370
179 256
36 159
415 494
256 302
215 296
5 107
402 490
226 249
192 278
350 410
344 488
464 488
332 410
223 226
414 497
385 489
30 39
336 345
221 323
363 392
231 242
56 59
111 161
355 445
168 215
283 288
109 118
216 231
183 239
87 99
14 147
373 422
37 139
348 378
256 296
403 445
1 160
193 286
398 444
256 302
36 51
285 306
24 136
238 290
301 306
354 483
264 273
413 471
228 275
219 248
102 116
24 120
27 131
32 44
2 22
281 323
50 150
339 433
117 144
344 441
366 376
459 470
186 311
427 445
80 97
333 419
3 64
167 184
138 150
239 294
171 328
396 435
21 54
99 109
81 133
382 455
332 458
337 355
341 432
218 323
278 328
365 461
377 431
282 305
187 253
207 310
11 92
205 217
226 281
232 250
228 296
248 317
390 426
171 259
203 327
194 256
368 468
73 153
392 463
412 477
193 308
181 291
31 155
451 490
205 275
54 94
216 308
7 114
399 495
411 478
274 305
181 208
191 310
385 412
40 139
118 137
296 309
301 312
48 142
300 328
64 104
354 451
51 110
408 463
350 408
220 300
342 431
336 454
463 490
376 441
193 291
378 469
121 133
367 389
264 304
332 411
308 329
218 225
45 60
24 112
89 126
9 23
167 248
180 331
175 261
339 467
38 140
195 231
175 196
69 130
24 148
188 222
206 326
234 287
73 108
6 24
40 57
232 288
231 245
169 329
195 238
219 248
381 432
183 242
411 460
435 492
347 349
177 225
467 468
361 373
208 328
60 94
373 453
1 157
36 115
226 268
362 468
338 415
172 234
377 422
32 43
393 408
348 441
335 385
187 251
301 304
355 494
441 489
347 484
368 486
72 92
454 482
145 155
52 131
173 309
60 61
198 278
285 300
378 454
193 255
207 315
350 382
52 122
277 301
52 87
29 71
16 157
488 491
388 411
394 434
11 149
180 221
303 309
290 328
9 117
211 250 280
181 193 309
118 138 189
64 85 99
355 417 442
81 260 325
170 280 285
338 362 387
242 373 391
313 381 421
8 93 122
159 163 339
18 217 317
347 412 437
32 75 449
100 199 239
418 461 487
338 367 395
10 124 232
25 155 395
50 82 352
91 183 193
79 372 385
206 403 452
117 151 387
196 281 376
0 113 413
43 93 125
11 96 165
45 122 487
6 55 69
89 353 454
121 135 322
222 230 331
28 103 184
49 54 371
57 129 336
10 158 317
35 352 390
185 294 326
34 114 145
208 363 369
78 91 134
15 52 428
214 254 283
12 287 289
134 274 284
22 48 385
61 98 325
141 201 231
57 83 298
23 74 110
84 239 259
269 317 487
58 78 459
213 278 281
291 400 495
29 123 267
16 123 483
16 30 56
275 367 425
33 128 485
193 307 431
10 26 289
194 209 453
128 198 216
193 220 275
32 160 481
125 283 317
110 166 195
229 240 271
197 232 240
245 283 308
198 328 329
147 422 450
92 150 323
212 221 274
140 158 227
184 245 293
300 327 374
198 289 291
171 247 267
2 13 124
369 410 474
176 263 460
173 301 302
197 255 266
282 286 393
166 172 176
195 378 400
9 73 218
306 398 411
157 232 238
20 80 221
9 33 71
349 361 442
56 118 338
184 292 374
169 250 324
116 193 319
27 337 487
10 39 113
52 153 237
210 229 436
57 280 323
6 239 246
182 253 296
408 421 495
77 87 134
11 73 239
356 384 439
212 289 327
26 251 310
328 383 459
181 207 368
143 202 211
189 219 452
3 484 491
20 184 281
266 362 432
29 60 237
54 93 369
236 264 492
182 463 475
95 108 221
216 377 400
72 427 498
15 105 387
18 29 97
338 392 450
35 120 331
102 200 284
194 202 378
30 76 157
188 287 325
19 88 106
361 379 492
220 282 349
256 413 489
31 107 395
236 276 411
176 237 400
340 414 479
17 138 349
82 371 436
93 388 415
273 406 453
11 89 487
290 422 477
63 194 297
64 103 428
215 356 399
175 176 449
127 164 205
167 217 330
445 470 483
122 140 249
87 105 293
31 348 393
197 207 307
181 182 307
248 287 301
75 381 422
71 332 455
174 210 326
268 379 476
111 276 282
46 94 164
312 351 364
38 76 171
22 32 487
335 359 386
185 261 275
334 370 431
46 65 85
19 30 41
140 187 193
292 293 294
59 133 318
30 93 374
83 145 315
29 112 443
20 41 122
86 157 256
383 452 492
142 396 450
37 126 150
225 233 247
47 163 200
386 453 459
319 356 364
54 59 282
78 105 278
197 358 422
146 154 316
20 153 388
184 427 488
61 110 122
29 90 130
56 99 116
291 450 492
121 270 290
293 447 495
236 241 400
212 226 296
193 195 465
244 318 447
197 198 353
353 425 471
79 91 336
420 470 481
16 66 91
121 158 414
267 356 404
18 152 363
66 161 407
199 299 331
175 181 188
168 278 279
83 170 237
265 291 298
8 105 375
83 335 363
44 100 402
53 78 435
177 429 464
377 418 470
240 251 320
186 312 331
218 273 409
165 167 200
43 131 197
0 11 130
12 136 413
25 142 152
154 492 498
415 416 445
35 172 298
382 456 457
32 73 236
163 251 271
67 116 357
47 54 471
180 369 488
421 422 458
1 67 158
196 247 495
370 378 487
11 36 348
104 136 140
87 133 217
64 106 379
35 113 442
60 182 299
41 55 90
42 338 350
280 328 417
431 451 477
5 44 70
61 335 409
16 59 89
71 109 299
92 263 268
0 81 291
10 110 376
132 140 171
6 119 477
251 254 293
78 92 453
409 421 425
199 238 366
72 354 411
414 424 459
38 227 237
362 407 499
379 410 450
357 358 402
269 293 421
44 95 450
264 395 497
53 120 251
271 286 447
253 275 304
15 119 260
269 378 457
179 247 248
27 95 372
183 250 283
85 223 314
198 201 231
73 84 320
338 401 473
174 246 414
43 82 152
102 155 498
189 199 253
367 409 457
201 231 260
147 442 494
282 309 345
177 216 302 380
40 94 351 410
72 344 383 444
17 93 316 377
26 35 118 140
269 270 295 374
211 213 235 271
51 73 169 211
10 73 422 446
86 195 381 385
10 76 115 457
250 389 402 456
24 57 292 329
62 66 91 395
230 295 379 454
205 253 291 427
225 226 262 423
250 371 384 395
146 332 380 430
175 188 380 478
291 386 402 485
36 42 350 367
41 375 421 450
44 165 178 213
345 374 454 465
341 383 404 491
18 104 185 203
101 371 398 485
202 239 240 247
7 27 278 475
104 249 273 321
231 385 449 457
305 398 423 429
382 417 468 493
139 257 441 450
124 205 278 486
26 201 221 230
113 126 226 277
3 55 468 476
9 35 140 280
8 20 349 449
15 78 322 354
129 424 455 459
191 216 271 411
64 353 384 405
170 205 216 423
211 253 458 474
17 48 71 425
166 206 463 464
35 385 427 461
170 277 455 499
12 13 86 399
13 93 274 379
93 144 209 232
39 59 119 239
13 76 123 214
50 241 372 387
57 180 256 408
37 82 83 323
37 54 218 313
178 193 196 274
131 220 254 488
27 146 148 398
105 375 390 440
180 207 442 468
281 301 307 349
189 314 366 432
74 84 149 413
27 86 120 138
66 328 380 478
17 91 290 425
1 33 78 434
338 368 464 484
37 69 79 455
66 73 140 343
55 174 216 414
21 64 82 413
141 142 170 257
43 97 152 363
42 195 268 296
70 128 309 368
182 351 396 422
191 341 388 493
157 378 417 422
262 272 302 348
26 40 42 112
89 237 314 463
41 61 228 317
20 136 169 243
33 200 384 401
244 311 333 457
217 228 277 399
73 83 359 429
238 275 394 414
3 51 101 277
247 303 360 458
0 9 110 311
184 187 279 350
20 150 177 380
177 234 240 314
91 103 344 411
188 236 412 470
106 244 288 310
182 207 233 307
45 78 365 391
4 266 285 300
16 56 142 265
188 301 325 389
283 320 403 494
193 283 311 474
10 24 149 253
2 150 254 298
62 183 250 434
105 151 420 441
70 197 241 244
38 76 181 296
143 218 332 394
4 11 323 375
29 123 158 429
44 107 294 380
6 86 390 489
10 89 130 369
28 94 100 349
47 167 235 242
53 184 248 496
335 402 426 494
35 63 160 309
14 157 325 350
124 154 360 468
48 71 190 387
75 115 164 281
159 207 269 408
5 122 317 484
24 264 317 487
12 23 36 106
146 155 273 339
9 228 232 314
164 270 347 457
11 109 137 415
103 127 326 372
232 236 255 426
340 360 400 455
12 95 376 419
158 227 245 333
175 227 313 331
85 145 334 420
58 65 173 386
204 233 271 333
306 400 459 463
85 87 138 432
71 290 395 469
46 139 350 439
1 32 55 441
369 372 382 428
291 294 470 476
341 387 451 467
90 289 305 488
191 193 207 394
74 182 361 448
51 183 363 488
77 101 149 328
27 72 100 114
62 77 146 403
84 336 434 464
79 175 181 191
94 306 426 448
244 268 312 375
247 410 424 474
109 218 256 316
74 96 149 302
165 170 197 231
35 50 104 371
0 5 16 186
19 270 427 432
230 434 439 444
165 222 330 360
62 234 258 262
26 152 359 361
17 18 432 465
45 84 207 259
199 265 366 450
197 264 277 307
96 131 390 466
40 246 442 483
17 65 87 409
203 269 326 434
45 245 246 443
40 149 226 227
164 231 394 495
27 57 121 410
88 97 190 198
116 134 151 433
353 358 427 434
1 88 148 324
76 90 163 183
342 343 434 467
201 302 304 352
59 61 152 465
100 381 469 475
99 168 347 432
71 136 189 399 416
199 249 362 481 485
12 86 157 334 400
87 111 414 419 442
15 80 112 145 272
4 13 42 100 191
11 104 171 351 469
175 176 241 338 468
273 287 384 424 436
388 420 426 458 467
30 83 99 200 272
50 66 132 158 160
14 236 276 285 293
16 134 325 346 356
74 227 299 322 417
59 191 226 276 316
154 310 348 375 401
13 104 116 135 262
85 194 244 282 308
80 97 187 225 228
129 173 202 316 352
3 11 110 290 445
8 47 53 109 301
104 105 215 305 322
65 113 181 306 371
52 61 387 413 442
203 224 393 444 462
128 273 345 433 445
79 169 210 213 285
37 161 254 271 403
116 275 327 429 487
26 47 186 224 279
25 49 75 138 477
8 44 47 195 393
4 237 272 286 407
176 249 274 279 372
48 111 122 435 497
12 166 227 331 384
226 230 236 345 473
96 310 411 422 433
115 229 356 392 463
78 85 238 319 460
41 141 266 351 443
152 183 279 309 478
56 354 381 436 474
82 124 136 155 178
8 17 122 228 334
357 385 426 490 495
23 149 340 416 489
30 48 167 219 257
143 155 282 349 430
62 245 281 369 423
219 283 284 301 391
83 93 154 401 489
219 231 267 334 355
97 162 241 248 402
280 291 333 351 450
358 449 452 475 495
255 402 437 454 488
57 68 99 361 432
32 76 84 248 389
40 57 161 294 317
225 303 358 454 486
68 76 228 391 422
17 64 166 219 296
26 69 162 419 437
5 36 87 113 158
16 53 54 205 236
57 126 341 442 444
186 188 265 382 430
12 298 313 335 417
88 131 434 450 460
233 339 343 443 499
122 166 196 233 414
8 330 356 474 487
195 215 251 311 338
89 216 276 291 333
156 182 258 315 414
20 34 57 299 385
116 219 276 299 311
24 36 137 324 335
152 287 356 413 423
90 216 302 429 447
44 143 229 322 399
112 282 297 361 365
57 75 93 203 313
46 62 155 278 307
32 217 284 348 458
169 214 303 313 443
162 173 190 240 328
182 213 301 308 376
189 199 200 301 421
105 121 226 305 464
58 94 223 298 405
3 34 128 233 326
118 142 418 434 495
7 21 34 120 290
155 184 193 263 329
197 332 364 375 486
16 44 153 185 319
20 37 85 388 484
94 113 143 344 483
4 143 254 255 303
107 147 174 176 267
204 208 265 398 470
22 71 369 404 475
46 389 408 491 496
79 139 219 318 421
16 333 339 378 404
170 179 347 386 458
12 68 82 255 488
231 390 410 415 419
15 202 309 371 408
5 103 157 165 446
9 105 270 425 461
138 244 377 389 488
36 99 170 229 272
127 214 231 387 488
114 346 404 410 496
59 172 177 250 322
11 84 250 419 473
24 185 186 412 494
239 249 364 368 430
46 60 167 272 302
1 65 197 264 374
21 142 150 324 381
12 96 281 290 293
97 239 259 360 477
76 159 274 362 495
184 204 228 279 429
18 63 260 428 448
58 59 172 241 279
86 88 90 94 368
31 84 147 249 275
50 164 189 283 471
10 94 142 201 492
42 218 282 285 383
72 168 328 471 495
64 117 357 439 454
12 59 108 274 453
292 371 395 467 494
31 175 225 430 487
57 117 289 395 424
35 91 110 117 267
157 168 201 273 327
0 21 39 366 446
45 104 152 325 389
67 223 426 430 455
143 256 363 374 477
45 251 329 338 369
55 159 331 355 493
212 332 333 382 468
130 209 251 262 480
13 57 267 455 460
19 67 425 455 460
83 141 164 308 496
48 94 151 283 326
18 37 39 138 211
107 349 402 423 486
5 234 307 443 463
305 308 309 375 437
219 308 368 409 452
115 179 190 231 401
206 291 305 337 406
190 227 323 333 409
186 212 297 327 380
196 233 247 325 381
128 214 242 385 450
82 106 201 365 410
18 272 446 460 466
63 70 112 294 346
43 93 136 267 322
116 149 336 455 472
41 60 121 382 441
226 367 389 415 420
30 55 136 309 493
27 85 91 203 434
12 61 123 422 463
112 129 306 351 383
172 203 423 427 456
212 215 241 273 423
8 43 61 102 260
10 189 211 217 490
47 100 127 275 409
19 38 65 141 187
192 303 389 431 488
65 128 339 369 434
51 199 230 284 370
135 352 397 452 492
25 176 349 474 487
43 130 178 185 451
169 237 346 359 476
31 136 190 209 330
94 408 426 476 480
156 390 417 461 481
74 110 126 175 436
186 317 337 350 473
355 356 400 428 488
257 288 312 320 436
16 245 286 350 358
61 76 104 201 217 415
31 32 48 116 310 392
61 226 294 342 421 498
18 78 298 343 406 417
123 166 209 316 340 495
65 89 359 404 424 462
185 264 325 356 422 460
26 68 269 307 353 441
48 212 216 223 328 397
7 82 142 381 428 485
15 109 230 384 399 424
71 231 236 437 464 479
267 293 356 380 467 471
169 357 390 396 428 487
3 53 81 173 276 370
263 265 370 405 433 481
230 322 364 366 462 476
36 66 311 326 338 464
90 98 203 274 310 325
18 111 182 193 330 372
359 372 380 439 457 458
20 79 156 204 261 433
14 245 301 466 498 499
9 54 122 246 290 359
80 183 246 294 336 369
23 64 284 374 442 477
51 88 95 259 320 438
28 31 77 93 108 401
176 184 366 375 405 455
17 23 54 120 123 172
83 87 139 174 178 224
20 68 186 306 347 464
8 65 107 146 219 304
0 38 209 257 411 441
23 63 145 167 275 469
5 17 71 153 303 410
40 48 75 129 423 437
11 33 153 335 397 412
208 289 307 347 387 447
34 114 232 323 332 395
51 94 236 253 418 451
219 262 286 359 449 480
134 219 222 269 270 469
129 139 243 275 281 446
99 340 361 480 484 496
205 225 236 285 427 441
13 18 101 326 460 470
90 294 338 342 393 401
18 181 202 306 361 426
190 195 211 240 245 494
233 346 360 374 393 408
29 74 91 216 336 389
32 33 413 425 467 471
46 293 346 365 474 489
17 53 312 347 375 435
153 204 223 258 379 400
22 238 279 380 418 467
45 67 75 347 374 404
75 90 229 332 341 444
145 211 262 345 346 461
140 219 252 260 284 381
85 136 137 183 188 279
9 177 236 262 297 351
44 143 242 248 264 286
33 39 135 269 346 421
68 87 275 282 312 347
11 137 158 379 449 477
17 127 252 310 367 374
203 290 305 413 444 491
12 16 94 164 415 462
44 45 96 124 330 393
89 174 175 267 291 359
46 86 110 318 360 390
45 220 262 383 391 459
148 163 333 342 367 378
66 262 333 336 359 411
41 356 358 368 453 486
257 333 339 357 408 424
19 220 338 369 409 434
120 342 428 451 472 478
39 86 142 209 289 473
52 115 224 271 443 457
5 69 166 226 295 324
186 257 281 342 375 417
100 182 257 263 386 409
0 58 77 138 263 371
179 225 296 347 445 481
93 147 164 379 455 472
3 38 55 145 289 415
22 151 285 322 332 348
19 124 212 333 385 400
128 135 156 166 381 454
1 252 282 326 332 440
84 98 152 188 247 249
204 216 248 320 326 477
24 141 245 252 260 359
209 242 268 340 342 434
11 179 214 268 293 316
97 230 254 395 419 494
331 340 379 444 448 454
36 95 103 131 174 325
65 181 404 468 483 495
59 108 145 162 367 416
3 56 137 381 391 433
120 193 195 269 277 386
120 199 239 283 285 379
168 243 307 399 403 429
52 92 219 261 278 359
23 59 150 436 450 499
24 90 142 224 341 465
38 90 233 393 451 494
110 206 248 258 322 448
38 159 338 422 426 454
113 377 379 403 471 476
22 60 100 142 434 496
171 188 373 390 394 402
72 153 196 223 416 451
244 269 279 343 403 482
44 289 397 441 468 471
32 218 255 269 288 496
20 333 429 450 467 497
40 292 416 427 435 487
46 64 247 258 308 490
203 268 322 338 403 475
25 71 114 345 389 396
18 308 349 370 426 437
200 231 261 318 331 403
2 83 302 344 443 466
98 128 156 159 179 412
161 240 371 377 400 420
105 127 148 206 361 496
224 349 374 380 425 461
174 253 344 386 401 410
109 224 247 317 318 404
101 148 175 208 240 257
75 230 250 269 313 342
187 202 238 243 312 353
52 53 96 121 345 470
0 55 157 217 220 441
88 157 367 390 424 441
85 114 186 353 396 493
87 175 347 404 483 495
98 270 288 412 435 477
4 59 161 358 359 372
120 199 240 242 356 444
1 64 110 116 293 458
52 88 97 288 303 462
5 78 330 344 404 451
62 150 152 163 173 286
46 138 300 392 482 489
199 256 263 328 342 416 488
182 216 227 254 272 291 323
395 399 409 420 462 481 497
44 146 271 304 315 445 469
18 108 225 280 369 387 468
68 119 130 203 239 308 340
4 18 72 124 242 371 465
71 101 122 161 194 207 379
6 56 76 130 258 319 401
130 178 183 216 371 412 479
25 285 286 346 394 396 426
125 187 326 358 370 406 495
38 44 119 208 312 324 383
12 139 222 226 234 239 495
29 236 256 398 406 438 486
225 313 314 316 322 383 403
14 40 91 119 138 304 489
13 109 146 166 299 447 449
44 144 290 349 351 367 452
15 21 28 289 356 395 413
111 319 354 359 363 427 461
84 126 154 206 245 308 451
11 33 50 67 92 103 135
1 146 246 288 303 332 480
48 120 148 219 341 490 495
93 96 159 241 394 409 468
17 199 276 341 381 392 400
24 80 148 240 299 377 433
25 30 113 149 345 418 430
171 174 192 214 252 330 353
11 192 243 258 427 464 474
70 100 203 241 332 412 464
38 74 84 140 289 303 425
62 76 125 305 443 445 456
59 114 129 438 445 459 469
296 301 308 310 437 492 497
22 34 158 202 211 488 492
76 187 236 393 395 452 484
23 230 291 318 392 452 455
98 144 200 202 299 384 446
94 152 227 260 365 369 492
54 149 177 184 299 361 388
79 97 164 199 328 387 460
27 174 202 268 395 401 485
8 39 51 57 230 386 390
203 336 346 367 374 384 438
15 106 150 182 227 239 271
35 87 123 191 299 384 441
97 153 298 354 370 439 442
30 49 226 293 338 341 473
6 61 138 201 365 383 466
12 129 162 181 279 351 430
161 166 177 254 256 308 401
63 149 258 280 363 401 485
154 235 260 301 344 373 470
142 169 191 232 287 372 491
191 258 275 343 345 346 352
22 32 76 211 331 406 446
42 54 161 390 417 430 436
69 88 183 231 361 430 489
53 82 135 152 377 437 496
0 215 219 254 262 329 347
62 70 96 126 177 200 223
140 175 339 401 412 443 464
60 210 303 321 367 404 482
30 58 116 169 190 244 298
179 238 288 397 417 423 445
210 264 295 312 414 492 495
14 21 239 382 393 394 446
18 129 292 335 345 375 478
111 131 134 176 227 345 488
169 187 238 422 427 434 497
47 51 72 353 386 433 435
75 176 204 237 276 280 327
103 155 182 205 214 331 408
19 87 184 281 287 322 326
1 34 70 77 383 385 396
16 21 60 140 278 281 429
95 132 175 228 272 275 416
29 84 96 309 323 428 495
15 56 62 147 370 403 468
34 101 136 371 397 450 477
20 128 310 326 338 370 424
74 207 208 349 399 415 453
8 105 177 317 345 359 477
128 252 292 338 399 433 465
45 105 129 262 423 470 499
28 141 304 341 346 380 386
192 332 343 350 372 443 485
2 166 199 229 257 320 406
37 162 188 229 259 281 404
163 176 265 289 306 391 394
30 90 99 117 118 365 457
27 82 143 195 208 237 395
17 21 52 137 157 260 279
30 56 169 196 247 292 410
77 121 155 207 241 264 297
35 119 256 346 404 429 499
109 143 150 350 367 420 492
3 15 48 60 182 313 408
112 169 190 229 326 348 371
66 175 217 264 319 372 461
11 25 223 236 261 320 331
9 127 333 418 428 431 484
33 46 55 58 334 359 362
28 37 95 126 306 354 383
21 105 108 162 164 176 485
146 159 276 336 430 433 499
19 40 68 107 217 290 291
43 89 157 215 230 302 413
153 166 167 250 309 369 404
21 24 71 102 315 390 431
113 122 137 382 386 451 485
85 225 368 433 463 474 499
27 106 254 326 327 354 400
5 51 85 96 152 199 290
146 196 222 256 361 375 410
30 155 302 311 412 455 463
69 91 170 198 260 276 314
73 103 306 364 407 430 490
37 48 138 241 289 400 460
88 184 186 219 252 296 482
19 81 125 268 369 380 384
219 248 315 372 413 435 478
15 174 287 309 376 450 460
65 68 107 273 383 466 496
215 236 261 302 317 408 489
17 88 204 215 342 376 462
2 8 110 133 158 162 481
31 178 202 339 421 434 452
42 224 261 375 421 462 473
3 17 40 50 200 479 482
11 13 58 165 283 375 492
7 165 235 256 371 479 495
89 157 163 183 365 386 430
153 336 357 433 446 468 487
21 40 429 455 483 485 493
75 105 137 215 417 451 493
6 15 48 89 120 131 476
137 154 248 295 333 401 472
242 317 391 424 425 427 466
46 159 165 186 233 329 355
54 95 162 197 225 416 425
79 165 265 284 343 344 387
178 194 307 318 343 384 482
35 47 128 254 284 311 327
39 185 245 261 269 458 474
91 107 115 148 253 269 397
92 113 214 248 278 314 366
45 59 86 94 196 222 270
33 39 57 132 201 235 264 438
18 103 115 290 379 407 417 420
0 30 34 72 127 150 264 297
49 103 196 231 252 277 428 432
43 90 322 331 413 428 446 466
1 181 221 275 292 304 450 493
124 127 140 144 165 193 200 388
167 210 315 357 379 403 436 455
23 77 247 281 294 319 398 495
96 133 215 241 275 305 426 483
17 38 123 171 261 389 491 493
30 108 176 177 227 231 326 354
42 155 158 166 306 402 460 486
97 121 156 225 286 340 383 431
2 18 85 188 303 313 428 469
29 33 164 201 360 423 430 470
11 73 127 285 295 378 473 493
41 62 271 290 325 371 452 473
4 120 167 178 214 287 291 393
2 129 175 309 333 365 398 473
63 240 257 281 283 358 378 382
28 82 259 361 408 416 463 498
51 56 119 206 235 273 416 418
41 70 83 96 143 163 324 469
71 78 156 268 290 395 427 448
92 173 212 302 364 375 411 493
90 188 230 352 355 387 448 485
104 310 315 351 379 398 420 477
21 113 259 285 335 356 453 464
88 101 281 359 390 432 453 455
22 29 34 65 70 141 153 458
9 89 118 133 154 166 206 259
32 49 57 240 258 272 302 468
2 87 94 144 178 243 255 341
90 179 198 285 287 306 330 376
31 206 293 317 338 342 458 476
39 51 96 98 120 155 367 454
13 46 82 120 156 161 180 383
50 122 230 268 329 338 384 470
152 156 185 258 280 337 338 369
24 44 114 143 250 401 462 473
39 115 136 145 167 226 291 438
107 110 179 236 259 313 381 439
12 44 66 82 134 385 387 462
22 36 90 139 222 233 362 386
121 197 231 259 299 339 346 400
33 80 166 244 278 300 321 440
18 40 43 139 142 164 240 391
97 191 310 322 331 371 423 430
40 223 245 283 290 299 354 430
21 36 81 171 231 267 271 394
166 168 233 239 308 323 335 349
16 190 218 244 262 265 335 338
202 211 224 274 298 300 378 482
1 37 98 173 234 240 258 296
62 138 214 260 388 444 452 472
23 31 48 51 68 92 347 386
39 138 191 215 291 449 451 493
34 40 92 131 184 248 336 405
25 27 62 101 210 212 237 388
16 63 150 287 366 432 457 473
9 15 50 60 135 143 161 277
68 173 222 234 373 412 482 493
14 60 62 69 249 304 332 343
9 142 167 318 353 355 382 471
72 113 143 196 221 274 431 451
86 93 191 201 218 239 315 422
1 36 128 157 180 332 430 444
107 224 242 355 409 446 461 475
88 98 101 150 227 244 406 434
99 185 340 416 418 432 440 454
24 207 290 326 374 408 438 495
14 66 107 163 217 304 360 482
228 233 317 367 377 392 394 406
34 35 85 193 212 403 412 466
63 68 144 193 375 403 453 493
44 248 253 264 302 429 446 465
36 51 107 176 193 262 462 495
137 190 194 280 303 320 343 380
53 61 93 104 116 304 417 464
80 98 102 128 144 145 390 499
47 208 236 244 302 313 473 494
49 93 112 114 115 211 334 406
28 57 65 163 223 268 302 424
9 30 111 237 251 276 308 312
9 33 110 151 274 321 336 465
16 22 33 73 282 297 323 370
50 99 155 228 241 281 308 396
13 60 339 344 369 402 413 471
148 212 348 390 398 407 418 458
34 37 42 100 369 401 435 451
19 126 185 222 240 247 280 389
129 170 174 194 217 225 279 292
200 292 302 309 390 453 465 472
14 45 74 149 166 261 311 419
1 38 134 135 205 212 345 361
14 95 109 229 238 420 454 494
19 20 29 34 110 256 298 329
2 76 85 138 367 384 460 461
4 17 29 51 110 288 325 427
34 41 50 67 259 341 428 433
8 75 84 125 183 374 412 425
18 73 161 178 190 204 247 377
39 53 276 299 350 409 481 499
11 93 105 132 203 206 264 479
12 146 157 284 286 354 412 464
63 64 140 156 190 259 372 418
12 81 136 244 349 398 428 437
29 55 65 110 114 181 231 263
37 70 95 105 126 135 195 345
20 76 94 130 274 281 405 461
52 91 223 249 256 460 475 496
70 138 150 172 242 258 325 455
6 13 47 63 111 149 285 381
94 228 285 304 376 386 487 498
19 84 132 165 169 177 481 494
2 63 133 259 301 323 344 427
7 70 209 223 279 392 410 442
61 115 179 231 274 278 331 476
11 43 62 187 212 240 362 438
20 108 172 216 281 345 427 457
86 244 273 307 332 365 442 458
47 61 191 304 312 328 390 448
53 87 132 183 239 242 247 411
135 181 188 197 282 296 366 442
136 182 194 228 245 284 293 405
70 92 153 204 379 386 417 497
128 132 166 225 386 416 462 497
16 20 23 127 129 210 284 398
56 98 165 270 275 279 328 334
35 211 276 305 315 324 343 493
70 109 158 214 236 260 274 457
57 104 182 194 372 423 460 481
5 156 202 248 348 363 452 484
99 228 406 410 443 478 491 492
65 128 145 158 172 319 355 437
38 53 77 172 192 243 354 395
35 88 146 195 303 331 470 489
8 27 135 350 354 388 439 472
10 49 143 260 316 328 361 382
6 36 83 135 174 253 386 390
111 137 154 161 239 274 282 377
35 43 53 87 262 345 454 464
8 38 82 265 271 307 314 372
66 241 348 425 439 442 469 477
64 73 110 136 409 417 432 487
170 187 243 306 342 366 411 451
15 61 76 96 156 348 465 472
108 153 163 225 263 282 349 436
37 59 102 103 141 177 228 404
63 69 84 150 159 166 374 389 415
26 57 122 148 241 258 282 287 336
19 80 82 102 255 336 426 438 463
48 128 129 167 209 270 368 449 489
40 191 192 229 366 405 426 452 465
32 189 194 224 265 352 370 497 499
12 29 118 136 300 349 363 415 459
63 90 104 108 318 368 433 436 451
24 101 275 285 299 312 320 335 451
18 22 57 69 197 227 323 363 450
69 94 124 284 374 409 412 417 459
74 75 78 98 133 236 311 315 415
131 137 169 172 216 254 271 432 489
37 92 106 216 279 309 371 383 477
16 68 73 75 119 296 354 396 453
98 145 157 162 319 388 452 481 486
144 160 282 351 370 383 476 480 484
1 85 160 186 272 288 322 466 496
1 71 136 213 357 358 362 455 456
40 103 217 239 278 335 373 471 487
103 106 184 301 309 364 374 405 413
58 80 164 316 407 429 434 457 465
109 160 172 174 216 338 481 493 494
31 60 83 110 132 185 200 267 494
37 41 84 143 174 244 365 392 470
19 34 69 296 359 387 409 422 470
10 134 138 164 231 366 386 448 486
28 38 73 97 115 240 246 248 318
41 81 98 113 147 175 275 326 378
41 109 241 247 330 361 382 401 461
63 75 140 178 237 295 309 336 397
56 145 159 282 412 426 457 463 470
26 137 163 175 265 274 421 441 497
5 55 168 174 345 349 351 418 436
5 8 155 260 292 364 378 430 495
7 58 120 202 288 304 325 327 392
115 156 236 261 275 278 307 352 358
48 52 163 252 254 336 442 451 473
27 106 205 207 350 360 366 387 439
7 91 148 194 256 370 433 450 478
17 84 92 113 140 290 300 340 427
4 37 95 142 255 295 296 314 424
33 70 85 100 164 187 199 202 495
44 49 54 143 306 372 377 434 485
15 27 53 139 176 206 214 232 392
69 265 283 284 308 326 335 402 436
58 152 225 252 284 336 400 404 482
19 144 167 184 219 375 383 496 497
21 46 124 223 302 337 349 373 449
1 23 103 123 190 193 275 352 378
56 111 140 149 229 239 301 308 311
75 77 297 305 320 349 360 362 485
103 134 150 183 253 288 341 428 446
76 83 96 184 194 236 251 314 485
134 155 164 241 370 414 445 454 459
9 48 70 85 110 169 200 329 468
12 106 240 268 298 308 381 450 467
101 155 165 222 270 327 353 462 490
41 103 147 155 187 281 307 474 480
38 81 163 236 334 338 344 438 459
28 136 144 154 165 232 253 348 478
25 41 58 70 224 232 241 278 329
136 234 265 371 391 417 424 470 478
36 126 152 215 221 241 351 371 425
85 113 149 155 188 255 307 350 421
31 43 79 97 275 363 381 386 443
117 245 310 333 347 368 454 460 467
20 39 43 55 83 104 124 477 495
60 115 216 288 329 342 363 416 499
3 48 158 234 307 315 330 428 478
4 49 55 79 90 166 331 337 474
0 8 45 100 153 203 270 313 455
15 113 213 234 250 334 428 450 464
1 36 42 136 140 216 270 294 308
78 104 110 111 148 297 343 372 411
26 206 220 358 365 384 399 403 482
5 32 41 140 146 192 315 339 429
12 45 88 345 364 390 396 479 488
6 29 36 47 63 70 141 227 487
136 146 202 302 319 345 367 415 439
58 62 63 86 124 315 385 400 476
104 185 232 256 278 335 407 453 469
28 106 117 134 220 228 386 456 463
23 40 253 308 312 401 458 497 498
43 58 231 277 317 334 369 440 469
9 106 120 176 264 311 343 363 456
7 53 113 118 127 145 163 257 414
46 92 241 306 328 379 395 424 474
42 83 90 141 166 262 335 419 444
67 161 220 235 286 331 366 420 448
41 68 167 204 258 298 339 379 425
0 34 101 126 132 138 144 191 405
13 48 50 63 102 197 347 384 489
10 24 40 65 126 148 318 390 451
2 106 124 229 249 370 400 401 457
5 78 229 252 345 412 431 457 464
90 253 302 343 356 376 413 444 476
87 229 262 268 287 331 442 475 481
9 66 275 300 361 455 456 458 493
60 63 105 204 233 299 340 380 464
49 60 66 151 326 348 402 429 451
33 158 227 257 336 369 437 450 460
45 260 297 351 382 384 414 437 446
117 145 158 183 236 285 336 421 499
57 164 189 264 349 375 376 437 491
100 241 278 286 299 359 387 391 439
20 139 179 251 273 333 417 460 481
30 97 119 168 383 389 409 472 497
215 231 241 254 258 266 271 285 371
1 157 165 209 301 386 422 427 468
19 57 158 184 252 283 361 461 476
24 97 189 201 247 354 355 413 433
53 72 151 176 273 360 383 436 498
161 234 326 366 385 391 398 431 439
7 128 141 198 226 255 290 319 465
7 86 87 106 178 276 307 364 374
3 11 60 125 138 179 361 441 493
87 109 132 149 224 243 262 381 425
46 133 187 297 326 344 353 379 470
1 69 140 216 241 244 302 450 468
41 45 141 205 326 425 454 471 486
32 41 55 77 92 120 424 448 465
27 125 153 188 196 266 343 359 407
44 217 233 256 263 325 354 360 498
2 90 108 193 248 304 324 370 453
8 59 71 177 358 380 415 416 444
50 99 162 233 348 372 415 454 487
18 41 123 127 135 225 233 235 334
14 27 39 145 166 167 171 243 358
52 115 160 172 178 287 318 354 368
15 65 158 230 296 306 314 329 490
12 52 80 92 174 254 290 338 471
90 126 137 228 237 335 351 384 464
39 49 85 89 128 191 228 298 334
85 232 234 282 334 363 395 468 497
32 76 115 323 377 443 455 461 476
42 119 235 285 296 412 422 448 457
81 90 92 155 175 314 361 390 415
2 3 130 196 242 251 361 418 443
175 235 324 327 356 364 367 450 461
10 45 121 122 227 332 343 359 398
183 192 221 244 264 269 334 374 487
38 117 151 229 237 251 311 338 396
17 40 50 63 211 262 271 421 462
64 71 118 293 409 422 443 456 460
140 237 309 338 355 379 401 459 488
155 177 278 290 331 356 391 449 486
17 109 179 205 226 283 370 450 459
95 123 174 180 226 281 423 428 488
6 22 72 196 228 276 314 331 420
4 55 80 263 277 354 403 431 435 465
62 192 218 229 237 297 323 359 395 497
19 40 130 202 249 320 440 455 469 498
149 223 227 245 346 438 448 475 485 496
96 147 187 193 309 331 334 349 415 487
41 46 87 168 201 213 284 382 384 394
64 212 213 232 241 259 267 336 344 494
178 187 199 231 252 263 266 407 431 433
68 147 153 154 182 207 238 258 388 441
18 89 103 179 247 252 256 296 331 490
15 16 24 31 102 304 333 341 413 471
4 12 60 80 157 184 272 424 436 472
22 83 101 119 120 150 162 178 294 393
6 7 10 18 28 117 168 193 359 455
2 24 79 89 95 255 462 476 489 492
1 152 319 362 422 478 479 483 484 499
39 88 93 140 259 269 271 301 318 415
19 159 226 394 439 455 456 463 467 493
85 144 153 241 250 279 304 386 412 499
82 190 198 203 291 305 336 378 463 489
54 99 144 183 241 296 344 376 379 437
17 34 80 111 129 143 277 364 431 464
61 156 180 196 204 213 331 390 395 427
13 43 71 158 163 189 228 267 278 401
2 100 111 128 195 266 323 353 369 410
159 215 245 310 338 371 372 378 395 480
29 30 45 62 64 72 189 203 239 462
8 18 20 26 34 112 164 285 400 419
14 64 90 226 242 308 362 408 482 496
6 71 94 161 174 202 327 390 413 475
140 153 173 188 193 315 318 330 451 474
3 17 97 108 182 201 270 283 424 444
15 72 90 132 178 198 230 246 262 382
34 120 138 312 338 378 457 460 463 476
57 76 95 103 205 213 246 290 438 482
18 90 93 116 126 127 242 249 394 496
40 48 135 172 173 339 347 436 456 487
8 51 65 173 279 280 310 319 420 463
62 74 278 320 344 362 365 383 403 411
2 33 58 89 266 303 307 330 393 419
22 73 145 147 181 272 354 367 380 442
119 212 222 274 281 292 336 396 411 467
31 153 200 206 254 293 329 373 388 460
3 47 49 139 219 235 432 453 468 490
78 86 91 134 140 214 239 276 381 387
44 56 85 121 144 198 234 254 329 370
15 37 43 136 231 248 363 429 437 465
29 115 142 188 196 253 332 342 353 488
35 40 49 197 249 312 363 391 436 493
70 76 194 195 267 268 280 289 305 444
4 183 212 233 239 241 388 445 450 499
39 55 138 155 179 224 248 264 269 271
91 120 193 194 197 227 245 289 337 359
91 203 209 224 230 315 341 377 404 457
47 105 185 208 213 258 276 360 368 411
26 46 78 175 261 286 335 388 399 441
11 49 134 151 279 357 382 383 423 425
43 75 83 177 187 271 277 296 383 417
2 3 75 77 178 184 234 285 309 327
8 11 116 117 283 366 369 379 394 476
77 91 148 172 217 294 380 381 410 482
81 125 130 168 214 262 336 384 388 408
40 56 169 216 314 398 406 417 441 498
54 137 142 169 218 284 300 439 444 476
3 115 133 137 160 174 264 268 335 351
1 107 110 130 158 244 279 291 358 390
6 41 144 258 311 342 349 360 364 376
135 172 217 223 231 345 348 357 370 415
182 255 264 267 272 287 377 440 443 493
53 148 149 200 234 238 369 388 443 467
7 13 54 144 182 189 239 403 468 494
104 260 272 280 358 380 397 424 467 494
14 40 55 83 151 161 180 264 285 421
21 70 80 106 108 139 168 177 374 393
4 99 202 288 332 333 347 389 443 446
21 132 140 166 255 336 418 446 461 473
11 61 64 88 107 212 419 430 463 499
148 176 233 242 245 322 349 388 474 478
43 148 161 191 235 377 413 441 461 470
9 90 100 160 164 208 254 293 348 371
25 263 280 302 422 441 454 460 490 494
16 68 126 205 235 397 444 459 463 481
32 57 59 68 140 170 230 338 437 454
102 111 124 161 204 241 289 303 325 343
21 23 259 262 268 339 386 434 452 490
34 93 180 204 253 260 349 371 474 498
7 89 118 217 239 291 303 342 364 454
15 54 61 74 127 187 230 255 443 476
15 23 84 89 108 142 153 295 347 455
60 112 130 156 213 249 266 366 380 498
6 19 59 73 84 114 119 280 361 469
114 145 157 163 183 284 350 371 401 429
20 37 104 127 168 220 236 279 343 473
70 96 137 193 195 216 229 244 378 415
51 68 125 191 243 307 326 328 422 434
19 40 57 76 94 133 250 395 421 444
55 109 203 208 256 293 341 349 380 493
62 261 268 346 365 381 387 426 430 454
7 67 131 154 159 200 207 324 369 471
68 91 123 342 350 354 388 428 429 468
15 24 42 126 134 168 263 292 469 478
9 99 129 180 206 342 402 434 481 496
18 46 184 190 203 240 319 362 416 494
16 31 151 224 254 273 292 312 354 416
41 92 124 130 153 181 208 213 251 467
54 153 195 198 210 213 250 280 416 447
80 144 154 244 255 313 394 484 493 498
5 95 115 191 229 252 317 355 450 474
118 162 164 180 181 271 408 456 474 479
30 80 88 139 141 223 314 389 400 431
13 95 98 154 204 252 271 276 367 375
97 143 145 151 179 210 280 294 398 457
124 191 198 269 296 341 366 391 482 492
36 71 153 207 249 298 385 430 443 449
132 252 285 300 315 355 374 392 466 481
54 110 114 127 138 149 210 347 374 388
50 135 240 298 351 397 423 449 464 490
9 76 101 130 198 263 304 335 395 441
19 102 135 138 227 287 319 406 409 426
29 128 148 167 197 213 220 376 388 447
1 52 101 155 221 224 250 295 359 417 479
29 50 72 111 119 173 333 339 422 455 463
13 25 82 136 144 258 315 338 419 420 480
5 20 60 73 76 91 117 171 200 391 471
64 72 100 105 117 182 200 269 322 325 497
5 78 80 123 130 154 169 230 242 395 478
55 86 88 89 118 172 181 210 221 408 428
14 29 47 76 86 102 221 403 456 469 495
11 22 90 176 184 233 298 352 367 402 487
53 124 183 226 299 310 327 423 430 436 485
51 69 96 106 247 274 350 375 391 474 481
10 39 105 141 176 217 279 309 316 402 453
21 37 57 129 136 201 212 243 248 264 429
6 108 110 122 123 279 407 411 417 459 483
17 71 78 206 237 239 254 334 433 477 495
11 30 248 322 386 396 397 410 419 424 436
52 76 111 133 161 192 261 337 360 442 470
104 123 124 129 138 165 300 307 370 463 485
39 66 112 136 155 206 252 290 312 361 433
14 43 67 114 140 141 162 316 370 375 390
30 109 183 212 225 229 284 297 330 361 427
63 116 171 180 200 308 311 370 403 469 497
8 46 51 69 93 115 140 199 226 338 407
18 76 212 224 232 249 250 278 384 401 414
91 98 102 179 228 249 256 291 378 404 462
15 40 84 140 145 235 344 351 366 421 430
51 134 146 173 252 324 343 378 418 426 442
47 92 99 128 286 338 342 423 427 429 476
31 69 82 172 186 188 212 253 263 371 374
11 60 261 285 288 333 368 394 405 450 470
10 13 36 45 131 219 259 340 361 432 498
93 127 131 155 167 189 191 276 414 440 482
71 74 81 154 233 313 316 329 337 380 436
35 86 132 134 150 177 223 277 279 329 491
10 47 87 99 104 197 286 291 374 418 421
70 78 225 229 240 265 283 285 319 376 441
90 130 134 136 152 162 175 228 235 246 485
15 19 20 68 109 199 330 345 358 471 481
69 118 133 235 261 360 384 385 414 437 463
34 274 321 345 374 396 406 471 480 488 495
90 101 187 240 300 304 324 332 345 358 441
122 201 206 304 325 342 349 389 445 448 490
46 98 109 151 219 254 269 273 313 441 498
58 62 98 144 156 178 251 272 293 357 372
12 46 79 189 235 263 268 269 304 305 449
73 81 165 212 264 339 356 397 433 448 496
3 6 102 164 169 240 262 318 447 467 486
22 59 81 101 145 213 214 290 332 344 452
93 120 155 186 286 289 363 380 406 410 467
71 87 111 304 312 337 370 388 395 420 454
47 91 99 165 166 196 222 256 285 369 370
12 45 154 195 225 280 328 446 454 485 487
5 84 247 310 328 341 365 407 422 478 494
17 36 146 155 223 347 349 363 377 414 423
123 138 181 198 276 293 299 311 314 360 382
97 161 169 258 272 309 311 367 404 409 458
7 49 61 93 167 231 321 353 420 426 482
2 40 49 60 107 233 322 386 414 437 450
212 307 362 363 382 409 415 425 453 471 491
40 56 167 218 221 234 262 290 319 325 383
89 90 101 142 171 298 322 382 437 459 473
39 74 114 146 171 174 191 216 286 327 336
21 32 72 168 177 315 338 379 389 408 442
18 24 32 56 71 134 169 173 247 330 488
34 36 96 99 164 189 216 229 342 446 452
35 50 54 64 84 118 126 286 310 400 438
3 4 36 55 120 167 248 251 271 294 482
62 119 204 219 276 323 438 450 461 476 494
23 68 135 140 254 261 323 353 412 453 474
46 141 217 230 262 293 317 339 347 371 485
41 43 160 217 343 365 410 416 423 433 452
45 50 55 61 64 136 155 231 299 346 372
33 51 53 61 181 193 248 310 326 402 427
24 28 71 173 196 300 359 381 429 467 468
42 128 188 209 221 317 321 323 331 335 488
114 120 174 197 210 233 313 339 354 397 411
28 94 172 197 215 265 288 300 308 392 448
138 191 219 233 239 346 361 390 399 400 490
45 81 89 105 193 205 229 324 368 414 479
94 120 156 193 257 274 278 291 403 404 495
137 177 206 209 250 254 287 292 322 376 377
44 66 75 76 81 115 157 379 435 467 477
65 73 148 166 180 218 225 293 344 409 436
26 29 129 150 194 220 227 298 377 447 454
59 87 111 114 347 363 364 365 385 420 449
12 39 127 270 317 355 396 415 457 488 493
67 86 91 98 182 240 248 303 332 436 491
68 85 162 222 223 377 403 410 451 488 489
57 68 152 192 217 219 372 392 394 411 453
1 13 25 80 138 184 239 277 375 447 476
31 34 102 173 180 197 202 208 314 363 381
17 140 303 355 409 432 459 461 489 490 495
2 203 230 239 271 298 307 343 349 466 470
38 152 251 336 377 408 432 453 456 478 489
1 4 80 104 218 294 295 320 337 366 402
51 56 125 126 181 183 250 260 348 390 417
43 89 134 152 198 217 219 246 327 333 440
2 18 22 81 268 269 273 325 354 356 428
42 62 114 157 161 227 228 261 315 316 387
126 146 159 177 190 193 267 322 371 427 484
62 195 208 213 247 257 272 314 410 478 496
16 135 219 227 341 374 376 478 486 492 495
70 139 212 218 221 266 267 279 292 490 492
110 167 180 203 256 268 317 349 403 411 499
18 26 188 291 324 368 394 400 447 479 491
252 316 317 346 377 382 399 451 481 490 494
39 56 60 71 124 135 148 166 313 370 476
43 98 106 135 184 253 262 336 422 468 488
29 46 54 58 82 106 159 165 182 231 490
7 193 253 278 333 335 354 457 464 478 494
66 157 189 325 366 376 381 399 425 439 469
13 51 98 130 131 149 279 298 303 330 461
11 43 66 108 201 205 289 304 339 360 498
121 210 230 276 296 302 314 366 372 432 465
78 81 88 134 186 243 357 360 405 413 492
15 45 68 75 135 252 294 363 399 456 466
21 44 56 61 65 116 148 211 247 255 447
94 136 183 210 219 267 348 351 359 469 481
11 98 196 308 338 397 434 466 473 475 481
50 147 175 178 309 311 321 354 391 415 458
8 22 169 179 188 219 350 360 376 413 419 473
67 192 229 273 283 301 305 313 389 409 459 465
37 85 204 218 219 247 256 292 311 408 430 455
172 215 239 275 277 287 314 356 379 386 461 475
58 91 123 177 190 239 243 268 296 388 431 454
75 91 136 159 201 227 259 274 295 424 461 479
70 73 116 145 171 179 305 375 427 428 436 471
163 199 211 265 316 370 371 414 415 448 474 479
11 19 32 43 73 98 125 266 384 432 467 486
16 31 141 154 187 227 277 412 442 452 478 484
17 81 90 214 258 270 323 331 349 358 427 496
60 87 127 144 162 179 234 261 308 335 364 433
76 107 124 153 221 237 322 345 413 435 471 477
25 27 94 209 231 234 267 338 353 375 484 497
61 69 242 259 276 281 324 329 331 395 401 494
5 37 169 183 198 218 282 405 454 456 478 480
131 137 155 211 235 284 367 388 395 416 437 440
71 85 108 172 199 239 273 293 319 410 421 442
5 30 34 226 232 255 263 278 299 303 311 426
13 22 75 111 269 337 382 391 408 421 445 482
26 58 86 139 265 267 268 316 332 350 446 480
56 71 82 167 205 307 348 350 375 376 440 448
76 97 110 114 133 224 241 255 283 359 393 432
16 48 168 196 200 239 286 332 334 343 367 388
22 95 121 137 142 170 292 299 368 414 434 499
42 48 60 79 125 140 245 271 320 435 454 467
13 140 210 240 309 327 342 424 453 472 477 481
4 117 124 191 202 205 216 242 270 320 386 436
33 39 82 103 122 140 223 273 323 405 479 484
10 26 41 170 171 209 234 241 306 364 421 445
23 52 172 185 189 269 364 387 404 453 465 482
51 67 82 84 123 213 230 267 298 324 353 451
34 80 142 150 155 191 216 270 317 327 338 482
60 110 111 115 203 266 307 313 401 414 423 475
36 85 87 92 119 160 167 250 356 366 427 493
54 118 142 301 345 349 362 386 391 426 460 463
45 101 110 129 137 168 241 312 331 335 441 449
0 10 56 57 93 150 153 355 393 434 442 498
68 102 112 166 215 255 273 310 338 439 464 475
1 10 51 100 102 159 189 252 281 286 410 459
132 175 258 288 296 299 326 358 371 398 482 492
14 32 36 46 67 209 211 325 344 351 366 445
8 42 55 184 212 222 249 312 315 348 438 447
42 45 65 95 196 266 324 378 381 416 448 471
42 57 148 201 229 329 330 340 344 397 425 489
108 177 184 201 205 258 263 269 283 430 452 484
14 27 49 95 106 257 264 267 280 357 361 441
17 22 36 53 251 271 291 324 344 349 354 453
33 72 129 140 161 354 373 375 420 455 486 492
49 50 54 183 202 230 254 263 266 320 371 425
17 39 46 91 111 137 144 193 312 387 393 483
31 88 115 133 217 221 249 278 365 369 408 446
6 54 98 118 151 314 343 380 398 417 439 492
28 63 70 115 136 180 190 267 341 406 425 470
20 109 115 122 169 244 285 403 464 468 470 483
6 9 17 146 192 227 252 316 356 420 462 476
108 155 243 253 278 291 418 430 434 462 469 499
3 59 89 108 110 288 331 432 438 461 468 492
17 36 39 135 171 206 252 257 403 472 479 497
41 69 189 218 247 248 287 330 339 368 378 472
120 178 276 347 373 395 416 423 444 449 471 490
32 72 92 123 138 173 212 229 232 371 390 484
104 135 186 188 274 310 403 410 413 448 452 495
74 128 251 281 327 395 401 409 415 424 439 445
12 54 135 225 243 372 404 410 412 414 457 488
16 22 59 155 159 295 324 362 393 434 452 472
48 88 94 203 278 321 374 384 424 432 447 488
15 80 84 92 94 257 292 295 360 405 408 463
1 16 41 165 251 276 388 424 453 457 478 495
47 127 142 168 192 198 318 332 373 440 458 487
43 74 89 123 229 302 360 370 429 432 453 480
43 101 107 124 155 169 245 255 258 374 398 455
21 53 66 108 111 252 277 294 318 335 378 418
62 67 129 137 144 178 189 259 272 343 456 475
110 112 221 300 309 350 374 405 418 441 481 495
1 168 174 193 201 211 310 384 391 422 434 435
27 89 90 132 166 183 214 302 331 459 475 499
21 23 91 137 190 318 335 373 417 444 467 478
32 83 89 122 232 261 319 376 393 470 478 493
86 120 207 220 231 295 324 389 394 426 443 494
134 136 181 185 199 235 241 285 354 369 433 446
48 209 237 366 372 434 448 468 474 478 494 497
15 32 113 164 195 205 365 374 411 414 428 470
73 140 171 218 223 255 267 360 409 445 472 493
23 52 102 107 114 152 172 173 250 258 269 407
24 67 68 79 109 132 292 352 402 426 437 464
8 25 94 97 163 189 193 229 250 317 329 411
13 16 39 40 46 48 58 89 103 242 260 295
5 64 114 122 192 203 389 405 432 434 448 478
18 94 103 122 188 205 227 258 283 287 434 450
22 77 89 118 157 210 224 246 281 314 469 486
36 112 145 150 154 160 240 261 305 312 314 462
90 163 193 262 291 330 337 342 347 365 465 473
99 201 218 219 288 330 347 389 395 397 447 462
29 52 195 252 269 313 325 372 381 483 485 490
1 14 19 22 24 134 159 167 386 428 430 452
30 71 73 91 101 120 195 199 274 276 307 345
30 59 82 254 272 305 359 366 421 444 472 476
27 45 163 185 201 216 258 267 323 391 392 425
23 101 116 160 252 303 349 351 381 394 435 474
35 49 71 109 165 228 235 262 279 321 337 436
37 50 85 88 176 229 233 324 334 429 435 450
45 90 109 124 173 194 226 240 262 425 435 482
2 6 45 59 65 82 124 128 153 422 434 489
29 77 96 197 318 387 388 406 413 441 473 494
50 122 132 137 159 194 240 258 280 285 402 489
20 59 82 150 281 288 291 360 444 465 484 488
33 64 241 286 311 317 380 418 434 436 470 482
74 117 132 148 166 225 337 347 424 465 485 498
63 94 169 210 248 264 268 287 309 348 371 396
6 36 74 81 186 188 233 239 264 270 292 332
140 166 175 184 355 358 371 385 399 403 414 453
17 56 83 184 211 242 257 293 356 401 426 470
39 60 122 140 148 197 268 269 350 451 463 471
4 33 96 125 172 186 198 226 309 349 416 497
3 127 203 209 238 271 341 375 381 447 462 476
28 106 178 198 218 342 414 446 481 485 489 494
147 168 188 225 229 235 302 311 322 355 428 473
2 58 59 117 135 175 184 187 294 351 417 479
48 125 132 268 311 324 336 347 348 363 415 451
9 68 95 150 200 213 227 285 330 425 432 443 456
3 26 28 83 106 117 125 159 162 293 368 400 485
11 69 79 101 105 107 180 269 305 310 328 417 441
45 51 63 152 160 190 224 242 270 302 308 316 381
32 50 70 116 289 296 298 389 404 426 440 443 481
30 147 196 202 243 247 268 291 357 425 426 428 484
79 89 179 190 288 336 351 383 385 425 447 461 494
8 69 95 171 176 183 198 269 270 285 305 385 409
7 16 38 68 71 92 110 254 343 355 433 470 491
11 43 91 114 147 162 176 219 326 336 370 392 468
15 19 20 122 237 251 273 346 361 397 411 473 496
29 144 189 195 215 217 223 374 399 448 450 466 478
34 44 111 142 182 265 282 332 357 364 453 480 499
5 42 49 87 89 90 200 237 281 350 357 406 471
1 47 57 100 216 220 258 265 313 338 353 387 488
45 77 123 136 158 179 194 249 252 289 308 409 459
42 70 111 118 246 288 292 301 354 441 449 460 479
1 25 78 118 229 265 310 345 377 400 442 469 474
8 45 85 88 109 127 136 141 142 379 443 474 484
58 110 188 205 252 272 299 303 408 422 438 484 490
49 53 128 171 196 240 305 344 356 382 389 402 455
53 70 85 86 130 252 281 300 307 308 334 378 383
11 17 116 140 219 293 304 334 350 364 421 427 428
0 14 83 97 111 116 218 254 349 357 403 425 436
0 57 134 169 194 240 289 292 310 362 373 462 499
4 15 22 93 103 148 164 225 243 285 296 354 364
152 225 232 255 275 310 338 349 357 361 379 401 406
7 21 133 147 217 219 250 265 345 396 468 479 493
3 18 74 109 144 157 219 274 368 420 449 458 496
2 11 54 65 123 129 140 199 221 231 359 362 459
31 75 110 119 157 177 184 201 211 286 377 388 498
12 48 51 59 213 219 295 316 351 379 423 431 487
107 135 256 315 331 337 378 402 439 446 482 496 497
35 54 76 102 152 167 217 258 281 384 455 488 489
23 30 73 84 95 147 154 172 261 271 318 362 462
48 65 101 103 208 229 255 301 333 359 380 381 396
4 186 187 189 221 236 277 311 317 386 394 408 432
29 67 113 149 168 271 281 289 379 382 412 428 457
25 39 40 86 93 133 256 310 313 326 355 407 429
6 26 147 311 333 342 372 373 378 386 423 466 481
3 113 117 126 189 200 202 204 229 320 330 380 404
125 158 203 254 284 316 326 385 409 443 467 475 496
3 148 158 161 187 202 272 278 283 362 365 374 416
70 78 158 216 254 258 277 288 359 382 421 459 499
20 44 52 142 194 221 242 270 292 293 397 409 445
17 48 104 195 209 267 321 344 377 418 443 465 495
0 32 44 50 194 216 217 234 258 292 298 377 431
69 104 109 119 188 255 264 394 472 482 483 487 493
4 29 31 147 161 213 216 257 322 409 417 428 474
60 88 163 215 231 271 301 315 328 361 432 457 467
105 150 195 243 246 316 336 347 369 382 420 434 495
17 50 51 82 148 149 223 245 248 264 340 464 474
62 251 269 270 279 301 303 341 344 352 359 387 454
43 48 105 116 239 240 250 252 253 254 317 398 446
1 26 28 61 81 223 231 356 360 388 432 475 497
0 9 24 26 36 85 96 131 148 310 325 337 398
81 95 159 197 224 237 243 284 353 365 405 456 499
6 23 59 159 266 272 301 302 308 323 351 366 440
62 67 212 245 260 265 303 315 340 417 425 482 495
78 143 176 190 191 214 249 293 303 347 371 459 494
14 40 96 102 115 228 258 284 334 365 382 384 414
51 86 115 161 220 231 247 282 309 310 326 364 376
60 148 154 169 179 183 194 224 377 386 413 420 425
23 57 60 71 87 173 178 257 281 321 369 430 464
58 80 165 181 252 269 303 314 365 417 482 490 491
11 58 76 106 169 211 212 314 321 339 424 443 489
172 189 212 268 283 296 299 311 342 396 438 444 462
1 13 40 63 85 124 133 140 156 218 306 393 427
48 213 231 244 247 305 312 322 383 391 395 401 426
7 72 85 136 145 265 275 288 289 324 390 439 465
66 79 100 107 118 128 181 197 322 333 353 442 461
5 15 32 120 149 185 206 208 302 307 345 382 424
47 98 112 135 139 142 181 187 204 208 321 323 487
5 45 55 89 217 218 224 275 318 377 401 406 483
31 93 121 123 129 195 245 271 288 293 399 438 484
69 82 93 121 145 146 236 237 276 308 315 395 430
23 26 37 39 47 55 59 107 184 217 293 306 394
52 77 98 104 156 173 216 249 300 324 459 467 487
8 63 70 88 97 183 338 355 382 416 454 468 490
80 130 136 138 274 275 282 301 336 421 448 450 473
50 56 61 90 118 217 288 289 291 331 448 462 466
37 52 122 214 242 249 307 314 316 320 459 480 488
9 24 39 126 142 237 307 328 333 376 446 485 493
20 28 29 36 48 85 196 245 286 294 330 351 422
71 95 102 105 115 143 158 186 227 243 269 304 468
22 36 163 167 231 257 261 269 279 343 428 485 493
44 76 78 93 142 238 251 277 288 310 411 416 481
63 71 77 123 142 156 184 206 354 377 380 385 401
31 50 52 70 116 187 195 196 239 307 318 347 389
77 212 234 247 282 310 313 336 369 406 412 446 452
17 38 46 207 225 278 309 330 338 356 377 458 494
5 36 106 191 225 230 284 304 324 326 358 400 480
61 65 99 101 124 131 187 217 293 304 311 383 433
85 100 123 131 146 237 291 315 389 406 428 466 494
2 11 20 21 185 229 284 317 326 385 388 417 463
1 14 40 77 155 173 176 227 256 268 310 317 358
2 79 92 148 150 275 280 295 402 420 450 460 481
49 54 157 276 278 327 340 381 388 389 403 419 464
2 5 15 46 60 64 85 98 186 331 361 382 412
67 82 89 92 120 155 189 190 193 284 301 358 470
57 70 95 115 148 151 163 270 279 305 325 453 499
43 128 155 161 174 176 270 279 294 340 406 450 471
39 101 128 164 180 230 236 320 348 355 357 390 463
5 72 78 83 112 120 166 212 253 290 487 490 497
33 39 57 87 102 212 249 266 271 296 307 368 409
2 11 77 124 150 156 157 249 269 282 367 383 459
10 42 47 92 146 184 198 322 437 441 457 467 472
6 51 65 68 126 152 215 250 341 370 383 447 494
25 33 56 64 89 127 131 313 331 358 448 469 472
38 58 59 93 104 107 113 141 333 346 432 440 455
9 12 71 80 113 164 185 226 285 297 356 392 485
12 26 109 134 137 150 221 223 312 363 385 463 483
23 35 49 59 74 111 126 139 271 330 332 342 422
13 53 107 173 183 272 367 376 411 442 449 464 477
11 45 59 81 104 167 191 224 262 311 383 427 448
24 33 45 66 110 119 122 220 243 284 295 378 429
130 138 183 273 290 303 378 384 395 402 413 417 425
8 12 80 95 131 178 195 267 290 390 434 435 459
1 19 27 38 51 61 96 193 223 230 232 274 476
67 86 103 110 192 209 231 237 347 351 391 426 451
28 58 65 84 87 91 193 209 251 275 326 334 340 450
93 118 207 218 232 247 335 336 353 392 433 437 439 444
2 22 52 113 144 185 191 230 231 239 267 285 324 342
83 93 96 98 140 160 232 287 290 301 328 403 426 461
10 22 82 93 109 113 152 163 187 248 305 376 390 428
4 83 102 141 157 208 266 332 347 390 394 434 435 454
10 36 42 46 86 169 174 212 237 250 251 275 452 481
7 25 27 58 134 136 237 239 243 327 369 484 487 491
64 66 71 139 141 153 173 186 210 258 294 337 413 490
8 39 47 63 77 93 106 145 151 169 271 293 332 380
48 55 92 94 102 126 181 239 298 305 321 441 454 493
71 92 118 156 165 184 230 248 260 270 340 457 468 471
1 31 65 113 136 159 214 242 281 319 321 433 450 464
59 83 93 129 204 219 255 342 368 384 387 445 471 484
15 18 29 36 41 107 134 250 308 327 329 333 372 439
23 43 69 77 90 96 108 121 143 235 282 291 386 453
27 35 55 132 143 227 273 412 417 429 437 449 461 491
13 17 76 158 180 181 206 244 296 347 381 419 448 457
15 54 110 135 231 234 301 333 335 349 352 362 488 498
45 133 187 216 272 316 319 320 372 375 384 399 400 416
22 26 73 124 209 215 222 243 246 283 293 365 426 442
104 111 116 163 218 231 259 279 362 397 403 424 471 497
109 136 173 211 242 252 261 263 304 329 349 352 388 493
24 117 160 208 238 242 309 315 326 414 421 451 461 491
82 113 151 210 228 298 328 347 374 379 412 414 419 455
72 105 127 164 185 265 296 339 364 435 445 465 479 480
7 32 88 97 99 109 173 180 200 240 323 354 388 426
6 36 43 51 60 142 167 201 307 325 346 361 395 486
103 128 184 197 213 231 239 340 364 428 435 469 491 498
12 91 189 193 212 218 244 257 366 375 381 389 423 492
9 23 27 71 87 115 130 153 305 339 340 376 404 447
26 29 34 40 95 121 147 166 171 341 379 380 423 488
16 66 181 281 290 338 370 399 412 446 455 464 474 493
4 101 105 242 273 282 293 381 399 423 427 431 464 497
47 50 93 205 218 245 253 315 351 357 367 392 434 477
4 13 18 19 51 77 137 138 141 174 257 412 421 444
87 117 196 201 329 343 356 359 363 381 438 451 457 480
1 44 65 160 182 221 326 339 346 432 453 478 491 496
10 81 82 132 147 198 236 243 293 312 391 415 420 433
60 101 131 171 183 199 308 345 372 374 388 396 440 457
11 30 80 111 122 169 184 216 286 302 304 330 339 377
14 22 38 93 140 188 242 317 334 349 353 443 455 481
8 69 100 167 316 331 340 379 386 401 464 476 486 490
32 55 119 120 200 206 263 267 274 318 376 433 451 499
11 35 60 101 131 153 283 330 346 394 449 475 481 482
34 49 75 82 110 113 173 234 244 331 355 403 475 496
10 23 111 148 168 179 197 200 219 251 252 347 360 410
2 3 50 180 212 248 305 310 405 441 446 458 476 484
28 36 69 137 193 194 244 255 277 308 341 401 413 430
12 111 124 140 161 262 274 282 291 293 297 382 385 477
69 88 153 182 224 301 331 359 363 368 387 423 439 448
11 14 24 99 124 132 169 209 310 349 395 419 421 462
10 48 161 206 211 236 291 293 294 314 327 353 398 402
10 21 78 111 153 204 239 300 327 339 381 394 406 458
62 67 72 79 181 207 228 264 289 334 393 405 478 493
1 80 86 128 140 148 192 343 349 358 406 421 478 497
55 59 81 102 152 203 277 300 301 342 355 385 428 465
58 93 112 182 219 225 226 260 264 270 300 368 390 450
30 38 99 123 140 149 220 286 307 357 360 391 414 417
3 17 50 68 115 156 259 272 289 409 412 415 423 442
7 18 54 82 122 127 146 169 252 258 310 340 416 468
2 7 51 72 86 124 149 154 270 289 305 326 378 447
11 40 60 101 165 166 187 206 220 232 283 372 418 455
15 117 123 173 182 190 215 238 300 395 427 455 461 484
72 101 112 188 192 234 238 264 265 267 279 283 290 486
10 52 67 69 161 255 264 271 322 357 360 369 400 460
42 55 98 100 133 141 149 163 205 221 238 346 357 486
67 137 157 179 185 196 239 289 313 317 326 438 483 485
33 38 117 147 149 191 201 259 293 325 389 430 486 495
36 78 85 87 90 150 160 211 226 302 357 362 388 398
99 139 149 150 203 208 226 237 282 313 333 360 427 444
14 22 52 60 122 235 240 283 347 353 378 427 454 473
32 55 63 97 107 138 143 211 213 294 349 419 449 490
128 142 155 161 180 245 334 375 376 394 404 414 461 471
0 30 70 122 171 194 196 199 254 286 290 300 304 358
7 22 96 114 136 157 161 181 224 242 255 310 359 405
3 157 234 245 292 305 383 391 402 407 424 430 435 479
34 45 55 157 169 187 193 197 212 215 324 362 371 444
23 34 35 90 92 114 158 171 190 244 264 308 388 475
16 22 46 72 148 204 225 311 395 453 458 461 486 493
57 99 123 132 179 207 262 318 388 390 407 424 471 472
27 32 43 53 93 94 98 220 238 256 326 369 405 465
7 148 159 199 209 221 246 264 298 303 318 322 426 432
15 57 92 138 164 262 278 318 347 419 420 422 476 486
76 95 126 144 154 166 237 246 320 331 341 372 434 475
11 41 102 121 135 138 199 206 210 249 276 315 389 459
48 56 69 149 189 290 292 341 367 383 418 448 480 489
47 75 118 157 170 261 290 310 350 371 382 398 444 464
33 70 76 102 172 202 217 272 282 304 320 362 453 477
40 60 73 79 108 120 168 170 184 286 357 363 413 467
12 48 51 84 85 144 170 178 218 243 293 342 407 470
101 114 200 213 233 264 337 347 348 367 417 431 484 486
13 27 73 142 156 162 184 269 304 311 354 386 412 499
13 61 69 92 125 149 158 166 203 211 236 359 368 445
0 56 88 102 165 180 197 352 399 406 431 439 452 470
7 68 77 118 126 133 158 163 211 214 382 417 454 482
39 40 89 173 210 219 249 258 318 324 347 361 363 456
55 63 76 92 178 247 248 264 318 342 345 350 381 400
1 54 55 69 82 118 166 186 209 252 318 341 478 486
21 39 65 170 186 191 209 227 251 301 312 327 403 438
41 42 90 107 136 155 174 240 248 371 381 387 399 471 472
14 19 49 81 113 163 206 229 240 309 353 362 377 395 420
65 92 99 189 198 203 207 221 226 272 331 431 464 469 472
87 112 184 190 203 209 220 248 281 364 374 378 448 454 491
10 14 73 96 105 106 107 150 162 205 247 318 346 419 471
61 73 133 134 142 147 189 192 211 214 257 271 273 381 423
17 64 108 116 117 130 149 160 316 321 333 437 440 450 490
56 78 79 109 121 136 179 188 330 340 380 383 397 462 484
7 39 52 54 115 117 137 151 153 165 216 224 247 404 426
3 36 90 94 104 130 158 164 202 240 330 394 465 467 473
2 30 58 98 137 146 162 174 203 254 275 370 375 442 469
27 35 118 128 141 228 232 245 259 285 358 440 451 453 488
102 121 194 201 205 217 227 237 250 285 288 308 341 385 457
175 178 182 230 253 287 324 336 380 402 406 445 451 459 481
64 98 136 175 179 290 291 301 312 321 343 346 357 455 472
1 48 63 67 140 146 173 210 218 230 259 307 323 436 470
28 43 191 244 248 251 267 268 275 317 395 398 411 467 481
23 37 65 97 128 186 225 245 284 305 339 383 399 409 446
5 80 89 113 115 158 185 208 240 301 305 367 432 464 472
42 45 47 48 83 126 142 286 317 337 399 403 436 437 498
26 41 150 193 224 251 267 270 358 383 388 390 452 484 485
44 50 98 99 154 174 254 297 312 370 400 427 431 436 492
9 112 139 192 209 304 319 335 347 350 416 426 429 435 489
14 33 34 80 129 144 162 178 200 231 234 337 349 372 431
24 43 107 179 200 205 310 359 392 412 429 469 476 490 494
24 38 42 43 86 124 174 182 337 346 351 354 359 373 482
113 151 264 272 317 335 339 363 398 403 427 461 468 477 481
52 56 100 103 106 121 184 222 252 296 323 367 412 422 448
31 54 61 121 141 149 178 203 213 218 220 294 338 344 484
29 93 111 165 231 247 336 338 382 385 468 470 472 481 482
103 119 169 180 206 243 273 280 352 380 403 412 442 444 475
13 38 56 86 107 182 209 219 229 242 256 351 377 458 476
20 75 87 88 136 181 255 266 275 362 394 424 468 483 491
54 63 83 107 131 168 218 220 315 381 412 418 440 447 495
9 44 57 119 135 167 171 186 222 226 228 391 404 435 462
50 83 173 210 230 238 275 278 338 343 376 381 388 424 463
17 28 72 79 150 158 246 261 298 362 414 416 421 457 492
27 66 67 85 191 205 263 289 319 340 374 377 412 435 463
22 48 51 54 73 106 144 198 221 278 289 316 396 422 484
33 133 161 188 207 238 306 312 319 332 372 437 457 461 488
54 101 103 193 224 226 248 254 262 351 352 409 414 421 479
45 49 95 118 185 190 201 223 259 261 277 281 299 326 451
48 61 86 93 129 140 144 167 183 197 199 279 368 370 403
27 29 44 78 104 119 184 199 221 230 242 262 341 386 396
85 103 128 132 200 230 237 294 306 350 357 376 385 390 472
28 69 74 84 100 189 201 303 331 342 384 418 448 457 493
68 102 160 174 203 229 231 285 328 332 346 352 375 448 468
25 65 101 120 137 169 186 216 226 248 266 401 416 424 434
88 134 232 246 248 252 281 288 328 344 354 392 435 439 476
0 1 22 95 105 169 213 319 339 363 401 448 451 463 486
117 130 156 162 207 250 251 283 308 325 342 355 425 432 487
108 125 139 165 178 184 236 322 323 331 337 367 372 401 483
12 18 19 24 190 212 239 288 304 307 325 338 425 437 471
11 38 46 53 96 105 114 118 191 223 275 277 302 357 436
41 42 70 88 118 161 182 212 217 234 286 395 409 436 453
4 8 39 49 56 86 164 184 215 239 276 288 399 453 477
20 39 50 62 82 117 145 178 198 272 282 287 305 412 457
21 46 90 123 127 131 132 149 268 352 378 414 444 488 493
0 4 52 89 108 129 151 172 235 360 364 366 388 432 453
38 62 74 92 120 176 203 206 226 232 236 259 281 284 344
32 35 45 55 103 107 151 158 174 235 363 366 387 413 424
73 97 130 195 309 318 327 340 350 361 374 402 411 447 450
0 28 55 79 98 219 235 259 306 309 351 390 400 451 467
5 97 135 177 183 203 249 267 288 294 313 335 359 402 423
14 83 117 173 240 268 316 323 324 336 340 416 429 463 464
76 109 267 270 274 316 319 338 353 361 363 385 389 465 474
8 52 123 128 142 149 171 194 256 292 361 416 431 441 494
7 23 65 119 126 178 239 249 277 322 373 383 447 475 481
33 68 198 204 213 215 248 272 330 346 368 414 435 474 486
0 34 69 76 191 194 211 243 270 305 363 369 440 449 469
2 53 63 86 91 141 202 206 230 357 360 417 434 459 487
4 40 63 74 90 137 141 259 274 350 383 385 429 439 453
17 87 117 137 220 224 273 280 281 304 317 350 355 406 457
41 53 99 126 153 201 314 354 390 426 429 463 476 491 495
17 97 131 137 180 208 245 266 272 290 344 373 428 434 438
10 15 67 100 105 164 174 181 222 324 363 374 425 464 480
36 58 99 146 233 243 299 305 312 358 359 398 472 476 498
38 77 84 144 179 253 297 320 328 410 424 432 433 458 493
41 61 72 98 99 116 182 187 229 260 306 342 357 400 401
12 56 71 168 223 239 250 257 267 275 288 308 329 382 427
15 55 82 132 172 189 252 260 274 301 358 383 412 424 464
39 46 61 75 243 261 301 318 335 347 374 388 448 456 474
85 90 91 112 123 171 178 191 235 251 302 318 352 429 444
4 55 63 121 222 228 239 278 310 370 420 434 436 451 471
104 115 155 175 262 277 292 320 338 339 372 406 428 480 481
17 32 34 120 126 147 177 235 241 248 253 371 455 462 466
32 75 95 113 150 165 184 191 203 260 294 337 374 379 444
8 33 89 102 113 125 142 190 333 370 402 410 413 416 466
0 23 37 51 77 88 109 130 138 200 217 244 286 477 494
7 48 88 102 126 136 154 156 173 264 286 317 359 375 418
3 34 74 102 157 178 253 273 327 335 340 389 411 415 497
3 39 76 141 155 179 200 239 241 299 338 356 405 457 472
0 49 73 98 139 158 173 202 268 269 344 364 416 425 493
5 59 63 154 180 212 227 261 287 363 368 382 392 453 474
8 22 40 77 112 119 164 169 202 210 332 431 438 486 490
17 38 41 72 78 164 198 224 249 255 257 318 320 413 497
62 71 122 139 171 279 315 347 350 371 393 414 479 483 496
51 53 116 135 166 170 202 235 242 286 330 368 374 408 410
118 119 124 129 138 171 193 255 271 285 426 465 478 493 496
16 89 124 169 190 202 252 287 303 382 387 392 412 436 437
40 157 160 168 185 229 232 241 242 253 292 298 314 335 422 437
20 70 77 91 99 177 185 192 197 263 282 296 303 394 405 406
2 10 23 25 61 101 127 150 154 285 305 352 373 436 468 492
35 52 72 85 101 127 151 258 281 289 319 375 395 415 436 463
3 8 22 49 69 129 146 178 182 208 232 240 288 403 438 463
10 64 113 120 132 237 242 250 286 344 378 387 407 471 474 484
9 41 49 51 92 102 129 269 270 296 314 344 350 376 384 489
7 30 37 67 130 204 205 213 218 230 234 264 310 312 335 404
28 48 95 123 125 134 164 181 240 246 253 268 278 372 432 435
12 48 51 87 144 167 172 186 228 230 304 345 365 420 465 495
2 17 93 151 196 202 251 253 261 286 308 334 361 386 415 487
13 207 261 284 304 328 330 351 368 375 399 415 423 429 432 496
18 34 141 152 167 211 215 227 252 267 289 345 358 420 481 499
17 18 46 69 130 143 245 318 338 378 387 389 410 423 424 442
37 57 78 83 90 118 168 172 178 193 274 308 345 377 406 488
1 49 51 84 146 179 183 231 262 348 355 406 412 422 423 474
26 207 211 235 238 239 258 289 293 318 340 345 367 384 395 455
46 58 66 99 144 174 186 189 203 269 312 407 421 471 484 490
37 38 171 204 214 229 258 265 305 333 344 347 404 432 468 484
41 46 81 88 101 102 132 159 188 237 281 308 346 361 490 495
29 49 86 96 99 190 216 245 287 302 335 343 382 429 439 489
25 30 39 52 80 118 207 218 227 253 261 358 387 418 429 436
6 24 78 92 96 144 156 171 174 227 244 256 268 379 454 495
6 53 83 125 173 192 200 249 254 283 331 332 455 485 486 490
53 70 161 227 277 302 346 358 365 369 404 427 470 474 491 495
83 105 136 192 219 245 277 307 360 424 429 433 434 448 470 488
33 47 55 103 108 123 142 156 158 187 269 351 405 409 412 475
67 103 120 122 129 130 152 170 188 193 211 253 278 283 366 407
46 58 62 75 92 108 120 158 169 224 270 334 389 402 413 484
38 45 58 105 126 140 173 241 269 314 324 394 395 404 413 447
3 17 66 70 140 163 215 242 261 275 294 318 362 381 400 401
5 21 157 180 201 206 216 255 273 347 393 404 419 433 453 464
21 31 98 99 125 128 144 201 204 206 212 214 330 372 437 490
8 61 85 110 138 168 246 272 273 321 350 390 418 427 435 468
48 92 114 133 135 158 169 178 244 271 289 293 328 333 400 416
22 39 43 81 108 156 199 243 245 297 301 320 384 460 463 495
0 49 71 119 123 187 189 205 209 228 319 367 405 414 449 457
16 50 51 87 131 166 169 176 179 180 182 184 194 254 265 312
5 38 42 52 119 139 185 189 190 226 360 419 431 438 461 492
24 90 110 130 186 216 266 284 286 309 337 381 416 419 472 474
11 60 65 67 94 186 240 251 306 326 340 412 414 434 438 471
6 20 37 42 49 65 67 79 121 150 214 295 366 387 403 482
10 43 46 51 100 145 162 178 198 210 235 322 323 375 434 481
87 103 151 225 234 271 289 301 304 337 428 434 442 448 454 497
22 28 55 79 100 175 217 319 345 362 393 428 434 494 498 499
6 22 44 46 193 272 274 320 339 348 351 385 399 420 442 499
38 41 43 101 123 142 148 219 241 250 309 332 362 365 423 482
10 19 35 82 108 118 123 144 192 236 336 343 371 383 392 415
20 64 69 70 90 101 117 142 162 207 274 283 329 338 376 383
3 13 20 40 62 63 107 178 288 302 331 347 368 418 437 440
15 19 41 58 59 122 146 206 288 289 311 328 367 408 419 486
31 103 109 156 190 235 244 249 305 310 345 360 416 434 457 479
58 98 107 145 153 155 164 304 313 318 356 456 458 460 468 481
7 17 83 107 152 175 201 220 232 248 265 350 351 356 418 475
10 46 91 107 119 126 203 248 300 348 359 367 404 405 423 475
4 12 61 165 169 217 234 295 313 331 334 345 403 432 478 481
28 63 119 131 174 178 186 243 261 315 330 378 441 448 459 486
41 76 151 186 198 312 325 358 363 365 386 424 441 462 477 479
8 67 69 122 161 231 242 266 275 335 380 393 394 434 476 493
75 76 94 103 112 124 154 159 214 220 266 332 349 446 450 495
3 6 21 108 216 233 238 267 275 282 288 321 349 370 376 422
7 18 99 110 129 237 242 339 356 385 386 401 411 415 449 470
7 24 27 66 121 156 160 231 258 280 367 372 391 407 424 438
1 10 21 32 58 137 188 192 223 228 275 303 311 360 383 436
35 46 174 175 194 201 212 282 302 305 350 357 404 428 452 485
99 115 167 182 193 228 230 239 259 268 293 299 435 449 452 459
8 20 25 52 60 111 139 161 205 250 299 374 437 453 473 499
46 87 94 141 155 167 218 244 264 266 275 292 311 327 356 478
8 50 54 91 185 286 289 295 298 314 316 325 348 378 424 488
18 40 50 106 115 139 167 188 248 293 336 357 360 404 433 450
38 46 109 137 147 152 183 283 289 369 393 426 428 452 463 466
3 67 77 113 129 131 134 146 151 205 261 266 276 357 420 463
25 33 43 46 57 74 92 173 186 313 315 327 342 348 413 466
77 92 183 184 250 274 319 327 363 392 393 406 412 440 460 462
7 42 52 58 69 92 120 184 216 240 319 374 383 403 459 478
57 62 86 104 137 149 257 274 308 347 364 393 404 409 439 443
58 79 108 186 192 257 309 324 340 346 359 388 426 452 458 464
3 14 103 125 157 175 256 297 326 354 358 410 429 441 456 491
6 153 176 196 207 219 233 305 334 348 397 401 410 448 469 472
3 89 131 135 171 193 304 335 353 386 393 404 411 423 446 465
60 64 102 134 142 168 208 224 259 316 318 328 379 434 451 479
91 159 178 187 202 230 238 253 313 316 342 351 393 443 444 474
24 37 57 98 106 123 141 207 217 270 290 294 346 356 379 395
12 32 33 60 157 194 283 297 307 355 409 418 443 448 471 475
35 72 119 168 224 239 266 343 347 367 374 391 404 409 477 490
3 26 37 45 76 89 112 153 180 205 261 275 307 324 405 422
38 59 68 69 131 140 156 176 236 237 240 272 340 382 443 456
6 66 135 155 178 190 232 290 296 352 365 391 432 447 472 476
56 133 143 152 176 186 192 260 278 311 312 370 387 394 430 463
74 154 195 200 241 249 304 325 341 342 354 378 386 390 391 396
22 28 66 96 99 100 103 203 223 263 297 314 331 344 401 445
70 72 95 97 107 151 252 265 272 355 372 377 381 462 469 481
27 39 42 56 63 89 154 185 192 304 308 357 413 426 455 471
20 32 40 97 114 134 149 208 209 260 280 285 307 343 434 472
1 63 81 163 168 196 221 225 234 253 296 342 396 410 419 422
15 18 44 69 82 84 126 130 151 196 277 349 355 421 485 488
62 110 125 179 184 206 264 300 347 348 365 366 377 387 464 470
0 23 85 92 138 160 195 217 223 231 243 256 285 306 439 481
0 1 55 105 126 157 215 240 263 306 317 321 345 377 406 420
43 96 124 144 159 190 230 317 371 399 412 416 448 456 480 494
6 30 66 95 105 109 128 166 218 235 238 241 305 314 338 467 482
8 86 116 137 149 204 215 216 255 257 352 382 404 422 458 461 476
41 44 45 79 92 101 175 192 210 221 238 254 302 306 311 361 444
63 73 94 154 159 199 227 295 305 317 372 398 401 433 476 482 488
16 74 97 121 172 208 265 268 273 288 302 318 326 360 361 418 421
71 84 152 186 197 216 265 269 331 362 383 388 395 432 478 485 487
41 50 63 91 122 133 176 189 269 277 304 312 319 345 363 398 432
14 64 75 126 148 150 158 163 200 228 255 269 313 361 438 461 470
2 17 79 138 186 206 216 236 252 259 302 304 305 360 372 428 458
17 25 67 97 171 174 197 238 281 282 315 316 387 393 415 435 479
40 46 78 92 93 96 118 134 272 289 300 342 347 430 436 479 486
14 42 56 75 86 103 116 119 137 321 343 366 397 407 414 435 477
11 58 70 99 105 140 235 236 237 291 354 364 414 437 479 481 495
102 124 143 151 179 187 274 280 287 333 335 350 394 400 405 474 497
16 40 68 87 178 183 185 188 194 224 227 244 295 311 348 374 421
76 79 112 125 150 153 203 220 254 314 340 347 382 398 433 439 451
1 2 78 113 141 142 174 204 217 251 327 339 369 370 403 416 419
41 61 64 87 162 191 202 223 228 229 272 279 280 283 300 336 397
24 35 47 89 110 116 153 219 276 282 323 375 407 447 450 461 480
73 161 163 231 241 246 252 290 293 311 326 384 405 420 442 455 489
8 14 42 120 177 187 188 203 256 259 261 316 357 377 397 433 440
61 67 86 103 149 174 201 288 289 311 329 370 395 415 425 440 487
22 27 83 145 184 219 297 315 339 356 376 427 432 433 449 461 489
13 30 41 66 141 179 188 220 264 363 367 416 439 441 480 490 494
69 85 87 95 102 137 164 180 216 223 253 277 300 321 429 451 463
26 32 46 67 121 168 209 251 259 284 346 357 397 455 469 493 499
8 62 65 85 163 183 221 235 247 278 279 348 368 378 403 468 469
19 96 135 137 183 189 205 245 256 278 318 324 351 417 418 462 472
8 42 52 53 67 88 105 160 173 187 235 291 329 366 408 452 483
123 151 167 168 169 225 271 296 306 319 321 325 357 370 415 420 466
129 139 153 191 223 226 233 240 253 262 268 290 330 335 340 448 457
46 47 52 65 153 154 192 193 218 229 254 345 395 397 405 436 496
1 17 33 55 74 95 125 135 193 199 201 313 350 357 376 399 476
33 48 59 134 171 206 222 234 246 250 259 262 270 284 390 414 491
5 23 64 107 108 134 163 202 211 274 291 348 406 415 425 431 442
10 17 97 98 103 115 133 222 224 272 309 324 327 355 452 472 480
7 54 56 99 108 137 139 152 251 261 314 319 363 424 446 472 487
22 54 104 127 159 170 173 212 241 253 258 269 289 352 369 379 478
3 48 57 67 92 100 117 154 168 260 340 347 353 362 363 433 472
3 15 32 45 56 102 122 123 156 169 219 238 304 305 392 401 495
52 77 83 120 125 168 192 204 230 259 292 322 344 363 376 448 463
36 65 66 71 75 127 157 165 235 249 253 262 294 304 313 375 391
12 79 90 92 160 171 265 269 276 288 299 319 347 413 415 437 457
97 105 114 120 212 237 293 339 355 366 377 381 387 392 425 452 464
15 52 90 137 162 176 264 289 302 318 337 342 351 408 411 454 478
12 32 82 90 155 165 187 209 220 233 241 310 345 356 439 460 466
14 53 105 143 252 253 258 265 295 339 349 364 386 410 440 446 471
16 89 118 149 204 228 241 262 281 315 353 376 398 400 428 445 479
50 54 60 75 91 108 112 123 156 216 246 248 289 317 336 413 439
89 115 141 180 199 259 274 282 283 339 402 419 423 431 441 485 492
72 98 109 147 178 220 233 258 265 290 293 331 398 408 429 449 474
20 24 37 47 69 70 92 254 257 286 328 353 361 395 410 425 460
29 51 78 96 153 201 205 212 250 320 326 328 351 358 402 433 447
31 88 93 109 144 209 246 253 291 345 366 373 383 422 431 467 499
12 13 63 76 124 174 186 192 253 276 301 317 334 371 394 404 418
48 119 137 148 160 165 189 201 208 224 263 279 283 284 305 471 478
30 64 83 99 125 139 176 192 227 230 347 348 376 386 397 404 498
8 14 80 95 189 194 298 350 359 363 367 368 393 404 412 415 476
41 57 66 91 171 176 181 188 195 265 284 289 346 369 441 481 483
1 26 53 72 96 111 120 123 143 175 179 327 362 426 436 477 494
3 15 27 52 63 72 86 176 218 226 257 264 295 355 410 419 481
68 100 113 124 125 137 138 173 195 201 213 219 289 300 330 433 465
31 41 49 59 69 101 108 166 170 175 186 192 197 248 309 386 408
10 38 57 64 74 208 241 319 400 421 422 423 440 466 467 477 492
12 49 75 116 142 222 277 309 343 351 382 407 412 423 428 452 494
0 8 58 59 96 175 215 239 240 243 303 315 346 414 416 470 478
34 72 114 133 149 167 175 203 250 301 307 370 381 395 399 400 429
11 66 95 101 127 134 154 197 200 206 261 329 336 351 364 397 467
7 11 39 42 54 57 74 120 189 207 241 247 291 415 442 478 486
14 40 44 45 122 126 165 198 216 230 307 314 336 348 448 483 499
11 31 69 88 98 110 207 244 256 303 372 391 424 442 463 471 475
13 39 76 174 180 181 183 223 230 272 288 357 370 376 414 426 462
13 33 62 64 201 203 274 279 286 383 386 395 403 430 439 456 473
8 96 193 195 197 221 224 236 267 271 273 320 345 357 401 451 462
1 49 69 97 141 179 240 248 293 300 320 361 402 434 449 454 483
78 134 137 163 231 262 287 317 345 376 404 426 441 450 460 473 480
9 56 71 119 173 189 200 202 232 243 253 274 381 447 469 491 494
39 81 132 144 160 163 188 219 249 268 281 282 308 314 377 403 481
49 131 159 167 210 251 268 294 304 319 331 334 403 415 431 440 447
2 25 28 33 66 116 143 148 201 203 215 221 273 341 456 467 469
58 69 104 110 154 170 171 239 249 294 320 397 429 436 459 463 471
19 45 82 87 100 165 186 199 204 236 280 295 308 331 343 379 428
12 89 110 118 160 223 231 286 338 369 377 378 396 401 415 462 466
0 7 23 75 103 180 202 214 222 283 292 303 351 398 474 475 485
48 68 98 113 144 162 174 178 191 202 240 247 258 274 341 407 410
13 40 43 66 165 170 173 218 283 302 304 344 348 391 397 442 457
55 98 113 125 138 141 155 170 191 199 227 232 308 327 332 366 412
72 101 176 179 186 192 195 204 205 271 275 360 367 392 419 427 467
10 24 46 80 146 149 153 182 215 218 227 253 257 295 320 343 440
96 99 100 151 158 184 213 331 339 346 352 363 367 371 395 409 478
13 117 212 246 265 277 280 298 313 350 413 427 469 481 484 494 499
0 53 69 131 185 204 222 247 259 274 281 295 365 380 409 415 421
8 46 89 111 147 221 229 231 241 257 318 322 331 383 442 453 481
14 20 55 58 87 91 94 148 155 181 184 225 269 278 296 361 371
112 114 122 157 170 175 238 252 267 293 296 313 318 355 412 423 435
21 40 102 167 168 189 190 207 209 247 268 282 322 352 377 397 435
2 19 47 87 100 163 174 196 199 203 207 215 239 307 370 391 469
1 5 47 67 82 123 127 185 213 294 319 320 399 441 454 458 477
25 95 110 123 166 232 240 257 273 288 356 360 378 399 426 458 490
10 18 39 44 82 131 155 162 201 250 257 314 315 343 354 439 483
76 147 171 182 193 197 208 209 236 262 295 335 347 365 421 473 481 497
70 79 121 140 150 162 188 222 223 272 277 290 308 319 324 354 363 398
11 58 72 85 86 167 169 173 189 281 315 408 443 452 454 459 490 494
23 24 60 73 84 156 195 208 234 254 255 282 310 314 321 413 427 428
20 22 57 132 156 210 224 242 303 367 375 391 393 412 414 473 494 499
26 50 57 114 119 122 182 195 226 251 277 278 284 320 351 397 417 418
18 64 89 113 135 160 165 225 227 242 245 263 291 305 437 441 452 471
0 34 46 65 82 93 95 133 189 197 213 266 355 382 385 460 481 486
29 75 101 120 133 176 217 273 321 353 404 418 423 424 470 473 474 492
0 5 14 38 112 164 228 243 247 273 289 303 308 313 376 416 430 459
1 17 61 78 83 93 114 115 150 176 230 294 328 369 387 392 425 438
16 41 74 94 143 155 175 183 230 257 279 308 320 328 358 385 392 433
11 40 75 85 94 99 152 156 221 227 261 262 273 357 403 461 478 495
27 52 58 60 104 113 123 127 186 193 199 209 236 241 255 298 352 489
1 17 27 38 41 49 73 75 104 166 250 253 320 350 371 407 458 499
79 99 209 222 271 301 306 312 314 322 366 391 399 406 410 432 449 499
16 150 170 185 196 232 277 296 321 323 348 356 357 373 378 455 477 487
46 85 208 212 219 240 254 286 292 301 319 342 360 403 423 460 474 498
3 143 224 228 270 285 293 296 314 327 370 405 423 456 460 481 482 498
13 22 55 61 86 104 107 133 149 252 259 278 323 339 340 350 360 487
34 77 81 100 130 133 135 151 157 159 169 174 194 232 281 376 412 457
22 51 60 76 83 90 151 185 245 288 297 299 390 417 418 438 447 454
9 74 78 80 126 163 183 225 254 268 302 309 355 367 375 398 449 483
12 45 50 71 97 138 141 149 155 215 288 298 310 311 364 397 406 498
33 54 70 135 151 164 182 183 192 209 210 225 268 371 396 422 463 482
6 11 39 49 58 100 118 135 169 181 220 261 264 274 360 370 414 423
8 40 42 59 94 95 97 122 128 155 163 175 201 224 235 303 441 472
11 15 28 33 79 111 179 186 198 206 233 249 257 308 323 336 338 382
5 19 37 110 157 169 185 226 275 325 347 361 364 440 441 493 497 498
101 143 148 207 225 233 251 281 323 351 364 389 397 410 452 461 487 495
4 9 68 92 161 212 223 234 254 256 309 322 365 377 380 381 402 458
92 98 145 192 193 194 195 217 230 279 298 340 349 401 406 423 427 467
23 53 95 118 144 176 205 235 247 256 258 276 365 404 434 442 459 489
73 132 140 190 195 212 219 222 226 245 258 294 336 362 378 440 446 469
21 41 59 65 76 122 133 201 252 271 286 303 313 381 403 415 431 459
20 22 44 61 85 200 209 222 235 270 305 316 388 392 453 458 495 499
11 44 71 94 106 187 226 245 262 310 342 363 381 405 415 422 444 487
32 56 111 166 170 187 253 275 290 293 299 336 351 356 358 396 414 428
46 51 70 75 105 155 176 196 206 253 256 283 301 329 367 393 461 492
11 13 89 143 193 199 216 281 291 321 352 409 428 431 440 462 470 488
31 33 96 97 198 219 229 241 243 297 324 347 368 402 412 486 487 498
1 19 44 70 71 83 111 159 168 209 231 245 260 276 290 293 383 458
16 55 65 128 134 188 217 221 260 288 301 352 362 392 395 438 493 497
34 55 59 65 126 151 183 220 224 229 259 286 307 321 351 390 407 453
6 12 30 35 96 101 134 136 187 194 240 308 324 325 329 399 437 454
35 103 121 147 257 259 294 297 321 350 351 356 389 395 422 458 475 491
54 80 112 126 152 169 190 208 288 314 323 337 353 372 384 386 411 451
111 125 179 240 249 272 288 301 315 345 350 365 371 372 400 414 429 441
16 19 42 98 135 160 181 217 220 230 235 258 270 285 287 303 326 476
11 24 60 97 108 142 179 183 226 239 272 278 347 416 418 448 463 479
46 48 51 63 89 90 97 123 133 138 156 257 317 332 359 410 428 477
17 139 143 150 182 202 240 261 290 312 365 379 389 448 454 482 485 499
40 51 74 175 183 204 238 242 252 256 278 345 355 403 416 442 459 493
14 30 44 48 94 160 163 183 201 245 301 366 378 384 392 442 492 497
2 38 54 55 100 102 115 124 131 160 166 169 186 267 361 380 455 488
2 26 38 68 97 124 199 233 244 295 297 309 317 406 437 438 445 490
3 20 68 77 87 106 189 284 316 338 340 371 373 374 382 409 416 461
5 60 77 95 143 150 159 164 180 221 254 269 326 376 380 389 414 475
2 53 159 160 168 190 200 232 247 265 279 308 320 321 322 386 473 498
142 152 171 176 187 234 237 346 348 376 404 415 421 425 432 467 487 498
79 85 100 119 142 157 166 183 207 231 236 250 306 333 357 388 441 495
20 66 91 100 162 180 188 195 198 278 372 392 404 413 428 455 458 491
16 25 31 89 95 122 137 144 151 211 239 304 327 394 395 414 427 458
0 9 48 50 77 90 125 137 163 200 267 273 296 305 373 452 467 499
11 44 95 109 189 190 219 220 245 250 268 269 328 354 388 415 475 492
3 15 29 92 107 142 161 179 206 232 277 298 299 369 385 413 424 497
18 89 104 187 199 215 240 321 334 344 353 372 374 379 409 440 454 488
109 140 142 175 188 198 204 219 220 250 261 263 366 393 417 485 486 488
50 122 150 179 208 232 245 329 334 343 344 417 419 420 421 424 429 496
1 31 91 113 130 196 206 207 212 218 246 248 308 322 359 386 460 498
30 44 140 152 155 191 195 226 264 292 302 310 345 356 397 410 411 412
10 15 26 37 96 172 253 277 337 357 361 364 369 370 396 407 439 486
10 19 54 83 118 195 266 303 305 311 336 340 351 392 442 450 480 494
74 87 115 126 134 136 165 168 201 218 251 332 336 341 377 396 483 489
10 37 42 44 46 48 55 80 153 165 174 186 200 235 272 389 439 494
13 34 90 104 131 153 184 188 197 235 238 328 359 402 427 441 473 496
36 81 87 97 133 183 208 213 282 349 364 371 372 398 407 416 419 484
17 67 89 126 135 166 177 182 218 287 298 330 354 372 397 428 456 469
5 18 63 75 151 161 234 268 323 327 333 336 385 429 457 462 485 498
25 59 65 209 220 231 232 264 281 349 367 383 389 401 420 443 461 473
109 133 137 173 176 206 216 242 246 247 281 288 330 411 415 452 456 463 472
1 14 98 161 180 182 202 243 245 248 261 265 266 287 426 440 465 478 497
74 94 95 100 127 153 202 216 219 232 263 283 306 309 311 334 403 449 465
5 87 88 96 112 135 138 183 207 273 303 316 328 332 341 343 407 416 469
1 8 21 25 31 39 72 82 101 159 240 245 276 285 401 422 431 480 481
2 32 44 100 120 124 146 147 195 196 258 270 294 332 348 398 414 457 471
11 52 74 84 88 129 134 151 153 205 208 221 274 303 370 417 426 484 485
1 40 43 55 150 161 167 191 195 224 291 299 300 309 325 343 365 467 481
8 12 33 41 157 206 233 253 272 291 301 306 348 361 365 391 445 476 488
28 106 115 142 166 169 243 284 306 311 343 389 408 415 428 453 457 485 495
51 75 96 123 172 202 208 237 274 334 338 349 363 381 441 444 463 464 476
30 60 84 115 168 171 205 231 240 250 255 275 320 372 395 415 441 443 485
21 76 84 100 130 153 157 173 188 194 251 269 317 368 377 402 403 484 498
8 75 117 127 132 136 165 171 190 288 341 358 379 393 395 451 460 485 497
13 88 107 133 144 171 204 246 254 273 306 317 321 348 358 377 438 447 465
36 77 100 133 150 171 191 195 204 248 295 338 355 391 423 442 444 471 483
5 31 32 196 205 224 254 268 303 315 360 367 383 390 395 400 436 457 473
5 8 112 141 144 211 236 243 299 305 341 353 388 393 399 445 478 479 493
14 57 63 70 108 151 182 209 278 301 367 397 401 404 405 422 455 467 497
13 76 129 130 178 193 224 233 242 276 278 281 305 323 324 351 360 424 450
2 20 32 50 74 120 140 143 152 227 236 320 337 359 386 400 413 416 424
2 28 37 104 129 146 152 196 207 216 220 227 251 273 329 372 417 492 498
4 16 59 105 109 113 141 166 207 248 259 288 299 300 369 380 421 435 472
24 27 47 111 150 175 231 241 253 267 277 289 304 305 329 371 434 444 492
10 55 77 84 125 140 159 162 167 185 207 256 267 308 330 351 427 457 469
75 112 115 191 198 206 233 245 248 310 324 329 355 358 400 406 416 435 445
0 19 24 46 70 78 99 128 141 149 175 181 218 257 275 331 381 436 471
24 48 82 90 116 141 144 179 214 223 245 267 299 310 337 341 370 387 434
6 10 45 48 96 98 118 124 140 240 274 278 327 380 398 432 436 482 486
0 10 20 24 125 134 218 230 251 263 266 289 325 346 361 387 400 465 466
69 98 142 197 206 215 266 268 288 305 312 406 414 431 440 450 460 466 469
10 18 99 158 160 170 192 209 242 271 285 292 342 356 386 390 410 457 474
3 32 60 81 90 92 96 130 141 189 278 283 284 285 325 332 348 355 421
7 30 90 113 145 156 164 190 207 275 283 285 296 310 322 390 408 412 496
9 14 76 78 99 129 194 238 248 261 300 308 312 365 383 396 408 474 487
6 45 64 75 81 107 172 190 237 251 292 310 378 382 428 444 448 452 478
24 33 71 83 96 134 154 168 186 197 247 249 276 281 307 332 393 480 485
25 53 136 168 175 197 207 213 232 253 335 347 362 363 374 383 390 401 405
62 67 87 106 185 200 202 327 336 354 374 385 391 447 463 478 481 496 499
9 39 45 66 100 123 131 171 277 283 293 348 365 386 421 432 444 472 493
13 37 46 96 141 163 173 194 220 224 245 246 287 301 355 396 467 478 485
4 44 47 67 69 75 96 118 126 221 232 270 287 288 295 431 436 444 491
1 48 84 88 99 112 151 209 216 228 267 291 384 410 441 463 466 487 496
49 88 175 185 204 205 218 219 297 300 307 313 348 379 380 441 445 452 497
46 56 137 158 160 183 186 191 198 260 295 324 325 397 424 429 446 471 497
11 96 101 157 172 177 180 184 185 222 244 266 270 294 343 348 418 450 465
8 30 93 152 159 197 301 310 316 341 371 392 416 417 420 437 445 460 472
21 39 99 106 109 156 171 207 226 246 254 345 372 376 389 409 422 458 497
8 26 55 82 92 106 113 132 204 240 247 261 286 352 366 378 401 448 466
48 95 96 102 113 130 132 150 197 263 295 297 303 342 345 383 413 450 490
24 26 38 39 104 168 170 172 205 259 294 300 317 320 328 334 342 386 438
13 15 113 123 133 168 174 181 188 192 290 300 320 336 354 358 418 456 472
36 42 66 77 84 167 188 196 202 215 243 282 295 312 333 336 390 402 492
7 9 32 60 116 132 146 165 246 282 310 353 363 375 406 415 427 434 492
4 18 35 56 102 106 138 220 258 262 273 299 388 415 430 452 455 468 489
28 33 40 45 144 150 163 168 211 245 298 312 328 373 377 408 435 439 477
30 33 50 75 89 125 184 207 212 221 234 255 288 338 353 368 394 477 490
11 13 40 55 81 89 92 93 124 194 204 311 331 406 414 423 468 471 494
60 74 76 84 132 136 143 145 213 228 236 242 283 294 401 408 430 466 473
34 59 61 69 72 114 127 148 153 172 183 204 295 315 367 371 378 380 499
17 23 24 56 128 167 188 209 247 274 296 313 342 349 381 388 440 441 476
26 34 54 66 103 107 137 142 143 165 187 203 211 222 283 298 363 405 479
8 62 118 145 175 189 200 226 242 250 253 275 281 303 330 342 411 485 490
51 77 120 122 200 217 252 295 306 323 325 338 340 359 404 432 433 440 455
16 69 95 146 171 207 231 241 251 259 262 271 279 345 387 439 442 443 482
24 68 97 114 116 120 137 164 165 212 250 266 277 278 286 326 439 443 489
58 82 118 140 153 160 173 188 228 233 248 335 342 359 401 403 407 408 475
13 67 95 100 102 133 176 231 262 277 312 345 374 387 396 401 457 482 495
56 61 79 144 210 213 216 224 265 282 294 305 361 382 386 412 417 448 450
0 107 108 114 119 127 136 143 173 189 219 275 300 302 307 322 324 411 474
0 22 53 89 182 189 212 264 289 294 298 343 360 372 409 418 424 439 493
15 27 33 48 82 97 146 156 170 216 240 273 277 282 283 332 344 406 465
0 8 45 52 57 69 114 115 119 120 171 229 242 294 331 390 401 477 492
71 84 116 125 165 222 228 262 311 323 329 348 352 356 367 377 414 440 471
8 27 51 75 79 82 106 117 119 123 162 217 219 253 299 360 413 429 490
23 25 66 92 93 139 155 192 224 279 285 290 293 299 315 327 397 441 484
14 64 125 132 176 184 186 251 278 299 307 308 351 375 435 442 448 449 498
2 6 23 34 37 40 48 135 146 156 178 246 277 296 323 372 378 425 452
27 52 62 72 109 136 145 205 241 244 251 253 282 292 301 313 339 347 479
51 68 75 81 134 136 161 163 171 176 196 254 341 384 437 446 451 469 496
34 46 123 133 177 238 250 258 277 297 304 331 375 379 388 435 440 474 489 498
39 45 134 145 152 180 238 239 268 296 299 305 321 322 333 399 467 469 471 485
14 48 55 86 118 146 179 200 203 227 255 271 286 296 302 388 444 445 480 492
26 40 49 74 135 139 141 245 252 258 259 272 332 342 345 353 394 398 440 467
32 39 107 116 146 156 185 229 241 254 281 289 362 365 375 385 433 447 449 484
50 86 103 118 165 177 201 214 289 304 321 323 335 400 408 435 447 462 466 491
38 41 42 69 83 103 122 208 232 264 271 293 316 318 326 336 383 403 429 452
1 4 59 78 85 120 134 138 147 181 193 197 221 355 414 427 431 448 461 491
30 93 140 142 165 186 204 212 260 278 294 296 297 302 325 354 358 401 429 469
7 86 90 118 160 188 192 205 212 221 281 308 319 324 342 400 433 435 442 492
4 36 50 72 84 85 113 131 161 197 203 263 265 282 305 356 364 402 444 464
2 49 71 105 128 168 185 191 210 227 232 239 286 306 329 342 353 411 449 497
39 54 73 86 102 120 160 168 181 226 257 299 347 372 381 407 413 426 459 462
24 31 33 61 66 67 115 133 179 191 200 210 295 299 358 368 425 469 482 491
14 121 139 151 171 189 212 221 222 272 274 280 299 366 406 410 442 445 460 496
32 39 72 74 126 134 169 173 200 206 222 239 247 260 282 368 369 379 479 484
13 25 47 66 111 128 144 155 192 199 252 267 322 323 393 398 418 443 449 465
2 123 124 125 146 152 169 175 196 201 223 224 258 327 351 363 389 399 418 462
1 11 47 124 137 170 174 233 275 286 328 339 348 377 429 434 436 441 468 484
1 41 50 58 149 179 238 269 276 295 382 421 430 435 457 462 475 477 488 490
47 53 59 87 91 114 119 142 189 200 223 289 294 381 423 458 472 481 489 491
1 12 17 34 40 73 126 146 156 159 185 197 223 226 228 282 312 386 396 422
43 72 81 84 117 190 207 208 246 251 265 270 276 288 297 371 373 391 448 450
17 45 67 124 125 138 151 162 244 246 255 282 346 404 435 459 468 483 490 498
35 44 93 125 127 136 140 154 195 207 253 259 270 275 321 327 333 365 414 479
69 73 86 95 102 109 119 162 164 167 175 201 228 254 338 386 398 406 439 499
3 13 23 45 106 110 164 168 187 226 229 324 356 373 404 411 413 419 431 445
41 44 88 113 124 128 150 209 210 221 239 302 318 344 380 396 399 443 455 498
17 33 46 60 64 76 108 109 126 177 207 214 228 229 294 305 362 366 429 449
29 30 85 96 99 136 138 150 215 234 249 277 285 304 320 334 377 425 441 472
28 34 38 43 111 118 134 146 161 163 174 271 302 315 340 368 387 452 458 488
7 9 13 59 92 123 135 168 184 185 198 205 231 303 316 345 404 469 476 482
19 24 27 75 83 96 193 200 224 261 266 273 277 283 287 332 365 385 472 492
4 12 17 85 134 166 193 216 255 288 312 326 338 356 361 362 396 442 451 481
33 75 84 99 112 179 231 253 255 259 298 330 337 357 375 379 396 412 419 469
29 44 70 84 85 118 225 252 296 301 334 338 356 376 381 391 418 421 444 495
88 90 176 180 182 192 220 282 318 328 340 354 357 384 408 416 421 442 454 461
16 17 31 58 59 127 153 164 175 238 250 280 289 368 407 424 446 457 468 480
5 13 30 36 38 44 85 100 121 172 238 298 323 343 354 363 374 426 450 463
22 30 44 67 133 139 194 219 230 247 258 263 267 271 303 308 365 396 434 490
11 92 149 151 184 199 214 227 235 236 244 271 301 315 356 384 419 459 484 485
23 41 63 71 92 113 141 178 213 214 233 238 263 280 331 335 353 387 410 459
6 26 71 112 120 173 181 194 217 236 274 289 312 329 333 346 347 422 425 436
50 96 98 173 197 213 214 225 255 258 298 320 336 352 371 380 416 442 467 498
17 18 75 109 127 129 172 212 236 252 305 312 323 378 418 446 460 463 465 484
13 15 95 125 131 181 220 224 243 254 292 299 324 340 390 399 438 449 486 491
1 12 74 86 95 99 105 133 215 226 290 293 312 318 363 370 401 417 426 438
3 7 32 44 62 74 79 148 171 230 327 366 375 394 420 429 462 476 482 497
14 101 165 174 180 186 198 218 232 237 250 253 262 300 304 321 335 360 389 443
9 89 135 143 147 165 169 208 240 301 304 324 330 335 362 378 393 452 457 476
24 53 63 75 87 120 169 204 285 304 344 352 355 380 388 434 463 474 493 498
51 127 130 154 169 194 221 227 249 256 267 275 300 341 346 353 360 383 449 485
70 72 132 197 198 211 219 279 316 320 373 383 398 400 419 435 439 448 458 483
17 37 71 88 129 147 151 240 242 290 302 322 339 350 373 412 416 436 465 489
9 18 23 39 94 111 128 164 177 178 195 216 220 308 320 332 465 473 479 481
1 23 49 102 125 149 154 158 198 201 220 235 339 371 374 382 398 439 453 457
7 11 17 36 46 83 116 142 158 166 234 245 272 277 374 379 410 421 437 475
11 40 41 110 130 133 150 188 212 248 267 308 327 336 424 446 472 479 491 492
25 47 82 85 112 135 139 177 188 237 247 257 284 286 315 357 373 447 466 493
2 9 24 37 58 82 134 168 174 223 230 257 324 342 355 370 376 381 414 421
5 18 36 74 114 144 152 174 175 177 202 206 248 257 356 360 400 481 485 490
4 25 31 35 36 82 83 97 110 117 122 189 232 262 294 316 329 401 432 436
19 35 46 77 104 118 123 126 186 204 205 235 247 257 296 331 387 404 420 465
58 196 203 209 226 251 264 293 297 305 308 342 401 403 419 430 433 452 460 494
27 30 48 75 77 87 135 158 169 255 279 311 376 386 411 413 421 427 450 479
25 53 58 80 86 97 113 156 193 214 234 244 258 309 340 349 364 377 379 479
53 57 85 121 130 135 153 205 274 278 327 328 348 369 379 382 407 435 464 478
8 11 33 72 73 74 91 100 124 142 167 172 207 236 245 310 316 329 336 341
0 21 50 94 107 280 298 306 314 318 346 347 402 408 416 435 461 471 473 493
30 42 89 102 113 138 141 194 217 231 249 259 346 353 360 384 391 399 406 480
33 40 74 98 119 143 147 164 222 226 255 259 271 327 334 339 343 367 414 486
7 62 74 141 143 149 183 187 229 237 240 250 297 319 335 342 368 385 438 484
8 41 56 67 112 149 153 169 183 210 256 259 268 294 299 391 415 445 468 496
0 52 63 65 77 81 96 144 188 214 268 292 326 356 403 410 413 435 465 470
17 84 98 122 129 153 186 199 288 309 316 409 415 422 439 451 467 472 480 497
45 54 78 96 107 115 129 137 176 242 250 252 290 312 322 360 363 364 385 388
2 9 39 76 91 95 103 119 121 144 198 227 242 284 388 407 409 413 445 457
57 65 67 127 208 231 260 281 300 301 329 334 343 355 373 376 377 414 495 499
7 8 9 17 55 89 90 92 112 118 142 271 294 333 387 391 415 443 454 469
1 36 66 187 202 210 237 262 269 274 306 313 337 345 400 425 440 478 479 494
