391 454
117 138
76 95
293 458
16 183
280 403
151 233
385 410
300 483
354 490
308 484
77 240
123 144
116 146
0 132
332 452
168 192
277 279
400 468
343 492
122 128
71 107
307 481
129 240
115 181
320 475
63 215
318 490
21 61
256 494
104 151
54 126
288 292
389 436
280 456
317 425
300 387
256 310
284 399
163 204
181 218
266 333
261 485
136 208
290 293
121 212
35 85
417 461
195 201
55 75
11 201
88 186
420 447
131 163
184 187
276 373
98 214
75 223
252 460
61 89
157 227
6 23
353 370
363 469
387 399
29 234
366 438
50 188
41 190
43 155
13 35
173 236
19 38
62 146
408 437
180 217
266 418
329 487
20 94
156 206
315 447
16 205
389 438
23 117
67 125
259 470
267 279
267 290
33 214
305 414
281 370
278 417
55 143
98 242
39 139
121 128
327 369
302 355
66 200
110 116
6 19
226 232
41 59
342 359
194 214
168 219
360 420
333 345
0 178
341 367
28 206
398 444
115 217
276 282
26 233
63 188
449 454
263 412
342 481
441 486
297 493
162 231
292 345
14 31
424 428
280 470
341 453
302 368
82 137
312 314
60 236
118 144
254 273
36 196
19 242
342 349
361 407
268 295
111 203
340 392
73 79
20 151
120 144
2 62
305 370
41 189
409 413
363 465
34 239
322 405
419 464
74 205
395 397
460 462
307 423
40 93
13 105
61 149
62 210
141 218
16 212
68 74
415 418
78 109
255 274
185 189
32 158
188 212
363 369
133 203
29 123
283 332
367 434
28 193
63 94
338 416
157 168
132 171
284 398
305 464
281 406
113 184
122 197
190 241
131 203
11 202
173 227
28 205
265 347
348 452
253 447
199 218
352 474
59 109
295 310
432 450
102 224
480 490
1 83
57 164
50 157
110 247
230 238
20 176
292 384
384 471
276 338
88 212
298 363
322 417
395 499
85 170
29 105
13 230
348 369
415 498
321 487
54 129
171 192
369 454
497 499
41 234
108 117
367 428
254 280
154 212
434 455
65 164
60 177
9 34
119 234
89 237
120 237
69 131
263 378
313 406
287 455
392 487
137 203
437 444
296 426
74 126
35 59
340 452
287 376
273 382
267 312
336 491
330 403
297 465
260 416
427 429
254 339
387 476
95 184
44 102
324 367
421 425
179 217
57 112
176 207
484 491
470 482
351 413
299 425
187 215
78 128
285 399
352 431
331 442
319 384
163 169
86 240
97 204
209 243
9 59
369 412
183 223
366 439
79 219
396 440
357 374
153 159
260 473
169 175
9 14
82 130
7 71
213 233
95 197
130 248
367 388
31 224
279 446
68 107
172 216
257 278
363 461
399 412
131 191
156 278 357
15 118 314
145 261 404
249 262 357
240 283 424
42 80 190
348 422 480
283 352 360
54 197 365
207 369 442
290 309 372
78 216 363
120 147 352
83 176 187
64 92 156
8 213 225
308 310 435
11 15 236
271 287 415
329 379 405
146 244 481
71 213 266
272 332 366
12 206 310
381 471 482
43 336 425
48 97 221
52 422 457
1 432 433
275 361 426
108 239 243
42 43 182
56 423 424
48 161 408
343 396 414
254 343 471
185 390 472
0 171 257
155 200 479
276 332 468
177 220 465
202 292 311
0 58 157
215 288 341
223 329 379
325 358 376
124 213 269
116 192 419
269 284 382
80 369 389
87 158 442
215 232 260
85 109 463
28 50 131
240 431 481
285 402 489
255 325 356
259 346 449
153 189 406
109 358 467
9 213 400
247 260 277
237 315 345
318 326 367
22 127 172
7 9 218
18 68 238
35 270 289
90 204 252
87 126 424
56 208 238
128 171 231
62 255 304
264 381 458
23 98 286
45 232 357
141 367 456
73 104 145
205 244 245
9 112 238
193 313 424
46 185 477
333 380 452
3 284 415
96 311 419
236 411 494
24 111 396
94 292 433
32 249 490
227 351 433
280 359 456
326 375 445
428 456 485
142 398 408
11 43 105
286 398 457
269 362 430
145 155 411
33 283 387
228 307 474
25 410 486
27 53 250
52 436 488
202 244 272
367 414 433
431 465 490
240 404 442
204 365 420
93 128 401
26 64 439
70 208 293
425 464 497
34 64 122
118 318 387
172 347 469
441 486 494
213 473 477
26 189 203
307 323 383
159 178 248
27 147 224
103 125 159
13 100 351
17 131 159
27 318 458
29 141 171
86 106 170
70 282 439
24 169 205
134 222 444
16 159 431
47 199 210
81 189 339
29 57 112
92 162 282
61 296 410
320 389 477
172 204 244
11 57 264
171 397 448
102 243 272
136 162 285
26 149 214
244 317 390
13 75 151
178 212 407
307 469 492
12 204 474
123 311 401
282 396 457
11 64 137
17 212 363
93 218 232
18 79 150
294 430 439
75 356 400
136 195 220
98 140 428
214 372 422
12 56 318
306 385 415
96 186 294
306 406 454
23 406 473
292 379 450
121 232 279
337 429 481
14 349 448
422 453 460
4 388 408
185 188 203
383 398 441
148 197 227
159 160 166
92 110 152
288 308 490
144 149 340
0 336 446
14 256 392
136 196 224
96 178 476
252 366 395
35 122 197
7 127 437
14 65 395
18 214 225
122 285 367
75 347 392
18 241 396
145 431 438
249 298 299
33 55 247
287 364 465
421 428 471
120 146 165
268 387 463
96 276 451
250 278 297
26 54 262
14 53 77
152 240 323
424 459 467
31 67 299
41 67 263
149 220 242
164 237 273
33 243 436
93 118 136
91 106 197
64 228 376
7 13 139
11 41 105
33 147 188
143 196 477
232 244 461
125 267 383
263 335 344
238 284 368
267 298 396
239 329 359
90 468 488
268 293 427
31 226 248
311 329 374
300 346 383
382 406 425
65 81 247
54 115 167
326 336 344
250 317 364
169 179 350
74 333 340
136 352 454
321 333 417
21 68 258
35 109 198
313 314 488
26 38 136
98 312 468
256 308 379
341 368 460
97 304 325
84 132 253
12 47 414
160 363 453
216 334 431
102 187 224
2 202 413
7 70 113
30 105 146
34 68 96
21 54 262
196 252 494
294 466 480
123 179 474
194 267 288
360 377 470
351 431 482
14 98 481
24 239 492
69 165 195
350 385 408
330 456 467
142 178 188
183 184 424
320 425 493
117 367 405
141 371 415
106 320 430
72 189 357
5 92 491
271 308 384
14 209 216
118 314 367
202 226 306
5 15 401
371 426 495
114 249 395
314 351 449
107 150 181
332 351 429
25 186 465
26 404 453
154 230 434
17 62 291
211 226 338
50 74 122
15 31 62
49 185 198
138 216 424
444 463 480
78 152 212
14 36 146
81 173 248
202 209 426
221 311 321
63 69 198
51 258 385
420 438 476
319 331 445
132 189 357 461
119 305 390 483
40 172 181 305
20 62 278 315
83 299 338 421
57 263 321 483
149 153 161 293
43 219 348 356
23 67 121 475
42 283 348 424
105 212 231 240
156 204 385 412
60 219 230 327
312 329 358 463
136 194 202 205
12 95 190 458
94 115 150 435
34 180 375 426
44 204 281 436
217 253 385 424
33 192 229 265
10 211 273 317
320 334 384 488
137 218 382 431
29 48 445 481
78 92 148 260
105 117 154 415
36 80 139 444
101 203 339 388
190 297 346 391
67 313 352 475
56 386 434 472
49 173 355 365
121 139 360 426
13 20 50 191
130 158 184 372
151 371 421 444
91 116 321 382
383 387 450 476
292 311 447 467
2 51 220 231
58 203 313 402
13 93 129 468
28 145 354 379
6 35 38 245
67 201 219 351
308 318 488 494
77 145 229 465
69 295 306 341
349 360 374 424
296 379 400 496
174 192 238 300
57 88 182 443
113 342 396 463
225 285 440 492
14 35 277 293
14 46 214 343
22 394 400 479
30 37 161 200
71 112 176 232
54 152 199 221
15 53 107 413
73 277 294 397
191 192 194 217
342 351 381 494
384 412 418 478
104 149 178 257
40 73 270 389
11 282 378 388
24 158 216 399
52 109 245 268
56 79 366 499
20 27 72 303
78 79 152 153
289 301 361 469
306 350 366 474
48 51 378 422
179 202 221 460
71 118 120 237
14 244 376 454
132 133 163 367
125 139 250 293
156 256 368 458
373 377 393 448
335 394 420 435
16 185 477 496
24 188 208 429
239 299 395 480
263 318 349 357
298 362 409 457
215 385 430 453
58 143 349 437
207 209 439 469
27 53 93 374
38 54 211 213
131 175 310 468
227 327 397 417
32 107 292 380
148 281 302 428
68 120 168 419
123 160 240 345
254 348 392 414
177 265 321 467
313 356 449 478
15 38 119 155
72 76 221 498
90 187 192 304
74 116 135 375
260 384 398 415
6 27 32 105
71 114 314 351
299 335 343 470
19 253 297 408
44 63 123 222
178 296 310 462
65 67 239 302
125 136 454 477
68 354 484 491
296 388 403 479
47 52 402 435
80 230 308 460
4 121 390 473
18 337 409 497
2 110 185 187
5 138 172 198
28 274 295 332
90 219 338 351
23 134 345 404
89 246 345 379
89 227 272 338
252 259 286 367
189 329 443 472
366 436 441 487
121 268 275 470
28 154 303 393
1 30 40 220
180 296 359 431
21 183 239 368
181 244 247 308
52 179 317 389
20 220 232 406
52 187 218 465
63 79 255 277
116 131 197 210
37 234 242 246
23 123 217 287
63 155 190 439
42 272 279 405
10 59 147 240
43 70 321 437
71 145 381 429
267 310 325 341
102 327 383 442
50 189 204 420
67 245 344 372
110 164 183 234
63 150 190 229
95 162 279 356
53 127 194 415
119 130 247 248
291 329 404 458
124 142 216 410
266 269 379 382
8 64 218 329
297 358 394 424
94 255 265 324
4 115 163 238
25 167 212 248
126 291 404 488
7 17 107 365
58 168 285 438
8 21 56 185
7 361 428 476
109 184 195 214
27 132 212 226
117 182 264 368
5 337 455 467
59 123 128 178
192 257 303 426
191 271 280 335
47 71 165 263
205 274 353 435
106 242 272 412
71 105 110 256
223 232 248 320
25 129 384 403
8 35 88 154
74 142 158 282
239 325 399 458
83 86 233 451
33 148 365 406
20 38 47 71
93 165 232 491
142 164 329 457
43 115 199 433
54 108 185 423
344 365 426 444
78 81 216 250
48 196 453 479
330 334 470 488
27 60 286 432 482
250 268 308 316 498
25 122 261 405 475
1 108 201 216 419
99 194 327 370 471
45 312 400 456 487
214 233 247 295 407
245 316 336 396 421
78 118 127 304 452
3 62 88 113 180
58 105 284 328 359
103 111 165 285 431
18 52 59 142 199
327 426 435 452 479
340 402 445 481 495
16 89 232 270 341
87 108 140 317 355
74 161 304 305 441
265 370 429 431 459
12 36 112 340 469
182 230 267 305 347
74 237 285 329 351
22 35 125 188 419
14 17 117 212 283
184 248 363 408 494
49 100 288 375 377
178 235 336 412 478
28 148 281 311 480
18 135 175 176 298
169 238 242 253 416
97 104 184 233 413
63 271 387 396 483
72 77 202 404 445
44 140 245 294 470
113 206 329 471 483
46 231 368 428 492
164 186 323 398 466
2 22 314 405 457
169 205 255 410 446
1 5 218 311 465
152 242 268 270 392
83 198 253 358 460
146 221 244 381 451
114 160 190 371 428
58 169 247 300 453
2 126 233 354 395
39 67 74 75 169
23 205 209 233 484
168 201 233 315 492
115 125 254 404 496
176 184 197 206 289
61 206 306 406 480
18 99 120 213 463
21 206 362 368 412
10 19 171 258 339
64 81 149 249 425
50 242 292 379 386
30 104 171 469 476
7 12 151 168 397
116 154 233 272 275
120 142 176 235 323
18 135 158 173 176
46 90 152 173 312
76 80 189 230 277
55 236 253 283 352
241 276 348 377 485
163 165 253 289 318
195 296 339 359 383
97 337 393 451 456
151 255 410 431 484
17 110 112 272 381
23 163 167 169 243
41 50 65 362 438
122 162 308 334 364
100 235 258 333 400
147 282 296 353 379
10 61 100 370 381
76 105 317 480 497
53 68 94 206 276
125 309 324 390 498
70 145 310 460 465
71 112 243 249 437
145 215 274 451 470
42 221 229 299 402
56 146 175 441 485
29 207 210 388 440
48 137 143 385 428
53 100 151 309 325
60 223 233 359 395
31 119 151 179 350
137 321 385 421 432
141 143 404 406 410
22 123 178 218 282
141 187 346 370 376
42 94 166 230 363
19 179 394 398 476
42 82 122 266 350
14 77 111 229 348
32 97 105 274 336
84 110 152 259 417
299 310 321 471 473
26 145 199 222 250
61 315 339 342 493
5 171 214 230 347
101 187 209 268 421
15 48 147 274 354
23 51 213 326 362
5 198 259 338 350
83 174 280 343 362
2 64 123 151 238
50 137 142 159 246
3 144 322 382 436
0 169 218 332 416
89 228 333 485 494
83 169 194 289 341
205 292 316 321 393
83 179 211 245 477
10 144 160 435 464
251 261 283 338 491
25 63 74 209 328
175 375 467 473 480
35 56 207 284 435
107 155 176 180 459
330 341 436 440 447
27 229 320 337 433
25 147 317 429 452
149 215 402 407 409
263 266 314 319 418
140 230 249 319 403
21 251 308 311 429
50 154 224 294 376
212 266 330 446 466
98 156 314 414 470
1 114 115 339 420
134 284 357 371 382
14 20 67 200 405
72 74 170 235 351
21 36 84 194 216
48 55 94 162 480
253 299 313 460 483
102 284 289 364 447
24 33 73 91 352
46 199 203 277 358
9 136 213 405 480
232 249 318 444 460
3 56 178 190 201
14 73 290 377 393
97 141 170 356 476
8 130 331 377 492
30 197 240 248 447
7 214 239 409 412
30 35 77 128 424
135 148 255 268 413
45 101 152 245 294
77 171 272 368 461
59 69 212 419 496
101 138 202 415 495
54 59 95 152 153
92 100 343 400 482
58 247 341 445 485
56 286 340 413 422
80 121 191 227 303
251 270 328 351 363
24 111 212 371 390
44 59 196 254 398
65 168 246 399 482
57 85 187 193 241
60 178 186 334 475
64 171 172 181 469
29 98 296 392 408
35 98 114 128 230
59 86 125 158 208
38 239 256 316 347
20 34 62 145 278
141 188 364 417 489
36 50 93 358 421
35 163 172 286 420
54 77 99 396 470
145 174 211 436 463
8 84 168 246 451
17 93 217 242 337
35 38 82 84 451
39 95 131 142 181
91 251 290 294 357
129 368 380 427 455
12 29 306 312 335
40 91 113 144 488
36 63 64 190 193
38 209 304 319 344
142 223 308 487 493
4 13 28 215 220
72 108 121 183 426
22 33 86 315 403
175 305 312 321 337
23 41 201 247 347
25 81 138 271 360
26 76 101 190 235
24 208 354 363 382
5 21 148 399 490
97 225 241 316 497
67 165 189 233 389 396
177 328 385 430 472 478
140 146 210 237 338 371
127 228 349 440 466 497
17 46 129 230 234 329
52 104 112 142 245 494
56 165 247 356 416 479
130 184 237 285 382 391
14 156 287 307 439 470
129 146 355 382 411 464
46 129 269 360 388 486
146 249 316 337 450 477
36 127 135 144 206 415
131 174 220 222 324 453
178 262 275 324 456 477
56 104 190 222 346 410
53 91 98 292 419 474
108 195 242 305 362 394
3 142 213 221 411 484
13 16 249 256 259 364
80 142 262 268 292 421
144 191 214 219 221 244
90 288 293 295 439 453
25 279 285 373 418 458
74 103 135 214 286 333
20 251 376 433 438 459
136 178 267 282 350 439
93 162 243 314 402 413
159 244 323 349 427 472
3 257 305 356 382 384
42 88 174 226 396 437
0 59 87 94 161 457
48 208 285 423 433 435
20 47 67 161 227 404
6 19 65 131 213 287
63 64 84 144 182 311
29 112 185 225 249 406
113 124 209 236 276 317
124 315 399 417 481 497
61 172 216 395 412 434
66 135 139 188 193 308
86 141 236 248 381 467
169 265 307 347 377 441
126 155 164 205 233 495
110 152 153 309 470 493
278 285 318 366 395 410
87 132 279 293 384 395
9 27 56 210 366 374
163 182 247 414 445 479
46 50 64 83 159 233
16 71 193 243 249 270
88 215 268 444 469 473
34 218 303 356 422 466
219 280 332 357 379 488
71 229 334 351 378 391
77 335 386 409 420 461
36 74 218 219 314 399
123 160 174 228 365 375
0 27 39 207 272 380
92 114 155 160 256 453
131 284 322 366 445 447
4 31 115 197 220 472
4 9 113 454 458 465
151 364 407 439 479 488
16 128 246 282 339 480
51 86 308 427 438 491
190 231 250 372 469 473
14 144 264 265 378 392
10 60 99 101 341 344
31 102 125 135 219 320
199 327 329 366 406 414
187 200 201 270 390 476
33 36 215 226 425 439
79 106 131 151 215 300
79 200 303 355 377 498
104 112 170 171 325 405
9 39 50 148 292 320
79 95 163 239 254 477
74 109 141 166 197 352
47 179 274 287 317 455
79 119 186 407 471 485
8 284 457 469 473 479
279 309 322 346 432 441
93 201 218 230 235 299
177 255 306 313 402 446
48 128 137 256 412 435
6 174 201 308 431 494
104 335 415 417 475 488
52 223 381 415 478 479
5 133 136 244 475 480
114 123 159 168 221 460
132 272 297 367 433 447
130 143 157 202 247 440
86 89 280 295 464 472
46 118 192 218 231 404
11 167 311 322 339 365
128 146 167 258 390 474
4 12 219 289 292 415
49 83 128 243 282 489
31 50 70 140 162 175
26 103 139 215 269 394
69 90 313 355 389 420
99 132 242 282 333 416
0 88 285 306 316 388
95 161 170 340 424 458
3 241 253 278 436 444
82 124 166 170 186 246
116 156 216 257 412 456
58 305 398 399 470 490
21 156 190 224 236 406
130 228 266 282 372 386
33 38 205 220 221 283
186 235 262 310 393 402
10 83 254 323 409 422
59 65 83 242 290 497
75 201 313 324 378 460
19 130 143 160 168 199
58 97 158 174 279 323
58 155 163 208 295 418
74 80 85 153 165 483
29 91 306 376 391 489
80 123 263 337 485 497
0 56 70 313 459 463
105 178 288 372 395 477
8 58 139 301 361 405
11 189 319 320 321 329
12 26 42 183 258 377
119 131 153 275 312 420
13 45 310 387 397 447
119 125 170 192 261 437
10 27 52 67 223 411
71 91 183 190 221 329
20 21 22 283 343 440
13 25 150 164 335 498
28 144 155 400 464 480
26 132 292 299 341 493
61 94 283 320 333 390
122 123 132 259 322 344
77 101 171 305 378 434
47 91 96 206 356 443
51 53 130 183 188 213
134 155 161 175 207 409
129 181 185 305 324 374
40 51 59 167 170 175
2 12 69 323 422 455
44 135 305 442 458 475
76 163 268 358 400 429
110 205 220 232 378 392
82 245 310 371 380 385
49 51 75 80 177 243
230 241 272 353 376 390 453
104 110 196 292 320 453 454
28 177 190 219 240 375 396
13 120 139 147 210 328 396
31 73 84 177 232 240 383
55 73 92 178 181 286 358
75 113 140 199 203 324 487
17 30 205 237 257 377 394
140 397 406 458 473 475 496
25 233 279 302 373 394 451
43 46 86 94 251 402 441
27 128 219 244 300 410 484
93 137 188 206 257 360 413
0 19 27 177 184 433 458
138 303 317 377 404 420 438
82 163 343 368 461 465 472
274 347 363 372 394 464 492
11 12 251 259 266 268 426
115 140 158 205 207 255 358
123 227 249 310 326 387 391
17 104 216 271 418 427 457
0 145 215 217 297 467 494
186 228 261 300 355 416 427
0 160 263 265 284 347 388
77 113 117 150 174 430 499
48 55 113 274 307 348 372
43 77 166 360 388 389 439
77 98 139 182 198 351 366
16 47 118 327 333 414 437
127 188 271 319 321 401 418
10 64 130 207 227 267 328
42 57 65 122 147 201 284
119 151 167 227 234 290 328
12 25 144 250 375 394 441
245 247 257 288 480 481 486
181 196 200 332 415 426 465
6 7 65 116 299 365 433
5 20 34 85 164 207 319
110 154 322 348 356 388 396
43 53 108 204 244 401 421
58 80 115 159 182 373 472
133 252 304 318 338 362 485
292 293 318 360 404 439 461
37 178 234 253 345 419 429
28 103 192 348 443 456 495
149 211 217 251 269 451 493
9 32 34 36 258 324 481
66 153 188 227 317 353 439
4 76 216 293 305 371 383
278 295 332 339 419 458 467
38 63 119 291 382 401 450
55 76 189 303 317 349 481
274 292 304 350 406 438 480
37 103 179 217 353 382 439
27 290 319 376 391 439 468
135 173 358 372 377 425 458
75 251 258 284 422 431 483
9 14 93 122 168 466 499
4 35 175 219 387 426 436
269 284 368 422 472 490 494
41 57 102 216 262 331 388
8 23 334 374 397 492 498
115 181 185 233 292 309 441
38 189 263 267 287 332 452
1 155 288 299 452 476 497
48 65 125 265 300 302 475
41 98 127 149 255 274 446
4 31 53 68 129 357 407
12 115 183 200 219 252 290
106 117 121 438 488 490 492
44 51 56 92 213 294 472
48 246 258 294 321 349 470
53 78 107 345 393 456 480
42 265 336 377 396 408 475
18 160 241 308 394 480 493
15 38 45 60 92 110 481
7 210 217 246 282 348 361
97 157 160 211 232 243 415
18 35 141 194 204 232 450
87 104 192 210 399 418 457
17 36 145 242 255 279 316
115 116 153 200 294 389 421
50 71 198 236 285 290 383
55 126 134 265 307 350 439
107 113 260 304 313 391 429
24 173 221 252 294 360 467
1 52 142 254 308 371 440
21 173 286 289 302 354 471
21 91 142 177 280 304 338
14 48 57 132 229 321 491
142 226 272 330 377 381 413
7 33 117 314 379 451 452
8 33 129 207 214 257 377
44 63 113 231 313 368 469
19 131 182 196 238 279 325
49 254 369 399 432 436 457
36 80 94 107 243 354 463
22 40 301 318 369 411 481
29 52 148 159 199 228 472
67 195 325 341 451 472 491
40 265 271 273 353 394 452
60 72 118 209 231 235 278
4 100 168 176 177 443 457
91 97 231 237 305 487 498
52 128 252 342 357 454 460
46 71 233 237 239 252 302
38 72 268 285 304 367 438
169 221 240 315 318 391 426
5 157 250 299 346 357 418
11 70 101 229 279 365 455
115 261 263 269 394 404 443
180 225 282 302 339 358 391
40 143 159 383 397 400 444
3 60 164 185 196 352 368
171 235 240 334 426 457 460
85 197 300 335 378 422 450
15 55 61 144 195 251 292
68 120 228 270 291 424 445
66 81 152 163 169 373 406
4 47 265 311 343 380 476
50 133 245 274 389 418 496
81 315 350 374 457 476 488
6 138 142 146 164 305 344
10 73 94 178 235 413 453
11 21 137 174 250 292 317
157 247 328 338 356 438 453
16 143 240 297 300 331 372
54 234 242 282 363 380 415
140 173 176 229 234 243 279
29 46 155 172 287 397 452
70 190 201 263 340 434 435
2 58 144 156 161 210 430
35 45 102 164 272 308 377
169 249 293 351 402 413 450
77 120 257 311 368 401 403
70 89 121 278 360 406 470
51 65 129 219 330 343 472
12 108 182 194 247 375 494
56 59 66 195 250 261 468
46 172 312 360 370 441 488
37 65 74 120 162 386 440
9 46 96 117 149 224 487
104 185 243 253 354 369 373
60 74 176 223 280 386 445
18 59 107 334 394 436 480
277 311 316 341 358 442 474
71 209 227 237 303 313 343
119 136 160 194 213 225 493
159 160 303 326 331 418 489
20 60 203 232 274 355 443
60 78 144 184 196 331 377 483
118 126 218 367 370 426 473 496
116 303 314 330 404 456 465 494
56 68 132 142 231 377 379 418
77 109 113 168 180 217 350 462
107 175 220 262 269 368 444 489
36 78 135 292 302 374 385 453
12 24 28 163 228 289 292 369
2 60 158 253 347 472 488 490
9 20 142 218 429 462 469 490
2 169 203 312 364 426 479 481
25 101 151 260 268 273 440 493
36 47 73 226 428 447 451 488
35 41 43 159 228 247 277 326
73 249 270 283 370 381 398 499
63 166 219 268 317 404 439 464
17 119 154 218 317 397 419 420
66 82 151 215 293 328 349 489
29 77 149 210 248 401 432 473
56 90 97 115 284 347 429 482
7 35 56 114 161 443 452 480
13 39 120 130 218 325 327 489
17 38 64 65 134 415 478 491
43 56 63 198 286 341 396 402
6 75 298 363 392 415 492 498
9 24 45 65 116 328 399 421
142 167 223 316 355 419 464 468
34 53 142 245 293 333 351 378
30 77 106 185 248 255 357 367
86 222 330 335 340 352 441 456
50 157 186 234 247 282 449 492
30 167 211 317 359 398 400 431
98 99 102 126 154 223 334 429
9 14 32 203 346 355 377 444
67 123 211 317 318 332 335 403
47 91 187 193 308 370 397 454
6 14 57 119 332 355 401 459
14 125 129 181 220 249 268 320
22 25 45 55 74 106 247 352
24 58 200 252 269 321 419 423
54 188 206 292 330 369 410 449
34 146 156 278 337 350 365 475
12 78 292 307 320 445 447 486
20 34 59 68 179 269 436 450
72 162 178 264 307 375 441 495
146 198 282 313 394 469 477 495
57 101 117 182 187 222 241 497
67 90 158 196 291 425 451 453
90 139 193 216 237 332 363 489
10 320 361 385 405 408 420 451
24 85 272 294 394 397 435 447
51 180 192 226 313 318 346 351
35 247 279 323 378 399 432 443
43 49 112 153 185 311 424 472
39 44 142 185 278 333 364 451
141 179 206 284 340 376 419 421
3 206 254 328 386 421 495 496
30 45 119 128 201 286 387 459
86 90 108 183 233 249 396 426
189 194 310 353 386 480 482 491
6 14 26 81 97 192 218 267
102 106 147 194 200 231 445 489
60 94 145 171 190 360 395 477
110 126 135 186 304 328 387 470
23 44 51 67 254 271 407 427
191 210 250 278 324 432 463 464
35 55 110 225 243 333 367 397
31 45 55 154 200 211 294 351
4 12 35 72 93 101 216 329
58 61 76 77 256 311 405 412
77 116 120 223 247 304 328 462
69 74 155 336 375 381 387 484
180 237 267 352 363 471 477 488
104 164 191 289 388 426 456 483
18 91 146 194 282 370 448 462
54 100 157 188 228 287 293 474
65 125 129 143 225 351 414 440
99 219 255 256 271 349 414 478
46 95 103 244 264 288 461 489
8 117 218 281 340 416 435 446
137 160 172 183 283 314 316 380
50 57 60 137 203 205 223 231
109 131 163 272 348 372 392 421
13 45 72 86 195 226 352 366
55 85 168 224 234 259 267 343
28 29 35 81 92 207 315 475
25 30 40 121 140 301 350 482
68 115 156 211 218 265 395 418
42 47 54 72 138 192 195 249
18 100 209 223 261 316 425 468
7 22 26 93 128 172 468 494
73 113 128 135 214 275 459 491
78 80 166 207 234 251 362 446
58 159 163 208 235 357 411 497
15 47 66 152 153 266 309 499
123 124 201 261 262 320 435 485
17 88 130 180 197 266 315 322
23 95 156 199 262 349 456 491
30 85 116 218 298 341 389 458
51 67 137 201 253 461 466 477
74 85 130 213 240 386 410 493
102 153 201 261 268 308 401 487
18 42 71 98 145 158 274 339
174 186 284 300 308 323 417 449
11 26 92 139 254 394 413 424
119 259 295 393 395 396 412 436
227 332 336 430 438 448 456 462
159 235 288 301 355 431 456 498
69 117 139 361 391 421 431 443
27 68 198 294 392 404 405 430
10 16 51 102 168 419 430 474
185 233 260 286 299 313 323 386
89 244 284 316 371 421 427 444
8 13 39 47 192 211 299 377
37 106 111 161 168 192 217 334
6 97 167 197 350 418 425 443
10 42 107 134 306 349 486 488
56 103 121 127 150 378 428 446
87 143 191 192 248 322 394 454
45 150 166 242 309 383 418 487
9 57 105 119 320 342 388 422
251 341 350 379 390 394 412 498
23 130 142 229 284 350 354 487
216 280 295 324 454 462 467 495
5 23 53 208 334 357 389 434
73 74 94 103 280 286 324 417
6 13 38 95 132 212 312 452
24 102 126 239 285 325 415 452
4 7 52 131 247 312 330 367
21 72 74 104 183 285 313 392
45 71 137 243 345 401 402 419
29 33 212 355 397 447 463 490
4 9 57 210 244 333 339 447
61 100 105 317 346 487 495 499
110 201 244 291 423 430 435 462
56 75 85 154 241 285 310 448
105 107 140 265 323 344 387 429
128 136 157 221 224 451 480 492
266 291 312 397 483 486 493 499
31 134 165 203 325 470 486 495
117 130 162 242 268 275 439 481
26 161 193 281 373 435 442 476
6 52 92 93 101 283 433 492
19 150 174 239 339 366 474 490
10 53 152 227 239 275 282 284
45 101 114 183 187 249 274 383
30 38 85 155 195 243 305 311
218 238 275 297 345 383 422 446
28 62 159 190 238 261 435 490
4 183 208 250 291 318 352 383
4 43 99 207 210 286 295 334 428
33 64 259 267 284 313 372 396 443
108 216 219 257 329 349 359 387 389
0 1 77 82 84 235 237 372 398
128 135 181 214 248 272 414 466 492
11 23 28 81 99 137 214 319 402
22 57 74 77 139 161 257 278 468
118 230 257 310 350 354 364 414 481
95 141 144 147 164 205 393 481 484
119 164 287 304 317 330 367 416 493
20 115 125 261 309 399 411 431 434
74 80 81 182 218 222 410 443 457
87 292 309 331 346 347 353 433 447
34 200 245 271 315 371 411 455 478
66 146 163 176 186 221 292 365 381
44 80 123 134 167 188 190 328 448
7 45 74 186 313 361 370 431 458
226 241 254 278 285 317 327 362 482
133 140 168 190 207 208 234 261 377
47 112 184 191 206 407 464 468 496
53 139 169 187 252 269 369 420 465
5 118 120 154 206 264 289 305 307
28 171 181 281 286 288 347 376 433
24 87 202 257 300 411 412 462 493
95 210 224 263 283 303 329 369 492
62 194 212 247 260 319 337 357 388
38 116 147 199 292 305 392 426 428
9 75 90 389 391 415 424 474 479
46 227 250 257 288 310 321 328 495
74 98 147 206 257 267 273 286 385
113 192 214 271 348 392 424 461 463
67 110 217 251 265 329 408 444 471
3 52 115 135 179 241 381 392 458
25 31 34 55 63 86 147 376 470
75 108 178 189 305 380 399 426 451
63 80 89 110 179 396 398 439 492
11 48 133 150 185 198 361 390 417
15 21 34 74 100 185 187 307 471
82 141 219 230 256 315 320 332 407
10 64 85 95 235 246 262 304 465
40 133 158 173 199 369 397 432 484
6 118 153 205 252 327 370 406 447
4 13 14 26 87 166 242 366 367
58 82 112 192 234 256 303 324 397
78 104 107 349 373 377 378 432 446
137 175 176 212 220 353 425 430 447
19 173 207 214 247 253 286 287 435
66 112 115 253 268 299 348 370 475
29 77 156 170 230 272 376 402 449
23 162 346 398 416 426 461 479 490
59 62 77 128 156 288 313 415 430
57 116 187 225 267 332 396 478 497
50 75 79 189 228 316 462 472 479
8 34 52 77 83 129 213 324 489
35 130 166 254 284 319 356 389 479
208 261 311 358 371 376 446 452 463
47 130 271 296 323 340 361 391 446
56 89 106 197 213 266 318 453 495
46 72 80 202 204 232 303 367 455
152 167 180 275 341 354 390 434 496
215 253 277 338 397 409 440 456 486
2 77 116 277 324 335 376 410 433
30 37 115 216 256 322 331 437 463
126 194 316 363 365 368 403 445 455
63 82 110 125 179 292 345 378 435
143 184 264 413 418 421 431 461 497
21 30 58 124 127 171 191 416 427
11 55 163 252 310 316 336 430 474
128 175 284 302 314 316 341 345 438
145 197 267 279 353 376 381 429 444
16 139 191 205 222 228 240 478 484
20 44 124 147 164 319 386 397 412
75 198 283 297 311 335 349 402 431
39 174 180 218 393 396 437 476 490
101 232 246 264 322 330 340 411 458
168 207 211 223 237 247 262 410 486
29 42 129 150 173 228 326 428 453
43 53 108 122 173 182 374 383 459
32 37 215 254 278 292 333 426 452
64 121 202 222 239 329 417 436 448
18 132 137 156 181 199 209 411 479
26 36 77 256 258 313 316 344 455
21 44 100 106 174 331 403 465 496
13 36 97 105 117 209 220 332 477
33 49 90 156 287 298 339 343 434
33 39 71 86 121 363 390 418 435
62 240 263 266 290 292 348 360 435
49 139 256 257 316 344 377 450 463
23 67 77 232 253 305 376 418 466
31 45 74 79 82 147 384 389 495
11 26 123 156 232 271 336 405 478
25 203 299 312 331 442 478 479 491
46 81 128 238 256 321 329 390 447
23 63 64 192 218 241 259 266 306
182 198 223 226 285 311 337 455 457
54 204 340 344 350 380 392 443 499
16 22 52 53 103 115 143 271 338
56 189 215 340 373 395 411 455 464
25 29 97 149 232 278 387 401 428
9 48 130 247 263 324 327 374 491
24 178 186 253 321 358 438 461 484
108 167 193 197 233 251 272 312 350
49 62 152 161 198 215 219 421 427
7 26 43 52 81 189 297 373 469
176 215 222 281 356 368 404 438 452
169 264 306 355 401 412 418 435 438
57 139 159 249 295 330 379 386 428
40 56 81 110 121 159 190 330 447
42 278 290 340 362 364 412 436 454
24 90 93 113 134 190 325 452 473
25 57 95 114 171 183 221 294 424
8 99 143 170 189 190 284 312 494
23 131 145 199 233 263 332 388 441
38 55 86 370 371 386 396 411 476
127 188 205 277 316 352 384 397 476
31 91 162 327 329 423 431 471 490
18 55 163 169 239 336 378 413 467
85 107 253 295 375 394 412 416 448
131 139 175 276 285 308 345 422 423
34 57 173 181 215 222 286 471 472
49 58 101 134 143 195 273 289 341
27 108 245 325 346 365 393 446 471
16 50 76 90 217 245 378 386 492
144 166 401 403 412 447 455 484 485
15 114 315 325 342 347 382 431 464
95 203 247 252 299 320 339 380 388
60 172 184 236 250 364 416 461 474
102 122 129 224 269 298 361 397 418
13 52 58 118 339 362 435 461 480
25 32 163 166 266 275 310 318 377
29 72 179 252 253 260 339 407 437
43 54 73 112 160 178 244 269 310
27 45 74 95 119 176 280 284 409
31 49 52 180 293 319 362 375 400
40 100 183 216 251 270 347 439 474
45 60 106 116 162 186 201 386 388
9 60 106 261 318 323 351 420 424
39 52 71 152 248 275 276 308 332
5 46 73 245 270 279 340 414 445
28 63 74 176 181 204 318 322 373
14 28 88 127 256 276 286 288 334
63 120 199 200 216 241 418 442 458
25 71 192 208 269 295 308 396 444
65 78 101 193 216 240 396 429 459
8 13 94 146 311 329 414 450 491
45 200 222 247 287 292 417 454 458
15 88 219 227 294 300 355 364 370
35 44 46 132 263 278 407 422 432
68 140 144 152 195 273 280 408 484
9 30 141 184 226 391 422 465 475
102 118 120 188 211 238 331 379 384 438
98 166 169 237 243 257 336 383 416 484
2 47 50 68 119 149 182 184 185 239
130 222 231 248 328 361 436 450 485 494
89 112 232 307 332 351 365 371 434 439
43 118 151 187 189 312 329 392 430 479
96 114 161 236 276 328 354 398 414 474
51 103 173 206 253 332 341 385 473 496
86 102 122 232 233 249 272 282 355 420
133 200 219 227 325 328 382 388 423 432
10 29 61 108 120 256 292 301 302 326
23 41 100 262 324 338 339 375 379 499
9 12 43 68 229 257 326 349 380 465
168 178 288 322 353 360 379 389 412 453
54 136 229 241 329 349 355 361 461 474
1 70 92 121 129 211 253 263 266 481
13 66 159 163 253 322 409 465 467 493
0 81 84 98 128 229 320 367 375 419
24 95 169 187 219 260 290 330 392 498
118 164 193 194 275 335 364 385 446 499
63 86 90 129 183 240 291 310 312 329
41 199 202 205 225 256 283 320 373 476
34 68 74 78 111 121 217 284 467 498
1 22 24 80 148 222 260 319 386 463
23 40 57 103 130 230 298 311 386 395
16 25 155 272 290 293 307 346 396 433
6 65 137 189 215 313 396 414 466 470
21 64 152 237 239 297 370 372 399 487
53 204 306 350 357 358 402 470 473 492
57 114 161 200 237 280 296 387 415 436
2 92 134 186 252 284 325 335 409 474
60 158 180 182 261 280 293 344 358 359
4 54 69 118 146 184 251 312 368 481
30 141 152 376 377 396 402 421 445 455
31 66 154 218 230 232 290 336 382 415
150 247 279 281 309 333 351 369 409 452
6 21 35 76 221 231 272 394 489 497
30 161 227 241 256 328 362 429 443 479
42 81 91 116 130 213 239 380 419 489
6 43 105 129 164 305 333 338 410 456
6 40 45 129 132 168 281 316 442 494
6 11 100 141 155 182 188 231 287 368
5 29 67 70 105 111 175 204 416 483
34 47 52 98 123 220 235 325 347 389
143 185 296 305 317 329 389 411 497 499
3 155 251 259 263 269 295 348 453 474
13 114 144 195 215 275 356 462 465 481
44 155 163 264 290 416 444 447 478 494
75 76 81 115 120 130 193 292 330 361
8 20 35 110 209 226 265 327 478 497
23 57 180 243 276 336 339 348 470 482
47 137 149 165 166 219 241 393 436 494
83 152 222 267 314 322 336 355 391 394
38 243 250 257 269 328 441 465 469 492
61 114 181 215 223 275 376 393 482 491
68 101 132 144 171 204 250 295 314 356
45 77 97 180 280 299 323 373 429 489
22 45 86 142 158 201 233 254 324 341
3 43 215 328 409 432 465 477 480 485
2 3 34 128 176 179 258 370 408 498
4 33 117 149 276 278 323 324 413 466
56 84 141 154 176 191 199 286 352 483
91 200 231 267 351 437 446 448 456 474
27 72 143 153 240 275 456 464 465 476
18 76 90 143 150 211 231 303 348 414
8 76 82 106 183 200 277 376 444 471
15 16 35 119 130 186 267 278 337 423
93 109 219 226 242 249 270 313 446 448
49 61 91 164 171 198 230 372 382 412
3 117 211 215 260 281 326 348 403 428
37 51 87 93 122 153 289 335 426 439
17 104 125 131 207 347 363 383 387 425
9 22 77 146 164 215 309 317 424 470
62 133 174 215 233 263 295 300 301 306
25 62 92 172 244 253 260 339 430 481
4 25 98 143 252 257 314 348 463 472
151 223 260 289 314 367 401 458 486 490
91 131 150 160 237 345 391 398 415 479
7 53 143 169 198 225 289 322 411 462
15 60 94 101 201 260 317 475 491 496
83 141 240 249 258 262 354 420 468 472
12 41 51 78 87 163 224 266 422 483
104 178 195 250 272 310 320 352 432 463
10 101 211 231 279 424 440 444 485 499
13 61 71 97 100 280 286 370 418 452
91 134 159 295 303 361 385 400 403 411
74 98 119 247 292 294 317 387 429 438
85 92 136 242 306 326 330 337 408 457
41 48 105 274 299 300 354 357 366 441
4 18 21 102 131 225 274 308 384 484
21 66 94 101 118 121 266 335 464 493
13 37 147 209 250 252 277 343 419 453
100 162 179 201 289 296 314 364 366 470
51 132 137 167 192 198 204 317 404 493
24 62 99 103 131 209 261 384 445 477
9 40 62 77 102 154 321 409 458 492
27 36 42 108 153 172 174 231 375 381
74 186 240 264 332 365 387 392 471 488
70 96 99 128 129 169 268 324 360 494
10 18 19 20 80 132 263 288 317 357
0 23 139 163 233 301 316 322 340 464
12 28 84 103 104 339 360 437 476 498
5 12 164 219 248 300 372 423 446 451
31 56 100 110 303 323 369 401 444 455
56 68 137 196 208 241 261 489 491 498
3 25 101 124 162 175 300 322 346 451
5 7 17 51 79 124 134 263 305 435
74 79 87 222 244 284 386 464 465 470
63 153 158 210 217 309 345 395 419 431
93 105 125 159 195 241 347 356 428 469
5 74 79 184 192 213 257 430 432 435
1 21 76 162 179 199 238 425 447 489
74 169 177 239 289 312 319 336 437 452
56 73 107 127 262 352 363 370 440 449
13 25 43 145 204 317 375 376 473 490
62 65 137 218 266 294 318 320 321 440
31 34 210 213 307 382 393 465 475 497
53 113 118 140 178 202 241 251 320 364
25 80 102 106 158 164 197 306 435 450
6 99 180 186 188 316 418 424 438 453
124 166 259 274 289 339 355 411 458 474 491
157 186 195 258 272 279 364 389 407 459 471
90 116 125 151 222 257 333 355 358 446 472
24 77 103 151 213 219 245 348 397 442 444
101 118 119 141 295 313 317 377 425 467 480
110 127 207 298 303 322 376 394 418 466 467
14 119 134 147 150 178 195 212 278 331 440
28 55 130 170 171 281 306 330 334 421 476
1 5 6 12 78 96 126 268 296 355 430
3 17 41 43 88 103 123 152 170 267 399
84 96 148 202 206 243 288 372 402 441 484
164 167 195 240 286 302 305 319 340 409 445
20 70 110 214 218 344 381 470 471 483 496
89 238 242 264 291 332 364 391 433 488 498
49 81 146 202 242 260 263 266 305 342 476
0 61 99 195 197 233 260 341 375 397 483
13 27 29 34 52 96 133 167 187 310 463
1 74 87 113 115 141 145 151 165 226 386
6 60 185 261 303 397 404 423 425 433 448
85 254 260 290 302 338 340 367 403 483 487
17 29 54 175 306 329 363 368 390 411 441
37 89 109 156 177 197 295 324 334 352 425
14 72 87 146 194 230 260 267 281 388 424
4 58 73 117 160 186 272 346 349 375 482
16 62 132 174 186 241 269 365 379 456 460
29 76 86 94 225 238 290 339 345 439 472
71 80 83 106 122 295 329 341 395 401 454
17 48 116 150 156 248 281 293 329 434 435
122 221 245 315 320 326 330 399 406 418 428
78 127 184 235 236 275 294 343 345 394 472
8 20 129 172 209 224 249 255 320 469 486
15 24 62 83 218 266 295 365 433 480 495
4 52 224 228 240 282 284 285 319 377 379
73 78 124 151 248 286 288 421 427 443 479
23 92 97 164 233 285 288 355 443 470 492
15 29 94 99 179 269 349 369 418 431 466
31 47 162 204 230 264 318 364 370 421 446
20 95 115 117 125 195 353 392 412 444 451
161 201 219 291 294 312 340 412 466 473 496
20 123 128 223 224 237 240 252 298 385 484
39 41 110 122 164 195 233 281 381 384 466
52 57 111 219 262 315 344 396 425 454 491
105 111 125 236 262 287 412 413 421 456 479
5 47 55 82 92 216 255 366 406 424 437
9 21 62 87 190 259 264 267 289 386 499
54 106 149 187 189 217 337 339 390 403 462
30 143 146 196 258 317 322 431 470 472 476
33 45 180 300 302 357 371 433 458 474 489
23 35 164 248 255 290 305 332 341 355 449
41 57 73 223 258 312 350 359 370 426 491
42 50 51 76 100 154 167 282 318 394 485
59 87 155 242 257 305 314 324 334 357 429
22 38 80 82 148 157 177 194 221 315 371
5 61 198 235 250 292 294 302 398 404 425
43 90 160 172 216 235 295 336 416 429 454
55 141 175 199 262 325 352 354 422 488 496
57 63 109 119 246 329 339 368 383 423 458
6 16 66 107 162 180 214 232 412 445 447
44 58 152 220 256 273 285 373 385 396 397
3 73 120 160 198 208 308 350 355 435 470
7 60 100 149 214 261 305 347 378 402 453
64 67 89 100 219 234 336 369 431 473 484
7 63 126 169 229 266 275 307 451 465 493
67 119 231 307 386 402 403 464 473 485 496
39 72 115 183 235 249 304 311 353 379 463
14 158 179 180 277 308 317 318 337 364 366
32 41 53 67 71 93 123 128 176 272 496
49 65 67 101 187 223 228 231 239 437 495
60 103 191 217 319 334 366 413 432 443 468
63 102 117 125 200 250 296 373 446 447 493
85 103 121 144 159 182 188 317 336 423 474
24 86 121 173 186 192 193 226 312 425 433
3 110 115 172 246 310 337 464 472 473 496
26 92 103 155 223 278 293 359 466 483 489
14 59 66 71 126 223 234 239 425 462 487
4 7 30 41 95 96 118 142 181 208 249
51 61 109 172 175 391 412 420 465 482 499
16 44 55 71 135 160 212 216 239 285 382
150 183 246 270 285 286 341 355 399 437 456
25 73 105 209 227 236 237 273 291 453 484
89 93 178 199 221 224 227 271 295 312 450
13 19 22 188 207 287 295 306 314 322 334
75 100 194 255 315 360 367 403 434 439 467
72 134 210 264 302 341 356 365 406 425 462
25 52 72 226 228 270 294 302 352 416 496
100 199 219 228 305 320 359 417 427 449 492
2 9 25 82 96 131 139 211 238 295 306
30 148 164 166 236 321 322 376 383 411 490
95 103 106 133 200 275 296 318 320 435 439
20 88 89 96 126 288 374 376 420 429 479
63 86 181 266 289 303 308 394 423 434 457
14 24 120 126 163 167 379 430 461 480 493
44 63 121 135 137 157 233 281 320 403 490
10 28 44 48 57 60 64 202 251 357 464
25 62 88 120 121 171 174 377 458 462 477
37 53 61 125 166 348 417 472 481 490 493
51 100 120 191 235 262 288 302 324 354 464
54 58 88 250 274 408 416 427 428 432 457
33 36 187 246 253 265 318 345 378 463 473
131 184 199 217 271 279 336 359 450 494 499
97 206 227 258 304 325 374 404 452 475 476
42 134 156 214 251 268 371 432 467 468 486
71 151 153 214 290 318 332 414 415 434 458
66 77 90 115 125 138 146 212 351 359 464
17 21 67 122 145 227 363 371 410 417 444
66 94 100 108 109 202 203 237 281 429 462
25 160 162 204 267 319 333 336 338 354 482
60 69 76 86 137 141 196 382 453 469 499
20 113 139 172 226 276 300 344 346 361 474
36 63 104 116 131 164 177 323 344 410 477
48 210 281 344 345 370 393 417 424 442 480
46 60 145 156 214 229 264 307 323 361 477
87 107 115 125 156 260 388 442 472 483 492
14 65 129 147 184 187 200 258 279 431 465
27 40 106 109 128 148 250 263 387 408 418
34 37 99 248 264 271 314 327 350 362 433
32 115 261 315 320 340 372 390 446 458 483
59 71 75 97 122 160 227 249 290 336 440
63 164 237 247 273 277 313 400 433 466 473
79 102 149 186 188 263 291 322 356 476 495
67 212 226 227 246 285 290 292 422 450 465 489
15 31 101 114 133 168 185 187 338 342 442 471
43 89 141 164 288 326 378 406 412 422 434 490
51 59 124 162 250 303 319 380 429 441 460 496
19 95 171 229 296 305 351 361 385 387 392 469
32 54 149 156 201 252 259 265 331 356 388 468
33 50 71 99 178 236 256 262 276 316 340 423
115 163 177 340 362 373 427 437 457 467 479 484
10 11 13 42 99 266 288 313 335 385 429 441
45 56 57 99 100 170 179 198 351 355 359 391
50 119 208 279 300 303 328 346 373 401 454 472
8 56 66 117 131 154 179 185 231 259 341 394
24 58 104 106 210 250 294 387 400 410 496 497
10 30 72 76 86 93 169 179 302 331 443 454
143 166 194 224 294 367 383 415 430 432 451 453
16 34 59 73 136 170 206 270 413 424 426 477
17 85 87 104 140 275 308 318 334 347 361 363
55 65 139 150 151 158 160 210 296 463 467 487
1 13 24 33 75 169 368 417 421 434 465 485
25 27 28 176 222 277 392 410 435 466 467 484
64 105 193 201 250 291 301 335 348 417 463 471
38 110 126 140 227 277 283 330 391 425 460 483
22 43 51 129 172 188 219 225 273 276 290 373
92 143 172 216 247 324 391 401 422 446 448 452
46 80 99 111 125 191 219 252 282 283 308 348
5 10 47 71 78 99 131 277 300 334 411 442
16 22 59 68 142 166 308 348 402 418 488 495
38 126 134 144 162 202 215 246 320 405 480 498
19 58 97 126 139 160 197 202 411 447 483 492
5 29 90 100 189 272 309 328 424 453 480 493
1 24 66 126 134 149 162 197 261 338 344 477
50 99 112 124 174 192 258 314 326 358 431 498
52 77 167 245 246 247 309 317 367 402 429 458
4 29 35 62 147 148 208 221 298 313 320 484
51 107 117 151 188 270 321 348 355 366 405 410
100 113 115 123 170 199 253 256 365 454 488 492
18 24 118 274 321 328 341 387 400 468 477 487
83 168 174 189 212 289 344 371 393 455 465 482
0 31 93 138 144 183 244 254 305 358 394 470
3 99 107 120 172 190 196 272 318 411 420 464
60 100 144 145 205 252 260 366 383 393 407 440
33 98 115 169 173 207 231 337 352 376 391 445
51 76 77 245 285 286 293 365 376 387 419 423
15 46 85 108 170 178 230 236 261 277 337 486
31 36 58 259 271 317 318 363 407 415 442 496
10 196 220 231 274 304 359 363 433 442 462 463
11 18 31 115 212 226 249 277 302 308 396 405
3 106 182 276 316 369 373 392 447 461 486 491
119 144 159 178 238 247 299 305 318 430 431 486
2 28 75 118 181 204 309 335 358 395 408 484
21 40 137 184 241 257 333 387 393 420 434 471
15 56 59 175 254 281 297 328 347 432 458 477
19 34 70 98 282 354 377 381 404 443 458 465
26 107 126 161 164 186 194 253 330 346 357 428
27 28 31 59 115 186 237 286 317 371 423 446
154 157 195 228 278 304 312 333 378 381 386 494
24 30 32 53 135 199 283 373 406 422 430 444
126 146 155 157 160 161 221 339 411 415 436 482
5 115 123 158 179 250 260 334 362 371 384 389
15 57 63 67 155 224 250 252 297 342 457 484
15 29 120 122 153 166 300 348 381 396 464 489
22 117 143 157 165 175 182 195 226 233 376 450
60 120 134 199 234 236 237 322 345 428 451 490
85 155 170 182 195 207 308 316 327 369 409 436
15 217 225 257 317 332 374 396 431 439 462 495
91 96 104 127 296 299 310 326 340 434 493 494
25 119 133 151 198 211 294 307 322 366 395 409
21 40 97 98 106 114 118 123 172 193 240 477
6 18 20 60 83 116 186 204 228 301 370 427
47 82 125 129 150 151 157 247 342 380 436 472
20 24 28 83 105 301 342 348 370 405 412 438
24 220 225 258 261 262 280 282 332 356 420 437
38 54 157 160 185 211 230 246 367 402 450 480
11 31 133 144 229 256 285 360 414 441 486 494
88 155 164 165 180 191 227 306 400 466 468 497
75 159 169 181 265 300 328 336 414 479 493 497
144 180 208 209 224 253 273 319 367 377 388 409
71 94 124 176 185 205 264 266 290 311 378 382
6 59 90 198 210 229 231 242 247 268 383 395
27 48 69 83 184 239 256 344 425 439 451 490
29 56 76 82 130 160 190 209 246 270 352 488
15 35 188 230 240 265 268 313 385 427 429 451
27 36 117 224 239 271 291 300 327 384 474 475
30 31 36 48 51 90 107 156 229 269 396 450
36 71 115 116 145 199 212 232 259 271 439 462
0 32 123 133 143 148 202 216 307 315 357 403
31 40 70 155 182 245 260 316 404 432 446 496
41 107 115 229 234 299 347 363 411 434 450 481
1 42 65 121 202 204 216 227 271 288 296 326
7 43 161 227 242 255 309 329 330 390 446 463
25 154 171 314 329 347 382 396 415 422 450 477
60 79 104 145 172 200 218 249 258 259 330 415
47 52 63 227 268 287 321 326 363 380 383 402
45 67 85 87 104 300 309 345 361 387 407 414
0 84 146 223 244 257 282 333 340 364 461 480
5 20 47 84 103 173 244 253 288 292 313 324
11 104 133 170 193 197 241 303 344 394 416 495
31 143 181 235 243 247 293 309 333 399 405 470
22 61 115 179 202 279 282 294 301 369 405 489
68 85 95 123 146 148 158 171 192 224 245 419
63 81 139 146 153 198 262 280 356 386 451 494
23 71 101 167 220 221 299 318 323 401 428 489
1 68 93 117 198 204 286 295 339 432 461 487
22 74 82 106 127 147 165 181 277 314 383 440
47 57 72 147 151 163 204 211 220 225 236 468
6 50 74 81 106 142 145 221 367 418 453 477
2 20 30 43 97 141 183 312 316 357 376 498
72 116 147 169 185 199 238 276 277 310 384 495
80 83 102 172 209 258 284 336 356 366 427 497
22 23 40 42 53 124 153 249 282 337 338 473
42 56 64 129 171 213 246 328 339 370 440 461
47 108 172 174 246 345 355 386 388 425 458 461
42 70 71 85 104 156 361 371 377 402 426 453
69 111 232 277 279 315 320 396 429 451 462 492
15 29 193 237 242 250 347 361 423 439 483 497
4 15 41 42 102 145 150 374 381 402 404 475
32 59 73 116 155 212 260 316 327 348 377 471
3 26 44 105 134 171 192 241 251 283 348 394
4 25 49 102 154 204 344 368 411 430 440 499
28 35 176 220 264 291 321 364 415 425 434 477
36 61 109 134 184 264 284 294 332 354 390 422 467
33 70 128 141 174 183 207 303 366 396 424 459 491
103 149 173 208 221 228 277 278 419 430 478 487 498
22 23 69 112 121 187 195 349 355 362 363 399 426
61 63 140 210 223 242 266 273 293 306 307 339 340
0 2 71 80 118 169 182 198 210 350 356 376 467
123 126 127 224 317 321 374 380 390 430 450 463 492
21 90 146 190 257 262 323 374 394 400 408 428 484
53 98 178 186 255 271 295 310 317 324 402 440 489
62 94 96 105 149 173 221 224 274 298 360 373 467
9 34 35 50 105 168 179 230 250 287 318 396 499
0 68 178 207 233 247 261 277 293 341 368 438 456
31 34 61 107 153 167 177 219 227 233 266 269 320
1 74 91 120 279 300 326 330 331 399 445 452 498
2 66 72 162 269 273 340 346 389 393 394 395 499
70 83 288 344 351 356 372 380 382 411 418 456 477
40 68 95 106 236 270 293 304 315 385 401 433 483
13 14 39 55 153 158 218 229 241 315 349 356 410
17 28 54 167 190 203 236 254 284 301 328 415 453
37 49 58 86 92 145 157 175 256 286 306 349 488
8 64 82 98 109 116 189 337 349 377 454 466 474
3 24 65 72 90 147 151 195 201 226 346 409 459
21 102 137 139 153 168 174 176 244 309 344 465 486
35 122 153 160 176 210 238 239 287 375 395 411 486
20 60 101 139 162 188 206 298 338 364 395 413 455
44 87 162 171 207 242 289 306 323 331 362 452 467
27 57 72 97 122 172 203 206 246 362 372 375 447
18 29 46 140 148 193 246 300 312 316 344 363 408
25 80 84 106 125 155 219 306 339 387 393 410 482
15 20 131 155 192 193 243 367 368 378 446 458 464
21 46 77 132 160 184 194 289 312 328 423 430 464
7 15 80 91 194 248 255 286 314 327 371 441 482
6 73 77 142 174 212 281 351 354 356 397 404 448
52 53 122 233 242 291 299 358 366 398 409 432 459
30 51 132 191 195 200 208 235 272 287 311 345 346
18 32 80 173 198 305 325 346 357 374 426 428 465
45 87 172 195 203 224 232 279 342 381 418 451 497
18 40 46 188 196 210 215 237 264 301 398 445 487
25 28 59 64 101 111 264 301 352 369 431 481 484
23 28 33 82 160 168 275 276 318 354 390 412 421
35 70 93 171 181 232 240 255 269 378 449 464 476
52 60 72 133 190 279 290 367 400 435 449 458 485
3 42 119 121 128 178 309 315 328 375 408 413 423
41 48 195 203 212 214 296 380 451 466 474 487 498
98 222 271 284 293 300 306 355 379 390 392 476 481
5 10 46 143 164 222 282 362 417 420 432 477 495
8 43 132 144 179 198 214 218 250 272 282 317 473
66 73 120 132 133 140 176 223 248 260 343 345 363
76 126 139 156 219 245 300 328 345 371 393 428 454
36 152 176 212 213 244 263 315 352 369 384 407 451
19 34 79 84 177 242 278 311 313 314 327 426 448
10 53 135 168 174 177 206 350 372 408 413 438 455
13 26 66 104 172 202 327 334 417 425 432 474 480
135 149 171 180 185 211 236 243 376 394 408 478 492
13 124 168 193 207 220 238 324 345 361 397 434 460
48 50 68 149 269 276 319 343 389 404 405 422 487
26 43 112 149 152 170 195 206 367 426 446 480 489
8 18 45 48 74 193 212 231 280 325 364 375 436
2 97 107 197 213 225 244 250 284 353 403 443 467
15 16 40 49 182 220 236 257 265 307 406 462 479
0 8 9 52 70 84 88 159 261 367 439 441 478
24 32 65 75 82 99 103 122 146 270 406 409 488
20 27 54 170 192 208 257 266 371 374 405 409 436
20 27 96 103 155 172 251 254 318 337 404 451 466
58 85 143 151 154 155 172 202 269 318 352 421 433
129 134 149 168 191 231 308 348 370 380 403 416 455
41 48 70 85 90 153 167 217 344 365 372 441 496
117 132 161 173 191 213 233 253 323 337 353 411 467
3 38 49 83 89 308 330 334 381 445 453 455 458
0 2 21 96 98 135 248 430 439 469 474 476 493
4 87 133 135 169 199 218 235 274 287 354 435 498
5 30 77 120 160 244 267 295 321 401 410 438 479
9 41 85 97 164 179 259 310 319 347 391 414 482
31 58 184 212 244 247 260 307 343 390 391 433 456
12 71 176 177 196 245 308 402 405 419 430 437 487
63 68 72 147 190 285 346 355 360 380 434 442 469
34 89 198 207 214 233 288 353 374 396 446 449 498
25 98 136 188 263 269 292 327 341 355 374 415 421
10 25 40 53 55 138 158 163 169 231 260 444 479
30 153 159 182 191 208 230 251 285 308 348 377 410
66 208 212 227 228 308 314 336 385 409 463 474 479
32 74 95 98 276 285 316 317 348 351 422 423 495
80 104 155 161 165 206 225 273 333 376 410 412 420
8 65 107 155 192 214 243 254 323 330 364 389 408
63 106 154 163 202 229 268 269 294 432 455 476 486
115 126 207 231 250 270 297 328 402 414 418 425 472
60 115 121 135 190 295 344 400 402 403 432 477 491
5 24 72 91 149 155 218 311 335 395 400 412 434
20 27 62 76 95 100 115 214 287 385 469 490 493
45 58 67 130 182 204 267 272 292 341 400 417 443
0 24 135 163 188 260 329 344 350 379 404 470 491
23 116 156 180 209 233 267 298 322 323 329 344 490
57 101 168 184 188 265 279 313 344 431 467 476 497
111 122 124 141 166 178 193 208 246 281 339 379 416
43 124 142 166 167 180 189 196 299 313 410 452 454
82 187 221 237 252 275 322 328 343 375 422 431 461
0 2 11 21 110 120 125 173 275 282 312 395 476
72 138 145 161 194 237 238 309 377 436 451 472 478
49 103 116 141 184 230 258 297 302 304 412 475 479
145 159 181 213 228 247 250 357 372 376 404 433 466
10 11 63 107 152 210 250 262 308 333 373 376 478
42 83 117 118 204 250 262 303 317 318 418 421 449
5 12 40 88 155 215 228 278 332 356 359 415 430
19 32 78 169 215 216 264 297 301 324 337 393 450
0 8 27 62 131 263 274 289 309 369 427 486 496
4 14 22 33 98 297 298 309 358 360 390 433 447
6 120 138 161 237 320 321 333 364 421 426 444 495
21 72 216 285 352 372 389 396 408 431 436 463 479
6 26 38 140 171 251 263 290 331 358 414 465 482
12 38 106 161 174 183 212 233 265 362 371 415 446
60 95 110 192 291 296 327 333 339 367 374 454 498
8 126 207 232 257 271 326 353 396 421 438 452 456
62 140 213 243 247 271 275 284 306 314 429 442 464
67 89 99 275 295 304 327 339 349 358 426 495 497
22 61 88 103 125 183 189 242 263 295 304 327 410
16 34 104 177 189 203 269 274 294 322 326 403 483
0 51 66 80 98 135 156 216 230 286 325 378 481
41 67 73 87 149 183 202 245 247 287 312 316 360
6 18 45 95 129 180 237 304 326 425 456 465 468
22 28 70 111 138 148 164 203 312 314 385 477 498
32 33 148 189 210 216 272 296 334 405 408 464 479 490
118 136 147 189 209 241 244 251 262 334 390 417 441 456
24 46 81 128 247 268 293 299 365 371 416 433 454 481
78 86 151 153 162 200 226 238 239 242 275 403 421 466
79 101 117 157 213 218 301 304 339 377 395 462 490 497
22 31 47 62 67 75 82 181 196 203 207 338 447 480
30 83 96 109 124 170 221 266 275 292 411 439 446 482
89 235 245 261 265 289 317 362 395 414 463 479 494 495
4 52 73 80 100 171 187 227 230 236 277 420 466 498
213 219 240 276 281 282 287 307 331 373 390 429 462 498
1 115 132 156 161 185 187 291 319 395 398 451 475 495
28 34 36 62 75 91 160 161 162 176 236 425 438 488
14 66 71 135 168 181 183 235 309 347 350 369 414 493
58 95 116 128 134 139 196 219 228 301 365 387 390 445
10 63 76 124 204 206 207 298 373 412 424 425 486 490
8 9 42 146 164 195 202 205 219 239 258 302 378 414
12 32 33 60 61 84 159 185 206 252 259 270 379 474
10 72 91 93 137 151 163 189 210 276 296 359 496 499
59 109 152 157 167 189 193 229 234 236 274 450 455 466
7 64 135 210 218 222 284 370 388 392 422 438 463 472
2 6 23 29 33 37 62 73 136 216 232 308 319 383
38 79 112 121 147 165 213 281 299 315 351 389 448 451
28 102 116 119 145 207 211 242 248 275 283 303 315 316
27 31 58 119 154 165 175 214 348 387 417 480 493 496
45 100 124 143 144 172 203 215 220 270 298 352 373 433
0 27 125 166 248 249 253 263 297 328 350 352 449 497
54 137 143 150 205 215 243 290 294 335 385 458 473 489
127 129 236 249 316 348 367 386 388 397 441 465 473 479
3 11 20 46 75 112 121 174 295 308 309 359 380 487
8 57 111 245 338 340 372 374 391 400 410 454 486 489
3 58 73 139 182 200 206 224 300 306 345 353 355 477
14 30 94 97 114 131 132 194 208 220 264 422 478 491
10 13 14 66 72 129 320 324 346 352 391 417 436 469
37 67 117 125 199 262 284 293 298 304 368 371 416 423
6 87 113 116 151 175 181 238 250 266 288 408 483 488
47 146 149 184 187 232 236 243 264 274 350 419 425 479
54 116 142 156 195 214 245 262 290 354 388 391 471 481
3 64 77 89 117 151 190 209 214 276 350 357 393 423
67 105 112 162 185 284 295 301 302 320 362 390 437 489
3 28 74 94 115 121 126 143 258 335 380 447 484 488
14 17 89 102 133 227 234 319 333 334 370 399 462 497
94 119 126 128 183 252 256 283 340 344 366 437 477 482
16 106 156 160 261 302 313 340 376 395 436 439 442 473
2 5 13 16 43 50 106 127 170 215 223 245 316 336
5 71 147 213 218 265 301 316 325 381 397 401 403 468
15 29 41 83 104 138 155 187 215 307 328 364 408 412
61 70 79 119 268 298 384 393 401 414 430 443 457 478
46 58 96 117 120 189 262 337 367 379 393 407 414 436
55 68 90 105 176 244 270 274 277 299 301 325 348 455
29 75 124 127 171 221 327 342 350 358 392 430 467 486
16 65 126 146 158 166 245 271 290 345 371 392 423 438
30 36 48 102 125 139 143 156 219 224 249 257 420 487
28 36 40 59 162 250 267 278 311 356 409 464 471 485
29 30 47 69 118 153 170 341 356 363 384 444 497 498
1 83 101 151 156 162 233 262 312 337 344 360 439 495
13 57 69 80 137 171 245 254 316 327 352 373 377 493
40 102 157 182 208 226 253 259 342 359 400 424 441 454
53 67 89 131 132 161 169 204 207 263 336 362 402 404
26 56 110 180 238 318 342 392 432 437 462 473 486 490
23 32 77 131 181 192 226 300 332 346 362 380 413 492
25 39 92 98 149 180 238 246 272 277 307 373 390 476
8 31 75 118 120 156 213 243 247 250 259 281 330 344
3 25 45 105 129 154 202 206 214 252 373 377 392 431
14 28 86 138 186 204 227 320 326 391 392 417 440 443
17 52 122 146 178 207 267 317 322 343 398 430 458 466
2 60 100 109 133 198 227 237 252 378 391 397 468 489
30 50 103 108 123 129 149 183 184 260 282 287 299 491
37 55 71 156 186 201 232 243 252 325 345 405 423 472
14 15 16 44 138 153 162 274 294 300 316 334 376 414
9 17 41 46 60 102 191 235 274 322 361 373 397 474
4 14 160 189 234 265 270 286 316 409 429 437 450 463
62 75 95 136 171 178 229 236 259 293 327 337 406 442
50 60 69 112 119 142 156 183 193 291 371 438 485 496
21 82 112 168 171 172 223 253 261 272 296 323 399 418
0 2 26 87 113 129 171 178 257 262 302 338 370 466
37 50 60 79 88 113 128 136 162 209 264 266 388 395
57 65 93 128 140 181 206 291 298 315 370 376 468 485
52 114 120 135 157 166 172 185 209 238 284 332 398 467
32 51 71 140 152 228 253 265 266 387 400 420 453 454
74 101 162 180 181 208 253 277 344 400 408 433 454 494
65 79 115 137 154 166 213 250 297 307 322 408 429 453
16 17 37 103 109 257 292 325 357 361 370 423 427 430
27 28 44 95 111 140 146 159 197 263 320 345 432 470
35 48 69 93 99 136 151 192 220 225 237 434 444 475
20 32 66 98 112 170 194 225 244 266 391 445 463 494
65 85 108 131 133 150 196 214 220 262 284 326 450 473
33 75 116 124 125 149 245 259 266 270 311 361 420 494
46 53 55 76 113 114 219 243 251 308 355 382 394 407
20 83 102 120 121 174 178 191 201 220 245 295 342 351
5 68 69 81 182 205 247 253 367 421 430 450 466 496
15 43 107 127 173 182 196 202 219 243 266 341 375 495
1 21 25 53 133 137 231 302 400 401 447 453 460 475
0 43 72 120 121 156 164 284 300 308 359 402 422 452
12 25 54 67 77 91 162 208 213 233 300 339 489 492
7 19 78 191 207 217 229 254 266 272 306 358 389 422
109 111 154 205 224 268 269 304 310 342 360 376 384 453
5 11 26 34 39 83 88 171 209 223 274 336 337 396
25 66 74 102 207 218 221 243 291 353 373 383 452 482
1 34 38 107 126 141 178 180 214 283 287 288 356 455
21 111 136 151 206 222 252 332 343 406 407 432 462 483
11 26 44 72 115 164 238 258 305 351 382 387 412 440 471
82 113 118 208 238 272 288 322 333 347 381 401 434 461 476
20 26 40 166 185 250 254 255 289 307 338 350 361 447 479
23 37 82 89 97 146 244 259 274 308 316 400 430 437 474
17 27 80 87 91 109 136 166 254 276 307 320 383 408 483
32 45 130 160 170 184 205 272 301 331 405 407 439 448 456
17 32 33 36 60 69 150 262 278 316 329 359 384 412 477
15 83 96 111 174 187 207 252 285 310 356 393 398 407 493
25 104 115 124 146 164 175 254 435 440 447 456 458 477 490
28 56 75 97 107 188 190 231 295 296 343 391 400 479 495
39 42 126 187 188 255 261 343 345 370 378 431 456 472 495
42 107 146 256 261 279 321 331 335 374 412 414 422 436 472
93 148 209 216 229 249 289 292 315 400 407 417 428 456 487
42 84 138 163 178 179 257 293 337 353 380 395 402 428 472
16 23 31 52 64 156 173 236 246 274 306 356 366 403 443
49 224 226 263 265 275 298 311 347 354 399 413 416 427 491
60 72 94 97 142 154 263 300 315 351 363 377 397 415 469
12 17 35 116 163 183 194 365 388 432 440 448 481 486 487
2 18 190 213 248 252 263 271 300 327 359 377 394 424 448
40 61 215 221 226 244 295 296 299 333 375 398 447 448 480
21 40 42 96 113 200 202 205 235 238 260 308 404 427 487
45 115 139 140 157 164 267 319 320 341 352 368 396 414 467
17 23 63 64 86 103 177 213 286 303 377 388 409 447 477
45 83 173 184 236 250 291 299 377 392 396 419 422 423 430
18 56 60 133 136 145 146 159 182 234 329 364 399 452 457
6 20 59 101 189 248 308 346 363 383 396 434 455 468 477
29 64 89 110 127 148 158 255 256 268 381 391 397 404 418
6 37 83 104 135 213 296 321 374 382 400 401 406 430 433
33 49 85 102 113 146 157 159 262 266 326 385 416 441 477
15 110 111 163 181 215 295 314 388 401 445 447 451 466 488
49 134 207 249 250 254 270 273 290 295 313 324 478 486 493
110 177 186 274 308 322 339 364 386 391 395 428 447 475 477
4 60 80 88 116 124 163 177 223 254 275 281 448 460 465
67 72 115 127 139 168 191 194 201 246 251 380 405 453 468
91 106 132 194 196 266 276 307 328 348 393 408 413 416 489
40 73 78 96 99 120 141 170 181 224 236 243 321 391 424
31 47 67 73 128 137 165 207 228 252 289 315 325 373 396
138 148 165 171 230 301 306 369 392 400 405 409 431 433 475
10 38 92 98 100 133 141 194 236 306 364 378 442 473 489
8 13 76 84 92 103 123 196 210 228 251 333 345 386 491
36 42 82 105 111 133 145 179 190 258 272 283 366 399 475
43 61 70 222 226 310 337 349 374 378 383 414 445 471 486
85 109 141 250 260 282 311 324 356 388 393 417 459 460 486
18 21 53 62 73 110 116 136 231 292 334 353 362 381 414
22 91 121 122 250 302 324 344 345 395 400 403 415 424 429
26 63 65 151 157 263 328 385 389 395 407 437 467 472 492
50 81 117 175 215 220 275 299 304 326 369 373 402 458 459
25 51 69 115 182 211 242 318 328 364 408 415 443 452 486
10 21 50 144 170 229 237 246 285 356 387 388 400 415 479
19 20 123 125 188 226 243 292 339 355 377 422 464 496 498
4 43 51 54 192 249 256 260 261 281 286 392 411 415 430
37 49 95 152 158 190 192 240 276 333 356 360 383 462 481
37 74 83 84 118 131 186 219 252 285 294 374 376 414 438
50 88 93 142 186 214 259 283 323 331 342 428 439 443 471
18 28 43 63 108 123 167 176 246 249 260 285 324 394 487
70 79 100 121 129 170 178 253 298 300 408 438 449 470 489
29 47 73 102 130 169 226 264 291 352 354 406 427 459 498
3 5 49 67 109 115 118 123 131 151 212 231 428 429 442
45 110 127 205 233 261 275 336 359 361 384 404 417 425 451
39 143 144 157 194 233 248 272 276 300 344 384 445 471 482
1 56 85 105 156 192 240 317 321 325 327 379 388 429 463
11 64 106 109 133 146 162 221 223 261 278 279 310 424 436
42 89 113 193 219 220 221 231 233 251 277 315 347 405 411
3 14 57 144 173 184 186 213 237 246 330 349 380 383 421
28 37 46 52 60 74 176 288 331 345 350 380 478 487 490
48 57 70 84 89 100 189 206 282 299 309 341 364 414 425
30 42 58 96 98 134 209 293 306 329 338 388 394 401 439
14 40 78 138 143 173 220 231 250 342 349 381 398 417 442
14 50 54 74 92 179 227 266 296 309 402 463 466 470 477
2 81 136 142 180 249 275 287 306 315 327 338 423 452 493
34 48 57 195 230 234 269 321 324 354 387 426 450 478 483
51 68 93 100 120 139 214 234 299 308 412 439 454 465 485
10 30 53 134 136 142 143 212 270 304 386 412 435 442 480
5 16 100 129 166 232 245 258 363 378 388 408 432 445 482
56 63 84 110 121 140 277 299 304 327 418 430 465 466 479
19 34 188 220 237 251 338 348 375 394 407 425 428 459 491
9 54 56 100 126 201 210 221 247 296 373 394 420 468 485
13 15 56 79 97 150 182 211 215 218 222 223 262 306 417
28 43 78 105 115 151 250 258 292 298 418 473 481 493 494
1 71 136 185 204 208 231 240 241 271 281 308 328 388 475
4 75 80 139 219 228 282 342 349 355 374 419 422 443 471
86 90 104 116 123 132 141 156 160 266 278 353 414 423 472
2 12 60 109 110 185 244 245 291 355 384 430 451 454 484
51 57 162 175 186 196 204 222 242 247 328 345 456 457 474
61 80 81 90 111 128 131 189 191 220 232 260 263 365 490
11 176 227 228 229 281 285 307 319 345 364 376 471 477 492
21 107 117 120 136 172 199 212 235 241 271 282 354 380 457
30 115 145 181 207 216 220 233 263 373 421 422 450 462 472
19 41 84 170 186 273 287 294 359 422 424 437 452 463 487
18 29 85 102 108 126 157 199 258 282 323 420 427 487 490
32 50 58 65 149 157 183 192 239 240 349 371 459 476 488
23 58 66 80 87 141 192 193 197 274 287 297 306 382 480
36 110 113 120 206 227 244 257 298 363 394 395 435 470 495
51 76 93 146 149 224 225 254 255 274 393 397 462 479 489
3 9 14 32 53 73 92 97 126 193 230 424 466 477 494
2 20 70 153 194 213 275 293 370 420 421 440 442 450 460
19 49 101 116 129 135 137 168 224 243 262 361 388 415 495
26 57 120 153 159 175 202 275 284 306 324 334 389 394 402
36 50 58 69 76 150 264 283 284 318 325 357 379 432 467
26 38 75 163 179 201 230 232 255 263 446 452 473 475 486
5 44 64 69 90 108 158 224 265 322 337 348 368 387 479 490
104 105 108 223 232 240 246 263 282 304 313 351 384 397 412 419
119 131 177 196 275 277 300 336 348 353 363 364 376 424 448 466
3 9 51 81 111 138 168 169 196 238 274 293 336 400 427 428
19 35 45 86 119 148 172 210 332 366 367 385 401 428 484 496
51 75 98 155 167 254 302 311 326 343 372 383 410 436 443 469
4 57 115 156 177 212 220 237 243 284 291 341 397 428 457 467
25 53 77 92 98 114 146 192 203 309 313 336 396 429 441 482
1 47 71 149 185 194 195 233 270 328 334 394 410 432 443 453
4 14 72 102 186 212 242 262 298 314 316 334 341 346 396 428
29 57 58 135 199 228 245 294 315 323 340 355 398 413 476 494
6 64 89 91 135 139 142 261 298 313 328 337 358 395 417 439
56 60 90 145 189 250 253 255 271 316 363 371 406 431 487 489
34 89 107 108 139 214 250 258 266 305 310 360 447 448 460 476
18 78 120 130 132 185 187 200 216 218 259 296 342 431 442 464
3 12 29 58 80 137 200 203 204 254 286 307 346 386 434 484
50 65 82 86 115 152 167 199 254 260 294 309 321 370 406 488
5 34 56 84 95 164 262 353 354 373 379 415 416 449 452 459
51 60 71 79 100 134 154 159 222 229 246 247 311 340 369 382
126 128 131 186 189 199 218 254 289 331 390 442 450 465 493 496
23 57 105 119 159 213 238 252 257 264 272 335 422 427 480 490
33 49 77 86 120 167 183 218 320 331 356 364 389 403 440 451
37 96 136 168 212 250 267 275 283 284 302 342 371 420 481 485
1 14 25 85 110 139 163 173 201 257 330 363 387 417 427 447
1 22 29 76 135 187 229 238 242 248 280 286 296 361 404 435
3 4 83 139 210 226 247 271 278 285 327 333 351 356 447 496
34 64 68 81 107 197 204 234 262 273 310 336 357 377 407 479
39 86 152 160 169 204 214 216 290 293 294 377 452 454 464 495
39 73 128 155 178 195 212 250 307 330 335 339 385 386 408 466
53 56 132 161 181 212 218 225 230 233 296 316 339 380 408 417
47 56 73 135 153 163 172 190 212 232 269 350 428 435 436 461
11 47 108 286 330 332 335 343 362 370 379 446 458 465 475 487
2 41 51 68 122 135 175 204 207 212 242 299 366 449 451 469
48 67 94 101 132 136 168 175 180 185 255 257 262 289 479 484
8 14 19 74 84 86 108 150 157 170 291 314 319 320 371 487
4 11 44 103 176 227 267 296 314 330 390 414 433 448 483 486
29 40 63 75 98 113 300 308 342 351 372 375 394 403 415 454
16 47 52 80 86 135 186 243 247 273 289 325 327 340 429 460
13 77 93 105 179 205 240 242 266 343 354 402 412 423 453 472
14 17 40 57 103 133 209 235 271 312 374 397 416 449 462 488
52 157 170 183 242 296 300 311 353 356 357 377 385 418 450 456
26 28 63 85 146 161 199 243 382 391 406 416 420 431 469 485
20 62 112 198 227 238 299 309 335 345 353 365 415 446 481 486
101 151 210 256 281 286 312 322 338 372 377 408 435 441 449 476
26 33 51 76 103 108 111 141 145 188 228 256 305 467 480 488
2 30 51 116 129 149 162 210 250 334 357 371 379 451 473 481
8 42 94 95 132 171 177 212 244 257 300 317 385 473 483 495
43 48 80 105 138 151 181 268 277 285 385 405 420 427 462 474
47 84 151 168 203 222 266 278 290 309 312 329 370 418 461 480
18 28 86 115 151 198 228 230 282 349 384 434 443 461 467 475
21 46 55 79 98 115 143 146 189 246 313 367 397 477 479 488
2 36 75 93 115 122 125 162 198 229 234 348 361 375 384 476
1 10 16 18 57 120 192 195 261 279 299 318 338 343 460 481
10 28 46 50 70 81 86 110 125 207 245 260 261 358 404 438
6 30 53 102 133 173 194 267 286 293 301 316 408 415 425 497
6 13 29 71 84 98 114 242 301 320 335 348 357 380 419 454
20 53 64 65 103 239 259 316 319 342 353 382 386 442 468 475
80 97 141 161 170 191 273 278 282 330 345 354 359 414 440 452
77 88 89 103 120 130 151 215 279 305 338 458 463 476 486 494
14 60 104 116 140 171 190 214 273 287 331 355 388 400 402 418
106 116 121 126 135 140 188 277 283 389 429 448 453 472 477 485
0 68 99 103 162 178 193 194 222 228 299 366 405 444 480 496
24 39 57 74 103 116 157 180 181 183 256 339 340 364 389 398
27 58 110 160 195 261 279 284 294 337 353 357 410 415 450 472
31 89 94 97 111 161 214 253 260 266 273 293 306 363 411 484
51 106 114 119 164 175 195 219 305 350 387 392 411 444 481 495
6 20 51 94 106 142 245 247 254 280 318 335 378 394 407 439
12 20 122 143 232 292 322 331 358 364 401 408 412 413 465 470
9 48 94 114 128 191 236 277 290 321 337 383 390 396 404 451
26 32 55 81 117 149 195 230 234 262 292 295 314 396 404 476
98 111 124 127 138 247 306 319 336 359 393 413 420 427 435 479
95 122 141 200 210 212 271 280 312 346 378 433 465 479 490 494
43 70 96 132 140 180 204 257 313 332 357 362 388 424 483 487
32 43 62 119 120 154 179 204 267 275 286 367 434 436 448 466
72 83 92 108 130 148 198 218 233 236 250 306 345 349 370 496
0 41 43 72 119 153 191 273 297 327 339 351 380 383 445 465
38 53 68 99 179 200 209 216 263 326 332 384 391 392 469 492
8 58 122 142 170 173 181 227 240 245 254 262 267 361 367 386
32 49 69 78 91 122 201 231 243 247 250 279 293 303 389 492
14 104 117 147 213 228 281 351 369 386 400 406 425 446 460 471
53 191 202 225 269 308 320 333 337 342 360 419 420 438 439 480
3 9 14 73 102 114 163 170 255 257 258 280 338 349 363 427
34 70 111 117 127 131 148 164 168 209 268 318 336 379 471 474
10 25 37 51 92 99 104 146 217 234 266 297 304 324 343 435
60 66 114 120 124 133 151 236 300 312 335 370 378 382 388 495
136 158 173 203 229 264 266 296 349 370 373 402 418 432 446 464
27 42 81 124 154 163 166 265 285 297 314 324 332 345 396 497
12 60 61 115 124 167 234 244 253 289 341 420 446 455 470 471
4 13 106 180 246 249 293 299 320 326 327 336 338 475 480 498
8 104 116 121 150 159 207 247 268 276 291 346 393 428 489 492
1 33 235 269 272 273 307 350 354 398 405 412 419 425 484 485
27 83 104 105 117 122 123 168 191 221 234 308 318 417 432 453
6 32 41 91 120 132 202 228 231 249 304 313 380 417 435 490
50 59 70 76 125 158 220 223 254 257 259 268 337 358 363 437
17 22 30 123 128 192 226 241 247 270 288 324 326 412 413 459
1 10 56 93 183 219 272 302 306 330 379 391 442 452 466 498
8 20 64 117 137 159 213 232 234 355 365 391 398 431 475 476
106 121 146 171 270 309 353 366 369 380 382 424 428 474 494 498
15 18 27 118 129 179 183 234 239 264 306 339 343 382 432 442
9 109 115 143 166 190 241 270 341 350 390 422 423 435 466 467
1 16 43 58 82 87 213 231 286 294 302 319 369 422 428 461 482
10 41 67 75 91 94 105 152 164 255 323 398 418 436 461 462 487
12 35 61 73 83 143 174 263 270 289 295 320 324 325 365 376 452
39 86 91 125 132 148 151 219 227 237 271 284 299 339 349 378 448
5 19 59 117 122 123 127 128 130 149 164 166 178 237 266 307 397
42 44 46 59 80 122 180 186 248 267 283 344 347 375 405 414 472
9 22 155 217 247 269 275 276 294 311 336 346 349 403 416 447 478
45 66 93 102 111 153 160 170 216 306 339 392 403 411 422 442 464
7 55 58 60 66 94 157 206 239 250 258 295 296 382 387 446 493
79 102 108 147 154 208 265 292 294 345 364 422 423 433 453 473 491
2 33 34 59 105 200 205 245 253 257 261 301 302 342 383 472 499
60 70 81 100 146 179 190 201 274 276 320 371 387 397 445 464 479
8 32 62 67 101 104 120 221 238 316 328 331 366 394 413 423 462
37 81 99 105 111 151 229 236 280 337 355 372 418 420 430 431 454
15 38 58 139 141 153 235 259 274 318 331 406 421 438 448 455 470
11 58 97 153 159 176 200 220 259 277 286 292 393 459 472 476 480
25 26 59 102 125 172 187 191 193 293 300 338 340 359 374 385 425
13 19 46 48 75 219 242 250 251 275 286 302 353 379 392 416 463
15 21 97 104 134 140 143 189 193 280 310 312 338 369 432 447 465
2 50 65 75 116 129 163 192 202 247 249 250 385 420 425 453 472
1 55 78 95 135 185 195 227 260 272 306 310 344 351 365 480 495
40 54 58 97 103 121 122 155 171 206 256 264 270 318 341 379 395
19 41 56 76 80 98 116 131 203 214 305 321 328 369 403 473 496
39 47 59 87 90 93 123 141 160 165 261 263 287 308 409 426 445
15 39 59 65 92 158 218 244 276 310 324 336 382 440 477 481 493
42 72 159 175 176 187 191 210 233 260 264 269 290 299 323 486 499
38 51 118 180 207 218 282 335 342 352 364 373 374 387 445 470 478
6 105 136 145 146 154 228 275 301 316 366 387 408 415 445 448 491
4 24 59 100 120 137 176 247 272 283 285 305 328 370 439 452 481
33 45 83 113 136 139 207 216 219 260 309 348 365 411 436 456 462
84 137 156 164 179 196 256 266 280 281 294 328 388 416 446 470 474
7 42 61 68 103 120 177 192 195 281 302 312 319 380 395 414 491
52 82 93 105 113 118 132 146 202 219 307 350 356 358 389 422 430
39 81 143 147 164 165 171 172 209 245 291 293 302 305 362 436 450
6 31 35 69 75 178 231 237 294 309 318 346 397 409 410 417 483
35 43 62 94 124 133 145 160 287 358 370 372 376 382 412 420 476
25 46 48 115 138 146 154 173 174 270 301 306 345 393 419 459 487
15 61 89 115 124 131 171 214 270 274 299 324 344 359 439 470 497
61 63 120 122 141 196 255 273 362 365 401 421 427 443 462 467 498
5 10 85 101 135 138 182 192 255 256 324 329 334 338 347 393 498
12 14 32 43 83 100 228 285 317 334 375 388 432 452 458 475 485
19 96 113 179 190 233 264 279 347 364 393 405 409 417 418 454 466
10 27 41 45 75 137 171 184 245 253 262 325 335 343 384 483 486
25 71 82 127 145 177 181 203 214 263 321 347 375 379 431 473 474
49 95 122 189 223 229 245 248 253 274 358 404 453 457 465 487 497
33 39 95 104 122 136 142 199 263 280 300 317 350 352 358 425 430
50 123 125 148 154 184 185 217 230 240 275 278 294 300 413 415 492
35 61 69 104 112 114 116 132 212 231 246 270 297 306 316 374 464
8 92 103 143 178 193 228 232 254 297 324 346 347 395 455 469 495
19 38 94 98 207 212 216 231 241 242 247 257 274 281 346 484 485
11 41 67 115 147 151 164 176 182 220 262 301 344 355 401 409 419
62 68 160 222 233 271 275 279 344 373 388 397 425 437 446 478 495
24 26 36 90 178 190 221 245 285 304 346 402 414 431 440 471 489
50 68 177 216 232 236 243 247 253 272 281 307 444 447 469 479 493
35 59 76 151 156 176 191 203 232 316 346 376 394 462 463 476 490
24 35 40 53 65 127 166 167 175 183 185 241 242 318 355 426 485
12 22 27 71 99 112 149 158 173 194 264 276 312 349 396 400 436
9 38 63 69 101 122 135 189 206 237 260 338 395 398 461 470 494
29 51 75 79 111 125 128 165 208 213 228 277 320 390 433 458 473
16 25 50 70 94 132 142 143 162 163 262 279 290 354 465 470 473
6 34 37 51 355 358 372 402 412 429 445 451 453 475 476 486 492
25 65 74 101 112 189 204 223 233 270 272 306 325 358 392 474 488
8 88 145 149 213 224 246 270 285 294 306 309 373 388 441 463 490
0 25 36 41 54 55 79 103 123 136 164 228 327 385 395 431 458
6 8 51 76 80 91 99 103 118 171 204 213 361 379 395 412 433
26 133 179 191 251 263 298 318 379 384 424 455 462 464 481 484 493
41 47 48 56 151 185 188 238 397 415 432 433 448 452 464 486 491
38 62 63 64 86 104 127 176 192 202 244 260 338 351 359 363 425
13 19 55 59 85 137 165 235 240 258 272 306 358 381 428 452 489
16 19 52 64 131 188 216 302 346 436 453 460 463 487 494 495 499
19 50 56 64 69 73 124 181 211 260 301 330 409 453 466 488 496
4 27 63 76 129 163 172 175 190 213 214 238 247 269 335 399 498
0 41 56 71 103 117 123 205 223 265 291 328 355 374 388 394 409
6 32 80 137 187 197 221 241 294 300 332 335 343 350 372 386 490
37 67 68 159 186 228 230 253 266 302 308 345 365 374 413 435 456
5 72 133 173 242 245 249 268 278 307 334 375 407 412 420 467 488
22 104 115 154 156 188 209 215 242 243 248 299 334 338 406 419 420
2 6 7 18 82 85 91 105 153 182 271 285 298 325 327 462 482
0 56 69 70 71 78 118 127 170 193 203 208 279 301 352 469 487
1 4 27 106 107 157 191 215 256 268 302 333 353 411 426 456 486
7 13 43 117 127 137 153 169 181 214 232 235 262 410 414 445 473
8 28 96 99 184 209 232 234 269 306 322 369 381 433 462 488 497
77 96 139 146 192 202 215 226 255 275 290 298 321 412 429 434 435
70 99 118 124 133 177 182 187 198 217 232 323 412 419 450 453 498
13 16 23 32 97 112 143 214 258 266 271 290 325 391 402 411 475
7 35 89 114 132 157 195 251 277 285 287 305 319 344 381 432 457
13 17 26 56 60 119 135 138 165 181 204 221 300 337 357 361 432
33 134 135 156 159 228 240 242 257 264 316 342 372 389 405 455 495
7 27 47 56 84 104 157 257 258 266 326 360 373 374 414 483 486
20 63 105 131 136 184 207 219 304 350 356 369 380 390 409 455 456
1 3 31 52 74 97 121 122 138 192 210 243 316 333 386 432 435
22 46 63 65 67 138 154 183 217 223 247 275 304 338 385 416 482
21 30 35 40 59 80 90 112 114 167 333 344 345 367 442 464 489
4 49 61 66 72 73 125 219 236 284 291 309 338 413 424 430 469
29 61 73 109 126 179 357 395 418 440 449 456 459 470 481 485 488
13 31 62 151 174 196 216 218 237 283 297 388 396 405 416 421 477
2 5 44 126 129 133 171 234 257 273 295 297 333 338 396 448 482
11 105 129 152 160 178 225 229 246 270 310 330 347 423 453 466 489
2 9 64 102 104 110 126 144 160 190 241 244 342 349 407 461 464
66 143 183 207 214 255 267 294 325 356 374 397 420 437 464 473 484
42 55 60 62 75 93 102 136 140 198 220 239 254 255 289 406 449 484
1 46 51 65 67 117 135 203 208 236 238 245 287 327 356 357 375 431
30 56 81 92 108 112 132 152 177 232 240 256 266 282 290 372 396 417
1 55 93 100 150 156 166 179 212 224 262 271 293 317 393 395 418 482
11 47 69 104 114 115 142 144 208 235 244 286 315 331 338 353 471 486
7 51 66 72 73 74 80 82 149 198 200 205 225 259 301 355 360 403
7 62 83 108 118 130 152 159 172 240 247 368 397 420 436 446 484 491
4 18 39 144 157 167 176 210 212 260 302 336 357 373 378 387 440 456
5 10 19 51 81 84 91 130 143 192 199 205 222 274 417 423 452 480
31 93 98 101 130 181 182 228 258 301 323 328 346 375 437 456 471 480
16 219 221 233 235 253 276 279 334 348 373 390 431 439 443 457 471 494
8 15 19 30 112 115 135 174 230 240 242 260 278 351 439 460 467 492
31 38 59 82 86 88 118 268 302 377 379 385 399 403 413 447 465 482
55 134 160 161 170 173 199 203 205 270 284 292 297 327 331 365 435 488
17 27 56 72 95 111 123 127 157 188 210 305 319 340 368 428 445 479
36 95 101 119 175 199 248 279 289 309 352 397 417 444 447 449 464 467
7 21 53 71 88 129 141 189 213 247 279 319 322 333 352 358 426 488
17 25 27 52 67 72 78 90 111 140 167 172 213 238 264 289 371 487
18 170 192 207 209 253 279 324 338 347 366 372 383 440 442 444 458 490
43 73 77 80 157 289 296 337 340 343 351 356 368 369 379 454 460 465
48 93 152 203 220 239 261 266 269 272 294 299 313 319 339 352 392 495
72 74 89 105 137 166 199 338 351 395 405 407 409 410 449 470 479 499
9 24 78 122 135 182 254 284 288 307 319 342 394 449 452 457 467 472
22 47 138 140 159 164 187 209 248 249 250 322 389 402 423 434 463 499
40 51 94 111 117 141 166 175 178 256 312 329 370 446 453 458 463 481
18 65 68 182 184 188 194 233 253 266 270 273 278 307 317 349 405 496
4 22 27 31 48 59 94 126 151 185 246 310 329 393 408 432 439 450
10 27 49 57 63 90 100 165 221 237 273 301 380 387 438 490 493 494
32 50 64 65 72 78 147 151 251 310 372 376 405 413 428 465 488 496
7 10 16 23 50 84 204 309 322 331 332 345 353 378 426 455 483 486
8 59 60 72 81 100 139 184 204 263 305 327 342 365 454 470 474 488
37 44 73 77 86 104 105 130 162 205 233 246 275 334 364 365 434 486
14 20 26 94 168 182 213 220 276 293 349 367 370 434 440 460 461 489
21 70 86 106 155 161 171 197 200 226 243 254 257 272 367 368 411 453
60 85 98 106 124 203 204 216 345 347 359 371 377 404 416 469 495 499
15 17 99 121 136 204 205 234 235 268 277 309 329 354 401 414 443 482
33 88 113 114 118 134 149 167 183 198 224 313 323 327 337 342 369 409
18 51 54 88 133 157 160 184 263 267 298 315 328 360 374 421 429 492
25 56 57 67 99 114 144 149 241 287 303 306 345 350 406 438 440 451
52 61 63 115 214 226 227 243 272 321 343 348 394 443 460 466 481 492
13 17 22 31 86 102 168 189 193 206 229 287 322 360 365 425 436 497
21 80 114 125 171 240 248 249 253 281 302 323 330 355 363 375 399 466
14 32 33 49 77 101 151 217 252 263 281 310 326 343 383 428 470 493
30 38 67 96 120 122 123 142 175 185 267 307 308 377 413 431 441 478
72 125 148 178 179 202 222 257 259 270 338 384 415 423 441 445 458 480
52 53 58 75 86 153 188 233 239 258 352 366 382 388 409 425 455 481
27 112 116 147 148 166 175 177 218 273 276 287 297 298 387 409 425 478
129 157 166 199 217 250 281 306 331 346 353 361 386 396 423 445 495 499
6 115 117 163 216 221 234 236 248 260 268 278 287 298 378 398 417 453
17 67 83 95 112 114 122 131 207 213 235 269 271 286 292 309 385 423
22 37 45 56 97 141 164 194 208 306 314 315 358 372 388 416 418 494
123 147 174 176 213 254 273 314 329 330 333 363 366 403 457 459 471 487
35 70 124 234 255 295 318 321 322 353 387 431 452 464 485 488 489 499
37 42 67 99 103 158 164 167 202 213 227 255 267 280 425 433 456 477
1 67 120 140 150 159 192 276 308 324 328 352 364 378 435 448 473 475
1 45 61 72 97 159 183 184 221 224 253 330 345 375 422 435 439 495
17 45 81 101 133 139 168 237 242 251 255 265 283 323 327 396 422 434
38 51 62 65 142 160 187 218 250 266 273 296 299 305 362 386 402 435
19 40 51 52 89 120 152 166 247 269 280 282 321 331 341 357 414 489
31 36 54 68 75 110 114 143 149 196 245 324 327 340 343 351 378 402
15 40 71 109 114 139 142 184 276 295 346 384 388 441 450 453 461 472
4 10 33 46 72 96 133 172 187 207 217 219 272 283 315 333 438 445
20 57 95 97 102 130 188 200 244 265 292 293 304 352 378 438 450 489
16 27 38 105 110 114 165 170 245 289 300 318 387 414 457 476 477 494
43 67 83 99 109 119 183 214 251 258 266 281 298 313 314 346 349 439
33 60 89 124 130 142 152 200 202 203 254 270 288 298 311 357 393 423
6 16 54 65 247 248 289 293 300 309 377 402 420 442 443 462 469 490
11 103 105 113 121 175 180 230 290 297 308 313 337 353 361 405 438 450
9 36 45 84 89 102 124 155 161 247 277 299 306 334 347 422 447 470
14 15 65 83 91 137 185 257 305 317 323 373 375 381 405 417 435 454
4 6 39 71 82 89 91 113 126 154 274 285 294 319 370 391 422 445
28 58 60 81 94 110 129 135 151 238 243 297 311 328 342 372 382 469
10 47 86 98 137 161 217 286 299 304 329 347 361 372 389 390 395 498
2 14 44 57 65 72 120 122 165 170 250 296 346 350 378 382 396 476
47 107 115 180 216 252 269 349 370 388 403 410 411 428 444 446 451 483
6 29 50 76 83 215 252 270 294 316 335 349 355 356 414 466 471 492
12 15 24 77 87 114 130 148 175 190 191 207 282 286 394 429 454 460
68 119 139 144 159 170 177 179 183 186 227 237 293 311 335 338 378 389
13 14 34 44 51 102 157 184 219 232 236 307 319 376 437 462 488 490
8 142 152 159 168 176 221 303 317 344 345 363 371 435 445 449 472 483
1 13 33 47 56 125 167 210 222 225 271 289 297 313 328 350 370 398 460
33 40 83 167 175 180 196 257 260 338 368 378 387 397 404 434 435 458 487
3 9 28 111 115 149 182 188 223 231 247 256 304 307 308 323 381 403 445
2 17 48 88 96 198 258 274 291 301 308 348 384 409 417 429 446 463 489
23 47 86 154 170 172 179 180 237 279 283 367 373 380 396 405 419 424 444
23 30 36 58 73 116 153 176 209 232 238 257 265 302 317 327 355 433 487
4 13 92 138 144 160 178 210 249 251 263 286 312 330 357 372 380 412 486
91 105 126 127 156 229 285 295 297 327 355 358 373 392 412 428 456 478 479
29 86 101 112 183 201 242 252 285 289 325 336 363 425 476 483 484 485 495
26 44 110 116 120 136 200 206 207 249 263 272 312 337 372 380 389 396 482
4 23 25 118 131 137 147 164 174 200 252 360 381 382 389 394 410 458 496
7 9 22 29 50 56 160 164 216 218 284 298 377 382 399 434 482 493 497
41 62 114 129 155 163 190 208 253 275 280 309 325 346 414 429 432 449 458
7 28 48 108 149 177 196 203 219 229 294 320 356 359 390 414 468 484 496
45 64 69 70 129 174 182 196 203 220 256 304 333 349 368 427 444 445 470
17 22 27 65 98 104 137 190 191 208 224 267 268 344 345 363 371 373 392
25 97 113 158 206 220 227 247 255 290 302 308 312 340 342 380 391 448 486
50 68 86 95 96 147 190 224 251 300 305 313 315 347 415 422 433 437 442
32 49 81 90 110 119 124 160 175 197 228 255 258 370 371 420 454 458 495
20 49 241 242 264 291 296 301 313 325 331 337 356 390 403 454 458 477 496
7 31 119 129 174 176 180 223 228 249 303 321 324 355 381 435 483 488 494
1 13 22 91 103 147 164 166 176 184 222 234 311 389 425 446 448 471 497
14 52 65 98 152 170 179 234 277 289 305 357 367 383 431 437 451 459 469
2 47 75 84 92 95 119 152 242 247 263 329 353 366 401 406 407 428 468
31 43 78 90 150 165 177 178 222 227 230 231 238 247 260 276 366 375 410
12 38 61 96 101 123 154 165 183 202 266 307 329 333 336 362 428 436 486
6 21 48 55 89 99 120 209 263 276 280 282 303 319 405 407 477 483 485
11 18 36 58 97 151 167 242 243 285 343 383 423 428 430 431 433 452 468
20 47 55 64 103 176 223 240 247 262 268 327 369 389 412 438 440 468 469
10 88 99 106 130 152 158 171 195 229 232 292 303 330 380 428 454 472 476
22 34 40 47 84 91 127 185 191 309 310 334 396 402 445 454 476 480 495
5 17 25 46 73 107 140 146 148 203 236 257 294 338 355 401 434 443 444
25 31 67 70 74 139 199 205 237 284 292 297 333 381 407 414 432 452 463
7 146 152 238 243 291 340 347 358 362 373 398 442 444 448 486 490 492 493
0 8 9 12 21 23 40 42 123 151 167 205 250 282 284 363 365 424 463
4 34 118 145 148 154 264 268 272 273 300 316 331 370 397 432 452 470 491
0 5 13 21 53 60 73 81 82 177 219 266 277 329 343 344 459 482 490
10 42 45 66 90 126 132 147 164 224 225 316 318 357 374 420 461 470 493
22 30 46 59 65 80 85 135 259 291 302 316 329 332 363 384 437 446 455
3 26 44 99 123 137 159 213 217 225 246 278 282 294 332 333 423 437 443
41 56 75 118 168 204 207 212 223 227 236 310 344 380 447 459 468 473 497
8 12 18 19 34 46 64 86 171 173 210 216 293 325 335 360 434 444 455
8 10 96 150 163 175 179 198 205 216 257 264 367 397 407 431 453 459 460
16 24 34 47 68 74 94 145 232 257 271 275 277 365 373 405 465 470 492
38 71 80 101 110 200 240 257 258 260 292 312 345 351 356 414 444 447 473
3 33 65 88 113 114 143 180 231 246 251 252 274 302 347 381 394 485 489
25 36 44 68 71 74 103 121 126 169 177 183 217 318 383 434 442 465 485
14 48 50 70 91 119 164 246 248 268 275 319 365 373 397 419 482 483 487
31 66 91 108 125 134 173 221 247 295 317 326 332 338 395 401 446 459 486
6 31 68 69 78 90 97 132 158 177 242 279 305 322 341 414 431 435 445
87 106 135 150 160 223 228 245 258 267 358 371 396 397 402 431 443 468 477
36 88 114 129 132 135 144 159 165 167 176 231 267 292 336 380 396 460 467
19 44 56 59 113 128 143 209 239 254 263 297 299 322 342 361 362 398 458
28 29 72 88 129 139 257 269 270 321 338 341 359 361 390 396 434 490 496
12 24 35 57 66 80 100 172 195 199 227 256 340 407 414 419 451 469 478
1 3 8 39 46 82 87 125 180 181 227 236 249 306 347 349 377 393 475
44 48 59 133 145 181 190 201 224 241 260 272 329 340 366 376 410 436 454
10 86 130 159 224 234 275 277 302 303 337 408 415 423 428 438 451 457 463
4 49 96 108 122 131 162 169 194 213 216 267 337 343 357 378 396 442 452
6 22 91 102 172 175 196 217 276 310 313 322 323 341 348 370 448 479 484
3 23 55 58 78 146 148 207 261 289 304 327 329 349 354 382 410 443 476
30 56 76 84 101 105 128 161 199 201 246 252 262 289 331 372 387 413 461
8 16 115 148 185 260 319 345 375 382 391 393 433 448 456 470 480 489 491
26 35 61 87 100 156 166 219 245 305 317 382 383 401 413 414 429 451 472
16 36 72 109 117 134 135 190 194 217 221 239 287 295 323 328 333 381 445
61 71 76 84 89 175 176 209 214 268 309 320 341 344 359 412 444 455 480
19 43 56 114 140 157 160 218 258 295 320 335 358 364 408 410 429 469 491
37 61 81 106 140 148 154 158 237 257 272 287 290 293 309 312 348 363 424
12 26 42 44 63 71 72 116 135 145 216 222 245 287 321 326 367 405 454
17 40 80 108 141 162 189 205 239 253 257 296 353 358 359 366 455 456 473
3 37 74 92 137 141 191 199 203 208 209 297 303 338 345 355 391 431 479
3 39 40 54 111 121 170 188 224 245 280 283 329 382 424 446 463 478 482
23 69 96 137 143 181 186 198 236 257 306 320 325 326 336 353 366 466 486
6 47 52 64 92 159 161 221 232 234 268 326 330 332 394 407 410 443 474
27 54 75 99 143 153 155 191 209 227 255 286 306 386 407 439 453 472 481
14 57 83 99 121 180 182 188 200 228 253 323 325 402 403 425 438 446 457
72 92 95 112 140 155 177 183 242 243 247 254 303 316 327 330 428 439 475
7 11 20 67 71 90 102 117 127 149 160 174 184 197 321 332 343 441 446
2 27 29 42 70 73 82 109 177 189 213 238 278 293 327 333 397 427 471
9 10 47 56 98 112 142 165 202 213 249 272 336 337 346 382 430 433 435
67 81 135 165 203 263 298 300 321 343 359 363 364 388 395 403 404 433 441 484
60 88 89 121 123 166 183 221 287 311 364 382 388 406 407 408 413 419 421 499
4 16 33 43 80 85 88 132 134 176 218 247 343 356 367 368 376 398 411 469
14 28 38 68 119 188 193 228 285 293 315 341 385 392 437 450 456 469 490 493
21 28 32 87 127 130 167 191 236 266 286 298 325 329 332 359 362 405 440 468
12 21 33 46 66 95 107 184 195 251 257 260 271 292 314 334 337 352 372 417
13 26 43 50 93 123 142 153 231 239 242 253 324 330 400 418 421 429 437 495
23 29 32 46 47 152 156 172 207 208 241 312 333 365 367 418 422 423 461 479
6 13 145 177 257 271 282 289 297 305 309 313 332 357 382 400 420 423 426 449
1 3 25 79 94 128 160 164 247 290 305 307 325 346 378 404 443 457 466 481
0 54 83 88 98 112 117 187 229 300 303 344 386 398 401 419 423 479 493 499
5 25 41 89 100 161 197 203 216 219 226 239 254 258 335 367 380 408 460 492
30 56 83 97 123 153 186 190 207 272 284 318 355 368 419 439 451 455 478 494
6 7 9 19 43 46 53 56 82 238 242 243 245 267 325 335 345 362 365 425
19 44 72 101 107 120 137 150 163 174 231 267 287 304 307 401 443 464 470 481
19 21 57 63 84 121 160 166 180 183 197 222 253 265 319 369 388 412 482 490
4 13 53 108 117 125 142 239 241 263 307 333 342 376 392 405 410 433 457 459
94 97 134 154 195 236 253 256 270 318 328 334 347 360 366 370 391 403 445 490
0 22 28 29 47 61 154 170 191 201 260 273 305 308 324 405 451 466 474 499
36 62 92 109 178 181 194 242 260 285 300 306 334 369 398 402 431 449 480 499
28 38 61 97 98 99 104 106 119 137 148 186 204 216 242 327 377 403 457 459
10 27 77 112 113 167 169 203 269 300 316 318 323 329 373 384 405 440 453 454
5 50 96 112 126 155 190 191 210 233 247 248 266 268 269 280 310 320 376 481
20 90 133 135 148 155 176 199 204 209 226 283 308 334 354 365 397 400 426 483
14 55 82 119 135 178 233 256 260 264 279 289 330 340 400 411 412 445 450 452
69 111 117 137 159 174 181 200 206 238 280 320 323 369 370 376 417 455 474 479
16 26 30 35 45 75 110 111 145 195 197 220 238 259 320 327 360 409 420 424
24 33 132 164 190 191 251 255 299 326 350 362 363 370 379 384 406 436 464 475
42 131 166 187 201 215 228 242 258 267 299 311 321 339 372 410 412 416 432 477
3 102 124 138 141 234 251 357 358 359 365 369 385 400 413 422 439 462 485 494
6 8 29 41 49 67 70 106 107 124 141 195 196 208 301 317 371 445 467 493
2 34 41 45 59 133 186 204 262 282 299 301 308 328 336 347 390 459 486 494
49 51 85 89 95 107 166 183 216 228 229 306 327 329 388 406 418 444 445 471
6 31 39 46 116 148 151 154 177 190 206 211 244 277 294 316 344 376 386 451
22 46 50 51 97 155 159 168 177 186 220 268 331 398 405 411 453 460 461 483
26 60 64 120 134 159 215 235 247 293 315 345 366 367 401 402 413 416 422 440
21 37 40 45 82 129 146 190 216 245 246 248 279 303 337 361 382 387 443 491
1 8 20 84 87 142 150 157 193 239 259 314 328 352 375 381 421 432 469 485
5 56 115 145 149 150 160 168 184 187 299 304 313 325 340 372 461 468 475 480
46 58 88 103 106 162 166 180 185 208 224 274 284 295 298 368 415 488 493 494
78 137 154 162 179 180 221 230 242 248 260 273 278 290 371 414 422 449 479 489
40 77 80 96 97 105 117 157 170 175 203 217 228 236 354 368 371 421 464 481
4 29 45 48 83 109 149 153 156 202 263 286 295 307 322 345 400 442 464 481
6 65 70 168 172 260 274 282 298 325 326 338 364 373 405 411 429 438 460 469
10 23 61 64 121 124 126 149 155 169 266 280 283 328 351 374 404 461 481 496
22 59 91 97 114 125 159 176 200 220 238 260 269 322 332 386 396 431 489 493
24 62 66 91 93 153 157 207 208 209 213 229 268 271 314 325 379 419 450 496
10 17 21 52 56 77 94 103 202 233 307 316 336 356 373 374 385 410 438 466
8 29 62 130 183 186 235 270 278 333 336 361 395 400 425 433 465 476 477 489
19 31 99 104 121 173 193 222 236 245 254 257 261 298 302 309 401 402 422 479
21 71 81 87 141 191 202 256 297 301 310 316 320 330 335 344 348 410 421 470
4 104 107 133 160 167 183 207 236 239 248 264 291 305 307 395 402 464 475 482
67 70 119 130 132 142 152 160 185 189 249 251 308 317 318 366 405 426 454 498
19 21 41 52 54 58 88 119 140 179 205 226 279 301 353 406 421 426 465 497
9 25 59 112 128 196 239 242 280 294 326 328 350 377 412 434 437 446 452 496
3 21 35 47 54 105 112 130 140 148 186 224 250 253 303 320 323 356 366 487
18 71 90 101 113 148 149 165 191 207 212 244 265 267 301 317 410 452 454 472
27 50 73 86 112 151 170 213 214 222 256 306 314 326 366 393 395 422 440 441
12 101 115 121 178 180 197 224 251 312 355 361 392 400 403 417 433 450 466 492
41 99 101 112 164 200 202 225 240 267 310 344 366 397 403 419 472 476 482 498
1 21 23 28 71 86 115 125 127 164 181 195 210 316 318 377 390 440 456 475
60 65 73 91 151 156 169 182 236 237 238 240 251 269 316 331 343 394 419 452
1 63 70 78 79 89 90 92 118 175 180 216 227 230 236 249 255 274 352 363
26 40 53 92 116 154 163 173 242 260 264 279 283 298 327 373 424 436 478 486
0 77 104 110 140 145 178 234 239 253 265 277 284 310 321 344 386 403 457 476
8 46 62 70 73 154 187 196 217 235 236 269 281 356 364 380 415 439 456 481
113 138 140 153 174 212 213 229 261 264 276 311 341 359 370 390 400 417 427 460
54 57 82 104 107 116 198 204 248 292 293 302 355 382 395 399 404 438 446 478
31 61 96 111 125 143 156 160 210 246 247 254 267 349 435 442 453 454 456 465
10 41 44 118 137 163 166 169 172 214 259 267 299 300 334 362 379 403 415 425
37 70 121 161 201 214 219 241 264 287 307 314 327 374 389 403 426 450 470 478
22 23 76 98 165 176 182 192 224 258 264 268 322 347 357 403 455 466 487 497
4 9 57 80 84 96 102 109 124 166 168 170 264 272 285 329 336 445 475 493
107 115 203 214 234 248 264 270 275 277 285 290 291 347 353 367 416 425 431 447
13 16 25 58 83 112 135 180 194 218 250 276 309 351 353 370 408 416 458 473
16 29 64 77 79 133 175 198 228 253 304 307 333 350 361 368 379 437 452 470
28 29 101 109 124 150 211 213 215 230 232 246 268 270 295 331 372 406 417 480
2 4 30 118 213 214 235 284 291 294 326 334 360 362 381 401 430 437 442 498
67 104 113 159 165 166 175 222 244 268 290 320 327 348 372 404 443 451 470 491
6 9 27 32 45 74 99 136 152 227 228 236 243 264 272 302 312 413 467 479
