274 454
327 333
76 95
293 458
251 434
280 384
151 233
385 410
300 483
354 490
20 90
77 240
123 144
99 216
114 132
332 452
168 192
277 279
322 382
343 492
86 199
299 460
307 481
129 240
13 115
320 475
63 215
14 26
21 61
256 494
104 107
250 446
288 292
310 436
280 456
317 425
300 387
310 442
284 396
163 204
24 181
145 218
261 485
136 208
290 293
121 212
112 185
417 461
195 201
55 75
286 459
88 186
274 447
131 163
184 187
276 373
277 476
75 223
252 460
61 89
157 227
23 105
353 480
363 469
387 399
29 234
366 438
50 188
41 190
99 242
13 35
173 236
58 226
62 146
408 437
180 217
266 418
329 487
20 94
156 206
315 447
16 205
336 438
117 235
270 445
259 470
267 290
267 290
33 214
305 414
29 135
278 417
55 143
98 242
95 139
121 128
140 214
379 488
66 200
110 116
6 19
83 88
41 59
342 359
194 214
168 219
360 420
333 345
0 178
341 367
28 206
398 444
115 217
276 282
26 233
63 188
449 454
263 412
342 481
14 219
11 70
162 231
292 474
14 31
424 428
280 470
42 226
105 173
76 113
312 314
31 125
118 144
254 273
36 196
19 242
304 342
361 407
268 295
3 151
340 392
73 249
447 483
120 144
173 234
305 370
41 189
409 413
1 16
345 371
322 405
395 419
350 394
397 464
22 44
307 423
40 93
105 181
61 149
137 210
141 218
84 232
68 74
415 418
78 109
255 274
185 189
443 462
188 212
363 369
133 203
42 123
283 332
367 434
28 221
63 94
338 416
157 168
132 171
351 406
305 464
52 179
113 184
122 197
190 241
131 203
112 249
173 227
14 229
265 347
348 452
253 447
9 199
352 474
59 109
133 141
432 450
81 99
480 490
1 83
57 164
50 157
110 247
230 238
20 176
292 384
442 471
276 338
10 227
354 363
322 417
75 197
85 170
29 105
183 230
285 489
415 498
321 487
54 129
171 192
369 454
428 498
41 234
108 117
250 316
254 280
154 212
434 455
326 452
60 177
97 244
119 234
89 237
120 237
69 131
272 363
313 406
287 455
392 487
137 203
437 444
296 426
329 401
35 59
340 452
367 376
253 273
267 312
336 491
330 403
297 465
260 416
136 183
254 339
387 476
95 184
102 207
324 367
421 475
179 217
57 112
44 176
484 491
418 470
351 413
299 425
187 215
78 128
285 399
352 431
63 246
319 384
163 169
86 240
89 183
209 243
9 59
369 412
183 223
366 439
79 219
396 440
357 374
153 159
289 335
2 185
149 161
82 130
7 71
438 492
95 197
130 248
367 388
31 224
279 446
68 107
172 216
257 287
310 363
285 431
131 191
278 431 481
15 118 314
145 261 404
55 262 314
3 206 283
42 80 190
348 422 480
283 352 360
54 197 365
288 369 413
38 71 372
110 190 245
120 147 352
83 176 285
64 92 156
8 213 225
308 310 435
11 15 236
271 287 415
329 379 405
53 146 481
71 213 266
17 160 180
148 250 408
381 471 482
43 151 425
48 97 221
125 422 457
1 432 433
275 361 426
44 271 407
42 43 182
138 353 424
161 408 463
343 396 414
254 343 471
294 334 469
344 351 409
155 200 479
276 332 468
177 220 465
50 343 405
0 58 157
215 288 341
189 223 430
325 358 376
124 213 269
94 116 192
269 284 382
55 92 181
87 158 442
215 232 260
261 340 458
28 50 131
156 240 357
187 402 489
175 318 414
259 346 449
141 153 426
228 467 488
27 263 309
141 249 468
237 315 345
318 351 367
22 127 172
7 9 218
18 68 238
35 270 289
90 204 252
87 126 424
56 208 238
42 231 402
159 172 196
33 95 107
116 131 210
45 232 357
141 367 456
73 104 145
205 244 245
9 112 238
104 121 313
30 476 477
333 380 452
5 415 446
52 251 410
384 395 411
396 467 480
102 433 439
32 249 490
98 109 227
280 359 456
430 445 453
428 456 485
142 398 408
11 43 105
286 398 457
339 404 442
62 88 145
33 283 387
228 307 474
25 410 486
56 209 472
52 436 488
272 325 451
250 313 478
431 465 490
41 240 269
204 362 409
93 128 401
187 340 499
16 256 374
218 287 456
34 64 122
118 318 387
180 347 357
441 486 494
110 327 339
44 251 357
307 323 383
137 159 214
27 147 224
103 125 170
13 100 351
17 131 159
27 216 318
29 141 171
86 106 170
137 200 204
24 169 205
134 222 444
16 159 431
47 204 210
81 189 339
29 57 112
92 162 282
61 296 410
60 94 101
172 204 244
11 38 155
171 397 448
48 89 282
136 162 285
26 149 214
244 317 390
13 75 151
178 212 407
95 290 307
12 199 474
14 123 462
282 396 457
137 142 188
17 212 363
108 399 451
18 79 150
269 430 439
158 250 424
136 195 220
98 140 428
214 232 444
12 203 313
306 385 415
18 96 282
306 406 454
121 298 479
292 379 450
121 232 279
337 429 481
14 349 448
422 453 460
4 388 408
185 188 203
383 398 441
148 197 227
272 332 366
223 280 435
188 308 490
144 149 340
0 239 446
386 392 482
6 32 293
354 449 459
187 410 477
268 271 323
7 127 437
14 65 395
18 214 225
122 285 287
75 393 451
18 241 396
145 431 438
37 279 491
33 44 222
287 364 465
421 428 471
120 146 165
268 387 463
96 201 476
250 278 297
86 226 262
14 77 244
152 240 323
424 459 467
31 67 299
68 197 248
130 152 172
164 237 273
33 403 436
93 118 136
197 271 354
64 228 376
39 52 152
11 41 105
33 147 188
143 276 477
232 244 461
267 311 383
263 335 344
238 328 470
6 74 99
213 239 329
90 468 488
268 293 427
31 226 248
311 329 374
300 346 383
382 406 425
51 175 247
54 115 167
326 336 344
59 91 416
169 179 350
5 51 134
136 336 431
2 65 163
21 68 258
35 109 198
213 320 452
26 38 136
98 156 312
256 308 379
341 368 460
97 304 325
132 202 253
12 47 414
160 363 453
216 334 431
102 187 224
2 202 413
7 70 113
30 105 146
34 68 96
21 54 262
196 252 494
294 466 480
123 179 474
194 260 498
360 377 458
351 431 482
170 388 415
24 239 492
69 165 195
350 385 408
330 456 467
11 64 178
183 184 424
320 425 493
117 236 367
141 214 415
106 320 430
72 189 357
198 382 412
271 308 384
14 209 216
118 314 367
148 202 383
149 217 352
33 152 426
0 249 395
314 351 449
150 181 441
332 351 429
25 186 465
289 336 404
154 230 434
11 291 383
6 45 468
50 74 122
15 31 62
49 185 198
138 216 424
444 463 480
78 152 212
14 36 146
10 168 413
202 209 426
35 321 436
63 69 198
285 329 351
420 438 476
319 331 445
77 202 438 466
119 305 390 483
40 172 181 305
20 62 278 315
83 299 338 421
72 86 321 483
9 14 153 293
43 219 348 356
23 67 121 475
42 233 348 373
14 193 429 437
156 412 488 498
60 219 230 327
312 329 358 463
136 194 202 205
12 95 190 458
94 115 150 435
34 180 375 426
43 144 179 281
217 253 385 424
60 192 264 276
10 211 273 317
320 334 403 488
5 137 218 399
29 48 445 481
78 92 148 260
105 117 154 415
36 80 139 444
101 203 339 388
226 346 391 396
24 100 285 370
53 250 386 434
23 173 247 355
121 139 360 426
13 20 50 191
130 158 184 372
151 371 421 444
91 116 321 382
178 383 412 478
135 208 238 375
2 51 220 231
58 155 172 397
59 129 339 340
28 145 354 379
38 78 216 363
67 201 219 351
308 318 488 494
77 145 229 465
69 219 306 359
349 360 374 424
296 379 400 496
174 192 238 300
57 88 182 443
113 342 396 463
225 285 440 492
14 35 277 293
14 44 46 470
22 394 400 479
200 251 284 422
71 112 176 232
54 152 193 199
53 55 113 274
56 73 213 294
191 192 194 217
49 342 351 375
384 412 418 478
104 149 178 257
40 73 270 389
112 245 318 378
24 158 216 399
52 109 245 268
56 79 366 499
20 61 70 72
78 79 152 153
289 301 361 469
306 350 366 474
48 75 378 422
5 15 202 461
71 118 120 237
14 103 244 454
132 133 163 367
125 139 250 293
156 256 368 458
373 377 392 393
335 394 420 435
16 185 477 496
24 188 208 429
239 299 395 480
263 349 357 423
298 365 420 457
215 326 375 385
58 146 195 349
2 253 469 472
31 93 412 443
38 54 211 213
131 175 310 468
227 327 397 417
77 106 107 185
86 302 316 386
40 154 396 421
123 160 240 345
254 348 392 414
177 265 321 467
313 356 449 478
15 57 119 264
72 76 221 498
90 187 192 349
74 116 135 375
260 384 398 415
7 223 249 381
71 114 314 351
299 335 343 470
19 253 297 408
55 63 123 247
178 296 310 462
65 140 168 377
125 136 454 477
68 354 484 491
296 388 403 479
47 107 177 266
80 230 308 460
4 121 390 473
183 252 337 409
2 110 185 187
5 138 172 198
28 274 295 332
51 86 192 427
276 352 378 475
30 133 150 173
208 216 277 461
173 257 286 298
189 329 443 472
366 436 441 487
121 268 275 470
28 154 303 393
29 165 220 319
180 296 359 431
21 183 239 368
103 166 176 308
281 317 389 406
20 220 232 406
52 187 218 465
63 79 255 277
23 98 197 286
9 117 149 239
23 123 217 278
74 147 155 257
42 272 279 405
10 59 147 240
43 70 321 437
94 145 262 424
267 325 341 389
281 368 383 438
17 388 448 481
100 153 172 400
110 164 183 234
63 150 190 229
116 135 188 277
53 127 194 415
119 130 247 248
291 329 404 458
124 142 216 410
266 269 379 382
8 84 96 218
290 465 470 473
94 255 265 324
4 115 163 238
25 167 212 248
126 291 404 488
7 17 107 365
58 168 285 438
8 21 56 185
53 271 310 476
109 184 195 214
50 226 293 360
117 182 264 368
5 150 339 455
59 123 128 178
192 257 303 426
191 271 280 335
33 73 308 383
205 353 391 435
106 242 272 412
71 105 110 256
223 232 248 320
28 148 281 421
8 35 88 154
74 142 158 282
239 325 399 458
83 86 233 451
33 148 365 406
20 82 198 355
93 165 232 491
142 164 329 457
47 78 307 486
67 99 164 287
344 365 426 444
78 81 216 250
48 196 453 479
330 334 470 488
27 60 286 432 482
268 308 367 497 499
25 122 261 405 475
1 108 201 216 419
99 194 327 370 471
45 312 400 456 487
214 233 247 295 407
245 316 336 396 421
78 118 127 304 452
3 113 155 180 411
58 105 284 328 359
103 111 165 399 412
18 30 52 59 455
72 108 250 345 426
180 192 313 318 346
16 89 232 270 341
140 315 317 431 464
46 166 304 305 488
265 370 429 431 459
12 36 112 340 469
131 220 222 230 305
141 220 286 385 483
22 35 125 188 419
14 17 117 212 283
184 215 248 409 477
100 288 377 381 494
23 336 387 450 476
205 281 311 384 403
19 40 120 175 414
169 238 242 253 416
97 104 184 233 413
63 271 387 396 483
77 88 149 246 445
140 214 245 294 343
113 206 329 471 483
46 231 368 428 492
164 186 323 398 466
2 22 314 405 457
169 205 255 410 446
1 5 218 311 465
152 242 268 270 392
80 83 179 198 439
146 221 244 381 451
114 160 190 371 428
58 169 247 300 453
2 126 233 354 395
39 51 67 74 169
137 184 335 384 486
168 201 233 315 492
160 233 270 463 496
169 181 206 479 493
37 179 306 406 439
18 48 99 120 213
21 206 362 368 412
10 19 171 258 339
64 81 149 249 425
33 191 363 370 379
46 104 171 185 469
7 12 151 168 397
43 231 233 240 465
120 142 176 235 323
18 135 158 173 176
46 90 152 173 312
76 80 189 230 277
283 352 382 400 405
241 276 348 377 485
163 165 253 289 318
195 296 339 359 383
97 337 347 448 456
255 352 410 454 484
17 110 112 272 381
11 68 95 217 412
1 26 89 438 481
122 162 308 334 364
100 235 258 333 400
147 282 296 353 379
61 275 357 370 429
76 105 317 480 497
53 68 94 206 276
47 125 287 317 498
70 145 310 460 465
71 79 112 243 437
75 85 154 448 488
128 171 221 229 299
9 90 101 323 420
49 72 73 338 424
48 137 143 385 428
100 151 165 325 376
60 223 233 359 395
31 119 151 179 350
137 321 385 421 432
141 143 404 406 410
22 123 178 218 282
141 187 346 370 376
230 363 419 425 468
19 179 394 398 476
60 82 122 266 303
14 77 111 229 348
32 97 105 274 336
84 110 152 259 417
149 299 325 461 473
130 266 286 325 362
61 315 339 342 493
62 230 365 431 475
27 101 187 268 421
170 279 354 458 468
23 51 213 326 362
5 198 259 338 350
37 83 278 426 452
2 64 123 151 238
50 137 142 159 246
3 144 400 436 468
0 26 54 200 336
62 63 64 351 494
83 169 204 288 296
205 292 316 321 393
83 179 211 245 477
10 144 160 435 464
251 261 283 338 491
25 63 74 209 328
10 189 371 375 464
35 56 207 284 435
107 155 176 180 459
330 341 436 440 447
27 229 320 337 433
25 96 147 317 429
149 215 402 407 409
263 266 314 319 418
43 149 152 206 446
21 251 308 311 429
41 53 67 272 406
212 266 317 330 466
98 156 314 414 470
115 262 275 307 454
134 284 357 371 382
14 20 67 200 405
81 177 266 290 351
21 36 84 194 470
48 55 94 162 480
107 202 222 253 313
102 284 289 364 447
162 238 291 437 466
46 199 203 277 358
13 19 207 322 480
249 318 372 422 460
3 56 178 190 201
93 217 290 337 393
97 141 159 356 476
8 130 331 377 492
30 41 67 240 447
82 172 252 373 418
30 35 77 128 424
135 148 255 268 413
45 101 152 245 294
77 171 272 368 461
59 69 212 419 496
81 115 193 202 330
54 59 95 152 153
92 190 269 343 482
58 247 341 445 485
56 286 340 413 422
80 121 191 227 303
265 274 354 357 366
24 111 212 371 390
44 59 196 254 398
20 175 261 354 488
57 85 187 193 241
23 142 284 334 475
39 64 171 172 311
29 52 199 296 408
35 98 114 128 230
59 86 125 158 208
36 242 279 316 347
20 34 62 145 278
141 188 364 417 489
9 32 36 324 421
35 163 172 286 420
125 181 227 249 475
145 174 211 436 463
54 246 266 309 477
14 17 73 242 377
207 209 308 444 490
39 95 131 142 181
80 94 251 294 354
58 380 390 427 455
12 166 183 318 335
113 163 368 382 461
36 63 64 190 193
38 89 304 371 444
142 223 308 487 493
4 13 28 215 220
72 108 121 183 426
22 33 86 243 315
175 305 312 321 337
41 49 201 347 365
16 25 174 365 460
26 76 101 190 235
208 218 354 363 382
21 148 382 431 490
4 114 374 434 485
113 128 135 396 459 491
177 328 385 430 472 478
128 183 207 237 338 424
127 228 349 440 454 460
17 46 129 230 234 329
52 104 112 142 245 494
56 165 247 356 416 479
184 219 285 332 357 391
57 287 307 438 470 497
199 203 382 411 464 487
46 129 269 360 388 486
146 249 316 337 450 477
14 36 308 337 364 415
174 182 267 324 347 453
13 93 145 232 420 468
56 104 190 222 346 410
53 91 98 292 419 474
108 195 242 305 362 394
3 142 213 221 411 484
13 16 249 256 259 364
80 101 171 305 378 421
144 191 214 219 221 244
90 288 293 295 439 453
25 279 285 373 418 458
155 178 250 385 408 466
20 251 376 433 438 459
136 178 267 282 350 439
34 84 242 243 311 314
75 201 324 378 427 472
3 257 305 356 382 384
12 63 88 174 396 437
7 87 94 229 486 492
43 53 204 285 401 433
20 47 67 161 227 404
6 19 65 131 213 287
63 64 84 144 182 311
23 29 169 185 225 406
9 113 146 215 317 470
124 315 399 417 481 497
61 172 216 395 412 434
66 135 139 188 193 308
236 248 292 293 360 439
169 265 307 347 377 441
126 155 164 205 233 495
68 140 153 273 299 484
278 285 318 366 395 410
87 132 236 279 293 494
116 210 216 257 374 412
163 182 247 414 445 479
50 107 194 253 346 357
16 71 193 243 249 270
67 89 100 336 431 473
34 218 303 356 422 466
130 237 280 302 355 382
71 229 334 351 378 391
77 335 386 409 420 461
36 74 218 219 314 399
123 160 174 228 365 375
0 27 39 207 272 380
92 114 155 160 256 453
131 284 322 366 445 447
4 31 115 197 220 472
4 113 218 454 458 465
151 364 407 439 479 488
41 57 183 246 282 480
49 180 278 293 362 428
190 231 250 372 469 473
4 47 264 265 311 392
10 60 99 101 341 344
31 102 125 135 219 320
12 122 128 200 327 366
187 200 270 276 390 451
33 161 215 226 424 439
79 106 131 151 215 300
79 200 303 355 377 498
104 112 170 171 325 405
9 39 50 148 292 320
79 95 163 239 254 477
74 109 141 166 197 352
103 179 324 394 407 439
5 43 79 170 336 485
8 284 457 469 473 479
279 309 322 346 432 441
93 169 235 267 288 392
71 313 329 402 446 483
5 53 128 137 164 254
183 221 311 364 407 431
104 335 415 417 475 488
52 223 381 415 478 479
5 133 136 244 475 480
10 165 168 183 193 461
132 272 297 367 433 447
130 143 157 202 247 440
89 295 329 406 414 472
46 118 192 218 231 404
102 143 156 167 293 365
64 128 148 167 258 397
4 33 79 255 327 369
49 243 263 269 355 415
31 50 70 140 162 175
139 251 294 314 340 469
69 90 313 355 389 420
43 132 155 282 333 416
0 100 197 216 380 460
36 95 170 340 425 458
3 241 253 278 436 444
82 124 166 170 186 246
9 27 56 156 366 456
58 305 398 399 470 490
21 190 224 236 406 468
130 228 266 282 372 386
38 128 205 221 244 484
186 235 262 310 393 402
10 83 254 323 409 422
59 65 83 242 290 497
159 244 313 323 349 460
19 130 143 160 168 199
58 97 158 174 279 323
58 155 163 208 295 418
74 80 85 153 165 483
29 91 306 376 391 489
80 123 263 337 485 497
0 56 70 313 459 463
105 178 288 372 395 477
228 236 301 361 379 405
11 189 319 320 321 329
12 26 42 183 258 377
119 131 153 275 312 420
13 45 310 387 397 447
125 170 219 261 338 437
10 27 52 67 223 411
71 91 183 190 221 329
20 21 22 283 343 440
13 25 150 164 335 498
28 50 144 232 253 400
26 132 292 299 341 493
61 94 283 320 333 390
107 122 321 322 331 422
77 142 262 268 292 434
47 91 96 206 356 443
22 53 130 157 177 221
134 155 161 175 207 409
63 119 129 181 374 383
40 51 59 167 170 175
2 12 69 323 422 455
44 72 264 305 307 458
76 163 268 358 400 429
203 205 220 312 392 442
60 64 202 245 310 385
49 51 75 80 177 243
230 241 272 353 376 390 453
104 110 196 292 320 453 454
28 177 190 219 240 375 396
13 120 139 147 210 328 396
16 73 101 177 212 415 495
1 73 178 193 286 358 440
75 113 129 140 146 324 355
130 224 237 257 277 337 463
140 397 406 458 473 475 496
25 233 279 302 373 394 451
86 94 110 179 292 378 402
19 33 173 219 222 300 422
60 93 137 206 257 360 377
19 27 95 116 177 228 458
138 303 317 377 404 420 438
82 245 254 394 407 465 472
274 347 363 372 394 464 492
11 12 251 259 266 268 426
67 140 183 207 425 464 497
9 119 123 249 326 342 388
17 104 216 271 418 427 457
0 145 215 217 297 467 494
186 228 261 300 355 416 427
0 160 263 265 284 347 388
77 113 117 150 174 430 499
15 48 107 307 348 372 413
43 77 166 360 388 389 439
87 145 182 198 226 366 443
16 118 159 185 241 347 414
92 164 319 443 470 482 498
10 64 130 207 227 267 328
42 57 65 122 147 201 284
119 151 167 227 234 290 328
12 25 144 250 375 394 441
245 247 257 288 480 481 486
181 196 200 332 415 426 465
6 7 152 195 365 408 433
11 26 34 85 92 139 394
110 219 322 387 388 396 426
48 108 208 244 421 423 435
58 80 115 159 182 373 472
133 252 304 318 338 362 485
86 141 318 381 404 461 467
37 178 234 253 345 419 429
1 192 299 348 443 452 456
179 211 251 269 401 451 493
34 70 124 234 295 481 488
66 153 188 227 317 353 439
4 22 23 53 216 282 371
278 295 332 339 419 458 467
38 63 119 291 382 401 450
55 104 140 189 310 349 465
274 292 304 350 406 438 480
32 33 60 61 103 206 259
27 290 319 376 391 439 468
135 252 259 358 367 377 458
30 37 75 161 258 431 483
9 15 83 122 168 365 466
4 154 175 221 311 348 356
269 284 368 422 472 490 494
16 102 128 216 262 331 388
8 23 209 248 334 406 420
115 146 185 233 282 309 469
38 189 263 267 287 332 452
28 103 155 288 476 495 497
48 65 125 265 300 302 475
28 98 149 255 352 436 481
4 31 53 68 129 357 407
18 115 219 280 290 464 497
106 117 121 213 233 488 490
44 51 56 92 213 294 472
48 246 258 294 321 349 470
23 53 192 266 306 393 480
26 177 319 396 437 453 475
18 160 241 308 394 480 493
15 38 45 60 92 110 481
7 210 217 246 282 348 361
97 157 160 211 232 243 415
141 168 211 223 237 450 486
115 168 184 192 372 457 461
17 38 145 239 255 256 316
9 34 115 200 294 389 421
50 71 198 236 279 285 383
55 126 134 265 307 350 439
107 113 313 328 402 441 484
24 173 221 252 294 360 467
80 105 250 254 308 369 389
21 173 286 289 302 354 471
21 91 142 177 280 304 338
28 48 57 132 205 321 491
142 226 272 330 377 381 413
7 33 117 314 379 451 452
8 33 129 207 214 257 377
44 63 113 231 313 368 469
12 18 19 182 325 444 455
174 246 345 355 369 425 432
33 36 91 171 250 357 463
22 40 301 318 369 411 481
29 98 148 159 228 392 472
67 84 195 244 341 472 491
40 265 271 273 353 394 452
60 72 118 209 231 235 278
4 100 168 176 177 443 457
47 93 195 237 428 487 498
52 128 252 342 357 466 497
18 71 223 233 252 261 316
38 72 268 285 304 367 438
169 221 240 315 318 391 426
27 48 157 250 299 357 424
101 229 279 297 365 455 493
115 261 263 269 394 404 443
24 28 180 225 289 339 358
40 115 143 304 383 397 444
3 60 164 185 196 352 368
6 153 171 370 447 457 460
59 66 71 335 422 425 450
15 55 61 144 195 251 292
67 68 120 125 228 291 424
81 123 152 284 406 439 478
14 144 265 343 378 380 476
50 133 245 274 389 418 496
81 315 350 374 457 476 488
6 138 142 146 164 305 344
73 78 166 207 234 251 362
11 21 54 126 137 174 292
157 247 328 338 356 438 453
16 143 240 264 297 331 431
54 234 242 282 363 380 415
2 62 140 176 229 243 279
29 46 56 287 318 402 452
70 190 201 263 340 434 435
53 144 156 293 333 378 430
35 45 102 164 272 308 377
5 57 78 218 366 402 403
77 120 257 311 368 401 403
40 70 89 157 208 278 342
51 65 129 219 330 343 472
12 108 182 194 247 375 494
56 59 66 195 250 261 468
59 76 151 172 376 441 462
37 65 74 120 162 386 440
46 50 96 224 234 242 487
42 118 156 251 320 364 369
60 74 92 95 176 386 445
18 59 107 334 394 436 480
277 311 316 341 358 442 474
71 209 227 237 303 313 343
163 224 266 290 313 337 483
93 160 186 283 331 418 471
20 60 203 232 274 355 443
78 144 184 196 207 331 384 483
118 126 218 367 370 426 473 496
49 83 330 381 445 455 456 465
56 68 132 142 231 377 379 418
7 50 168 180 216 350 482 497
51 56 74 107 154 191 237 258
36 50 78 137 231 292 385 453
12 163 228 282 292 302 369 391
2 60 158 253 347 472 488 490
9 20 142 218 429 462 469 490
71 169 255 325 332 356 415 458
25 101 151 260 268 273 440 493
73 115 199 226 428 433 447 451
35 41 43 159 228 247 277 326
73 249 270 283 370 381 398 499
63 166 219 268 317 404 439 464
17 119 154 218 317 397 419 420
66 82 151 215 293 328 349 489
29 77 149 210 248 401 432 473
56 90 97 115 284 347 429 482
7 35 56 114 161 443 452 480
13 39 120 130 218 325 327 489
17 38 64 65 134 415 478 491
43 56 63 198 286 341 396 402
6 75 298 363 392 415 492 498
81 90 197 258 328 371 458 495
142 167 223 316 355 419 464 468
2 34 58 142 161 210 245 351
45 136 157 183 224 380 451 480
86 222 330 335 340 352 441 456
25 31 34 50 247 376 449 492
30 167 211 317 359 398 400 431
37 83 102 223 334 343 401 433
9 14 32 203 346 355 377 444
67 123 211 317 318 332 335 403
18 73 116 136 231 334 370 381
6 57 212 235 241 380 401 459
14 125 129 181 220 249 268 320
22 25 45 55 74 106 247 352
24 58 200 252 269 321 419 423
54 188 206 292 330 369 410 449
34 146 156 278 337 350 365 475
12 36 43 292 320 445 447 488
20 34 59 68 179 269 436 450
135 162 178 375 441 442 475 495
181 198 292 313 394 441 477 495
57 101 117 182 187 222 241 497
67 90 158 196 291 425 451 453
90 139 193 216 237 332 363 489
10 320 361 385 405 408 420 451
24 85 272 294 394 397 435 447
83 130 226 351 402 450 495 496
35 247 279 323 378 399 432 443
43 49 112 153 185 311 424 472
39 44 142 185 278 333 364 451
141 179 206 284 340 376 419 421
240 254 328 386 421 424 495 496
30 45 119 128 201 286 387 459
43 90 112 160 189 233 244 249
14 189 194 256 310 353 480 491
6 81 97 192 218 267 318 490
102 106 147 194 200 231 445 489
60 94 145 171 190 360 395 477
110 126 135 186 284 304 368 387
51 67 79 159 247 254 311 369
191 210 250 278 324 432 463 464
55 110 178 186 225 243 333 397
31 45 99 154 268 277 329 351
4 12 35 72 93 101 216 329
58 124 127 138 247 306 336 479
77 200 207 209 247 302 383 439
69 74 155 336 375 381 387 484
180 237 267 352 363 471 477 488
164 214 248 297 388 405 456 483
91 146 186 194 294 370 448 462
38 96 154 183 333 336 474 486
65 125 129 143 225 351 414 440
8 117 171 218 288 435 446 478
75 95 103 244 264 288 356 489
28 181 219 255 281 286 340 416
101 183 187 225 261 316 342 442
57 60 135 203 205 223 302 374
7 60 66 94 296 348 382 392
13 169 195 226 263 293 413 450
35 85 92 224 259 267 343 475
28 29 55 81 168 207 234 315
25 30 40 121 140 301 350 482
7 115 156 211 213 218 221 358
42 47 54 72 138 192 195 249
42 46 100 166 209 237 239 302
7 22 26 93 128 172 468 494
73 189 233 296 372 387 389 448
10 80 94 178 235 413 446 453
58 159 163 208 235 357 411 497
15 47 66 152 153 266 309 499
123 124 201 267 314 390 433 435
64 83 88 130 159 166 197 322
23 95 156 199 262 349 456 491
30 85 116 218 298 341 389 458
51 67 137 201 253 461 466 477
74 85 130 213 240 386 410 493
102 153 201 261 268 308 401 487
18 42 71 98 145 158 339 420
174 186 284 300 308 323 417 449
5 20 207 319 346 413 418 435
259 295 349 393 395 396 402 436
32 137 294 332 335 430 448 490
159 235 288 301 355 431 456 498
69 117 139 361 391 421 431 443
27 68 198 294 392 404 405 430
10 16 51 102 168 419 430 474
185 233 260 286 299 313 323 386
209 244 284 316 319 344 421 427
8 13 39 47 192 211 299 377
37 106 111 161 168 192 217 334
6 97 167 197 350 418 425 443
134 194 224 294 383 415 430 451
56 103 121 127 150 378 428 446
143 168 191 248 318 322 394 499
69 166 192 206 309 418 477 487
57 105 227 310 320 387 391 422
25 129 251 341 379 390 412 498
35 60 130 229 350 354 367 487
216 280 295 324 454 462 467 495
24 33 53 73 208 352 357 421
73 74 94 103 280 286 324 417
6 13 65 95 132 313 452 470
24 126 239 325 415 452 486 495
4 7 52 131 247 312 330 367
21 72 74 104 183 285 313 392
66 99 119 137 243 298 346 419
29 33 212 355 397 447 463 490
4 9 57 210 244 333 339 447
61 100 105 317 346 487 495 499
71 176 332 423 432 435 462 496
51 56 241 285 307 310 319 462
105 107 140 265 323 344 387 429
128 187 221 249 255 274 383 492
266 312 318 397 483 493 495 499
31 102 134 165 203 285 325 470
117 130 162 242 268 275 439 481
26 90 132 164 224 318 470 476
52 101 133 193 197 283 344 433
19 174 239 337 366 467 474 490
10 45 126 275 373 374 461 493
30 32 101 114 248 292 357 367
30 38 85 155 195 243 305 311
218 238 275 297 345 383 422 446
28 62 159 190 238 261 435 490
4 183 208 250 291 318 352 383
4 43 99 207 210 286 295 334 428
64 101 107 243 267 290 295 313 314
108 216 219 257 329 349 359 387 389
0 1 77 82 84 235 237 372 398
44 128 164 175 258 361 382 387 440
11 23 28 81 99 178 248 319 402
22 57 74 77 139 161 257 278 468
118 230 257 310 350 354 364 414 481
95 141 144 147 164 205 393 481 484
119 164 287 304 317 330 367 416 493
20 115 125 261 309 399 411 431 434
8 74 81 182 202 258 410 414 457
87 292 309 331 346 347 353 433 447
34 200 245 271 315 371 411 455 478
66 163 176 186 229 236 293 327 337
44 80 123 134 167 188 190 328 448
33 245 261 298 317 361 431 447 479
226 241 254 278 285 317 327 362 482
67 133 190 207 208 234 239 261 302
47 112 184 191 206 407 464 468 496
53 139 169 187 252 269 369 420 465
5 118 120 154 206 264 289 305 307
99 256 271 281 347 349 376 414 433
24 87 202 257 300 411 412 462 493
95 210 224 263 283 303 329 369 492
62 194 212 247 260 319 337 357 388
94 116 147 166 178 392 426 428 446
9 75 90 389 391 415 424 474 479
46 227 250 257 288 310 321 328 495
63 98 190 206 267 273 286 385 439
113 192 214 271 348 392 424 461 463
20 109 214 381 444 470 471 483 496
3 52 115 135 179 241 381 392 458
55 63 86 147 157 186 234 282 470
75 93 178 189 218 232 305 380 426
63 89 110 253 358 396 398 460 492
16 150 156 185 340 376 436 439 473
15 57 74 95 183 185 307 424 471
82 219 230 256 315 320 332 406 407
42 132 146 246 261 279 344 374 414
40 133 158 173 199 369 397 432 484
118 205 235 240 252 327 334 406 426
41 50 65 112 155 242 283 362 439
58 82 112 192 234 256 303 324 397
78 104 107 349 373 377 378 432 446
137 175 176 212 220 353 425 430 447
19 100 173 194 214 253 286 306 435
66 112 115 253 268 299 348 370 475
29 77 156 170 230 272 376 402 449
23 162 346 398 416 426 461 479 490
59 62 77 128 156 288 313 415 430
116 261 332 368 388 399 457 458 461
50 75 79 189 228 316 462 472 479
8 34 52 77 83 129 213 324 489
35 130 166 254 284 319 356 389 479
208 261 311 358 371 376 446 452 463
47 130 296 340 361 391 393 432 446
89 106 197 266 277 291 397 453 486
46 72 80 202 204 232 303 367 455
152 167 180 275 341 354 390 434 496
75 176 197 253 265 289 328 338 409
2 77 116 277 324 335 376 410 433
30 37 115 216 256 322 331 437 463
126 177 194 227 316 335 338 365 403
43 46 63 82 125 251 345 435 441
143 184 300 372 413 418 421 461 497
58 161 171 191 354 398 414 416 427
11 55 163 252 310 316 336 430 474
15 114 285 314 341 347 382 388 411
145 197 267 279 353 376 381 429 444
16 139 191 205 222 228 240 478 484
20 44 124 147 164 319 386 397 412
75 119 198 283 297 311 335 412 431
39 174 180 218 393 396 437 476 490
101 232 246 264 322 330 340 411 458
18 35 194 204 207 232 247 262 410
29 42 129 150 173 228 326 428 453
43 58 85 120 143 202 269 318 374
32 174 215 254 280 292 333 343 362
69 177 229 232 251 300 344 401 417
45 130 156 169 199 267 301 343 411
26 36 77 256 258 313 316 344 455
21 44 100 106 174 331 403 465 496
13 36 97 105 117 209 220 332 477
33 49 90 156 287 298 339 343 434
33 39 71 86 121 363 390 418 435
62 240 263 266 290 292 348 360 435
49 139 256 257 316 344 377 450 463
23 67 77 232 253 305 376 418 466
31 45 74 79 82 147 384 389 495
11 26 123 156 232 271 336 405 478
25 110 232 299 331 378 478 479 491
46 81 128 238 256 321 329 390 447
63 64 78 107 149 241 247 259 345
60 103 198 217 226 285 319 366 443
54 204 340 344 350 380 392 443 499
16 22 52 53 103 115 143 271 338
56 189 215 340 373 395 411 455 464
25 90 119 149 308 351 401 438 491
9 48 130 247 263 324 327 374 491
153 178 240 253 275 358 456 461 465
4 108 167 189 197 272 286 350 409
49 62 152 161 198 215 219 421 427
7 26 43 52 81 189 297 373 469
102 176 215 222 256 327 356 404 452
169 264 306 355 401 412 418 435 438
57 139 159 249 295 330 379 386 428
40 56 81 110 121 159 190 330 447
42 278 290 340 362 364 412 436 454
16 24 47 74 90 94 365 452 473
21 25 34 100 114 171 187 221 294
8 99 143 170 189 190 284 312 494
48 74 102 131 188 200 388 450 489
128 148 175 281 284 302 370 396 428
98 127 188 205 214 316 352 384 397
31 91 162 327 329 423 431 471 490
18 55 163 169 239 336 378 413 467
85 107 253 295 375 394 412 416 448
131 139 175 276 285 308 345 422 423
24 34 173 181 201 215 218 222 230
49 58 101 134 143 195 273 289 341
27 108 245 325 346 365 393 446 471
16 50 76 90 217 245 378 386 492
97 144 225 241 316 401 403 412 497
87 88 108 306 325 342 355 438 476
95 203 247 252 299 320 339 380 388
60 172 184 236 250 364 416 461 474
122 129 175 269 298 361 380 467 480
13 52 58 118 339 362 435 461 480
25 32 163 166 266 275 310 318 377
6 29 72 120 179 237 252 364 421
54 73 86 108 178 183 269 310 396
27 45 74 95 119 176 280 284 409
29 31 52 97 232 319 375 387 400
40 100 183 216 251 270 347 439 474
45 60 106 116 162 186 201 386 388
60 106 165 207 261 318 351 424 485
7 13 71 139 248 275 276 308 332
11 54 270 279 282 303 388 414 479
28 63 74 176 181 204 318 322 373
127 180 233 286 288 298 322 329 334
63 120 199 200 216 241 418 442 458
25 71 192 208 269 295 308 396 444
65 78 101 193 216 240 396 429 459
5 10 143 164 414 417 450 477 491
45 200 222 247 287 292 417 454 458
137 156 164 196 227 294 355 388 446
35 188 240 265 268 278 407 422 432
65 110 116 144 152 280 309 470 493
55 141 226 244 277 299 301 348 475
102 118 120 188 211 238 331 379 384 438
98 166 169 237 243 257 336 383 416 484
37 47 68 119 149 169 175 182 184 246
130 222 231 248 328 361 436 450 485 494
13 14 87 166 332 351 365 366 367 371
43 118 151 187 189 312 329 392 430 479
21 30 96 114 124 127 236 276 328 345
51 103 173 206 253 332 341 385 473 496
10 42 86 102 249 266 272 282 288 385
92 180 200 219 277 307 328 373 390 423
10 29 61 108 120 256 292 301 302 326
23 41 100 262 324 338 339 375 379 499
9 12 68 105 229 257 272 326 349 380
168 178 288 322 353 360 379 389 412 453
54 136 229 241 329 349 355 361 461 474
1 70 92 121 129 211 253 263 266 481
13 66 159 163 253 322 409 465 467 493
0 81 84 98 128 229 320 367 375 419
57 187 219 286 299 330 469 471 472 492
118 164 193 194 275 335 364 385 446 499
63 86 90 129 183 240 291 310 312 329
41 199 202 205 225 256 283 320 373 476
20 97 115 121 125 195 288 353 392 451
1 22 62 88 121 171 222 260 319 458
23 40 57 103 130 230 298 311 386 395
16 25 155 272 290 293 307 346 396 433
6 24 38 118 119 137 141 189 312 466
21 64 152 237 239 297 370 372 399 487
53 143 196 204 343 351 402 470 473 492
57 114 161 200 237 280 296 387 415 436
2 92 134 186 252 284 325 335 409 474
60 158 180 182 261 280 293 344 358 359
4 64 118 146 239 255 312 368 436 481
30 141 152 376 377 396 402 421 445 455
66 154 230 232 288 328 336 376 413 429
19 65 150 247 279 281 309 333 369 409
6 21 35 76 221 231 272 394 489 497
33 168 227 241 275 328 362 421 443 479
42 91 111 205 239 268 269 304 310 359
6 43 54 129 185 305 333 338 423 456
6 40 45 129 132 168 281 316 442 494
6 11 100 141 155 182 188 231 287 368
5 29 67 70 105 111 175 204 416 483
34 47 52 98 123 220 235 325 347 389
143 185 296 305 317 329 389 411 497 499
3 155 251 259 263 269 295 348 453 474
13 114 144 195 215 275 356 462 465 481
44 155 163 264 290 416 444 447 478 494
31 75 76 120 130 138 240 292 361 383
8 20 35 110 209 226 265 327 478 497
29 73 110 152 194 217 276 329 357 381
47 137 149 165 166 219 241 393 436 494
83 152 222 267 314 322 336 355 391 394
38 243 250 257 269 328 441 465 469 492
61 114 181 215 223 275 376 393 482 491
68 132 144 204 259 284 356 372 396 443
45 77 97 180 280 299 323 373 429 489
22 45 86 142 158 201 233 254 324 341
3 43 328 363 408 432 465 480 485 494
86 138 176 258 320 370 392 417 440 443
4 33 117 149 276 278 323 324 413 466
105 166 175 199 352 407 409 449 470 489
91 200 231 267 351 437 446 448 456 474
11 24 250 272 281 311 322 339 434 438
18 76 90 143 150 211 231 303 348 414
8 76 82 106 183 200 277 376 444 471
15 16 35 119 130 186 267 278 337 423
93 109 219 226 242 249 270 313 446 448
5 49 61 91 92 164 171 230 372 491
143 164 172 211 260 291 302 428 436 450
37 51 87 93 122 153 260 426 439 473
17 104 125 131 207 347 363 383 387 425
22 77 124 164 209 236 276 309 317 424
62 133 174 215 233 263 295 300 301 306
25 62 92 172 244 253 260 339 430 481
4 25 98 143 252 257 314 348 463 472
151 223 260 289 314 367 401 458 486 490
25 210 226 260 270 338 398 467 494 496
9 22 143 155 275 289 294 311 416 478
15 201 260 317 320 389 475 477 491 496
83 240 247 258 260 262 277 354 420 472
78 135 181 191 193 289 308 424 426 492
8 142 221 310 317 352 371 445 463 483
43 51 211 249 260 261 392 411 415 440
13 61 71 97 100 280 286 370 418 452
91 134 159 295 303 361 385 400 403 411
74 98 119 247 292 294 317 387 429 438
85 92 136 242 306 326 330 337 408 457
40 41 48 49 105 220 236 299 300 441
18 30 45 145 225 274 320 409 420 424
83 121 170 184 219 221 266 292 411 493
13 37 147 209 250 252 277 343 419 453
100 162 179 201 289 296 314 364 366 470
51 132 137 167 192 198 204 317 404 493
24 62 99 103 131 209 261 384 445 477
40 77 105 154 159 264 335 422 427 480
33 42 50 71 99 174 178 231 381 423
74 186 240 264 332 365 387 392 471 488
68 128 186 253 268 308 365 374 413 456
10 18 19 20 80 132 263 288 317 357
0 23 139 163 233 301 316 322 340 464
12 28 84 103 104 339 360 437 476 498
3 12 164 219 248 284 300 372 423 451
31 56 100 110 303 323 369 401 444 455
56 137 196 208 241 261 446 489 491 498
3 25 101 124 162 175 300 322 346 451
7 17 74 79 124 263 305 333 340 435
74 79 87 222 244 284 386 464 465 470
63 153 158 210 217 309 345 395 419 431
91 97 117 125 138 231 305 356 437 472
36 110 113 184 192 244 372 395 425 435
1 21 76 162 179 199 238 425 447 489
42 74 169 239 265 312 336 377 408 452
28 38 68 73 188 228 352 437 440 450
13 25 43 145 204 317 375 376 473 490
62 65 137 218 266 294 318 320 321 440
31 34 210 213 307 382 393 465 475 497
7 118 142 202 208 241 243 251 253 354
25 80 102 106 158 164 197 306 435 450
6 99 180 186 188 316 418 424 438 453
124 166 259 274 289 339 355 411 458 474 491
80 97 157 186 191 195 278 279 389 452 459
90 116 125 151 222 257 333 355 358 446 472
24 77 103 151 213 219 245 348 397 442 444
101 111 212 215 295 313 317 377 396 414 425
110 127 207 298 303 322 376 394 418 466 467
14 119 134 147 150 178 195 212 278 331 440
28 55 130 170 171 281 306 330 334 421 476
1 5 6 12 78 96 126 268 296 355 430
3 43 88 123 152 170 267 363 376 399 465
64 148 202 206 243 260 275 288 329 372 391
164 167 195 240 286 302 305 319 340 409 445
67 70 72 110 217 218 265 344 395 470 485
89 204 238 242 264 291 332 364 385 391 433
49 81 146 202 242 260 263 266 305 342 476
0 61 99 195 197 233 260 341 375 397 483
13 27 29 34 52 96 133 167 187 310 463
25 77 98 115 139 151 351 386 408 415 452
6 42 185 261 350 397 404 423 425 433 448
12 40 85 302 332 356 359 367 403 415 430
17 29 54 175 306 329 363 368 390 411 441
37 89 109 156 177 197 295 324 334 352 425
14 72 87 146 194 230 260 267 281 388 424
9 54 56 73 100 126 201 221 346 373 394
62 81 132 138 186 241 269 271 360 379 456
29 76 86 94 225 238 290 339 345 439 472
16 71 80 86 122 186 325 327 340 341 395
17 27 72 116 150 186 248 321 329 476 484
122 221 245 315 320 326 330 399 406 418 428
59 78 87 127 184 236 257 294 324 334 394
8 20 129 172 209 224 249 255 320 469 486
14 24 62 93 218 266 295 433 480 495 499
4 141 199 203 209 282 285 297 319 345 355
73 78 124 151 248 286 288 421 427 443 479
74 78 127 188 233 271 285 321 355 401 492
15 29 94 99 179 269 349 369 418 431 466
31 47 162 204 230 264 318 364 370 421 446
23 34 111 117 163 167 202 243 284 444 467
62 76 100 115 161 201 219 287 473 490 496
5 38 49 123 129 137 224 226 240 345 484
39 41 110 122 164 195 233 281 381 384 466
52 57 111 219 262 315 344 396 425 454 491
25 136 236 282 292 327 412 421 456 479 489
5 46 47 55 82 92 255 366 400 406 437
86 87 98 190 217 267 289 304 347 372 389
54 106 149 187 189 217 337 339 390 403 462
30 143 146 196 258 317 322 431 470 472 476
33 45 180 300 302 357 371 433 458 474 489
23 35 164 248 255 290 305 332 341 355 449
41 57 73 223 258 312 350 359 370 426 491
8 27 42 100 132 154 167 196 212 238 282
10 100 155 235 242 305 314 343 345 381 472
38 51 80 82 148 183 188 194 213 315 371
5 61 198 235 250 292 294 302 398 404 425
34 36 75 160 161 216 235 295 416 425 454
86 96 141 168 260 262 325 374 404 422 479
57 109 185 246 305 324 329 339 368 423 458
6 16 66 107 162 180 214 232 412 445 447
44 58 152 220 256 273 285 373 385 396 397
3 73 120 160 198 208 308 350 355 435 470
7 60 100 149 214 261 305 347 378 402 453
64 88 215 219 234 268 369 444 469 473 484
0 59 161 169 243 340 362 398 457 490 493
67 119 231 307 386 402 403 464 473 485 496
72 115 181 183 235 249 304 353 379 463 469
127 135 144 158 179 180 206 277 317 318 366
32 93 110 111 123 128 201 244 291 343 430
49 65 67 101 187 223 228 231 239 437 495
182 191 223 311 334 337 413 432 455 457 468
4 58 63 117 160 186 250 296 349 375 482
85 103 121 144 159 182 188 317 336 423 474
24 86 121 173 186 192 193 226 312 425 433
3 110 115 172 246 310 337 464 472 473 496
26 92 103 155 223 278 293 359 466 483 489
25 85 114 197 201 234 239 259 331 441 482
4 30 41 95 96 113 140 178 181 185 249
51 61 109 172 175 391 412 420 465 482 499
16 44 55 71 135 160 212 216 239 285 382
150 183 246 270 285 286 341 355 399 437 456
25 73 105 209 227 236 237 273 291 453 484
89 93 178 199 221 224 227 271 295 312 450
9 22 136 188 213 287 295 306 314 334 405
75 100 194 255 315 360 367 403 434 439 467
33 134 136 143 210 224 274 302 341 356 462
52 55 72 139 150 160 294 296 302 352 416
100 199 228 295 305 320 341 417 427 449 492
2 9 25 82 131 139 211 238 295 306 452
30 164 166 226 236 306 321 322 376 411 490
49 56 76 105 110 128 262 289 318 331 461
8 62 67 89 120 126 238 331 394 420 462
63 86 181 266 289 303 308 394 423 434 457
14 24 49 122 126 223 274 329 358 379 453
44 63 121 135 137 157 233 281 320 403 490
26 28 48 57 82 102 203 224 397 418 473
25 80 97 164 179 310 319 414 462 463 477
37 53 61 125 166 348 417 472 481 490 493
51 100 120 191 235 262 288 302 324 354 464
54 58 88 121 174 250 274 359 408 416 457
33 36 187 246 253 265 318 345 378 463 473
131 184 199 217 271 279 336 359 450 494 499
97 206 227 258 304 325 374 404 452 475 476
53 104 163 214 268 314 324 332 373 432 468
10 96 150 151 153 214 257 290 367 434 459
66 77 90 115 125 138 146 212 351 359 464
17 21 67 122 145 227 363 371 410 417 444
66 94 100 108 109 202 203 237 281 429 462
25 160 162 204 267 319 333 336 338 354 482
60 69 76 86 137 141 196 382 453 469 499
20 113 139 172 226 276 300 344 346 361 474
36 63 104 116 131 164 177 323 344 410 477
48 210 281 344 345 370 393 417 424 442 480
25 46 60 70 156 163 214 298 323 358 361
87 107 115 125 156 260 388 442 472 483 492
14 65 129 147 184 187 200 258 279 431 465
27 40 106 109 128 148 250 263 387 408 418
34 37 99 248 264 271 314 327 350 362 433
32 85 109 115 315 320 372 390 446 463 483
59 71 75 97 122 160 227 249 290 336 440
63 164 237 247 273 277 313 400 433 466 473
79 102 149 186 188 263 291 322 356 476 495
67 212 226 227 246 285 290 292 422 450 465 489
24 31 133 185 220 258 280 282 338 420 437 471
43 89 141 164 288 326 378 406 412 422 434 490
51 59 124 162 250 303 319 380 429 441 460 496
19 95 171 229 296 305 351 361 385 387 392 469
54 98 146 149 156 203 265 309 313 336 356 396
27 36 108 153 172 236 256 262 276 316 340 375
115 163 177 340 362 373 427 437 457 467 479 484
11 13 99 122 232 233 313 335 355 420 429 441
45 56 57 99 100 170 179 198 351 355 359 391
50 119 208 279 300 303 328 346 373 401 454 472
51 117 131 164 179 195 231 305 341 350 392 411
24 58 104 106 210 250 294 387 400 410 496 497
30 72 82 86 93 137 169 179 302 331 443 454
10 42 107 143 166 306 349 367 432 453 486 488
16 34 59 73 136 170 206 270 413 424 426 477
17 85 87 104 140 275 308 318 334 347 361 363
9 65 91 150 151 158 228 237 391 463 470 487
1 13 24 33 75 169 368 417 421 434 465 485
25 27 28 176 222 277 392 410 435 466 467 484
18 65 182 194 201 253 266 273 335 349 405 463
38 110 126 140 227 277 283 330 391 425 460 483
22 43 51 129 172 188 219 225 273 276 290 373
92 143 172 216 247 324 391 401 422 446 448 452
46 80 99 111 125 191 219 252 282 283 308 348
5 10 47 71 78 99 131 277 300 334 411 442
16 67 119 130 132 142 152 189 308 405 426 498
38 126 134 144 162 202 215 246 320 405 480 498
19 20 58 97 126 139 151 160 197 202 411 492
29 86 272 302 309 377 379 385 403 413 482 493
1 24 66 126 134 149 162 197 261 338 344 477
50 99 112 124 174 192 258 314 326 358 431 498
52 77 167 245 246 247 309 317 367 402 429 458
4 29 35 62 147 148 208 221 298 313 320 484
47 150 247 277 338 391 400 410 436 454 472 489
100 113 115 123 170 199 253 256 365 454 488 492
116 118 129 192 250 274 321 328 420 453 468 472
83 168 174 189 212 289 344 371 393 455 465 482
0 31 93 138 144 183 244 254 305 358 394 470
3 55 99 107 120 138 190 272 318 411 420 464
2 28 75 118 205 211 260 338 366 395 407 440
33 98 115 169 173 207 231 337 352 376 391 445
51 76 77 245 285 286 293 365 376 387 419 423
15 83 85 105 178 191 234 236 308 318 337 417
31 36 58 259 271 317 318 363 407 415 442 496
10 196 220 231 274 304 359 363 433 442 462 463
11 18 31 115 212 226 249 277 302 308 396 405
3 106 182 276 316 369 373 392 447 461 486 491
13 22 66 188 287 314 318 362 409 436 463 497
60 144 145 181 204 226 252 309 335 358 408 484
21 40 137 184 241 257 333 387 393 420 434 471
15 56 59 175 254 281 297 328 347 432 458 477
19 34 70 98 282 354 377 381 404 443 458 465
26 46 126 159 161 164 186 233 266 315 330 428
27 28 31 59 115 186 237 286 317 371 423 446
154 157 195 228 278 304 312 333 378 381 386 494
24 30 32 53 135 199 283 373 406 422 430 444
59 123 126 130 157 160 161 166 221 237 397 482
5 23 30 115 176 179 209 238 250 355 389 487
15 57 63 67 155 224 250 252 297 342 457 484
4 15 87 122 133 166 218 274 287 348 381 489
22 53 117 143 157 175 182 195 226 233 309 450
60 120 134 199 234 236 237 322 345 428 451 490
85 155 170 182 195 207 308 316 327 369 409 436
15 217 225 257 317 332 374 396 431 439 462 495
91 96 104 127 296 299 310 326 340 434 493 494
25 119 133 151 198 211 294 307 322 366 395 409
21 40 97 98 106 114 118 123 172 193 240 477
6 18 20 60 83 116 186 204 228 301 370 427
82 129 151 157 188 270 342 348 355 366 405 462
20 24 28 83 105 301 342 348 370 405 412 438
45 114 172 262 275 283 356 361 380 384 425 451
38 54 157 160 185 211 230 246 367 402 450 480
11 31 133 144 229 256 285 360 414 441 486 494
74 88 103 128 155 165 214 307 333 335 339 466
159 184 215 277 300 336 397 414 440 456 486 497
144 180 208 209 224 253 273 319 367 377 388 409
71 94 124 176 185 205 264 266 290 311 378 382
6 59 90 198 210 229 231 242 247 268 383 395
27 48 69 83 184 239 256 344 425 439 451 490
29 56 76 82 130 160 190 209 246 270 352 488
15 35 44 46 132 230 263 313 385 427 429 451
27 36 117 224 239 271 291 300 327 384 474 475
30 31 36 48 51 90 107 156 229 269 396 450
36 71 115 116 145 199 212 232 259 271 439 462
0 32 123 133 143 148 202 216 307 315 357 403
31 40 70 155 182 245 260 316 404 432 446 496
41 97 159 208 300 315 348 363 377 419 469 481
1 42 65 121 194 202 216 227 271 289 326 341
7 43 161 227 242 255 309 329 330 390 446 463
51 171 236 314 327 329 340 347 370 445 477 481
60 79 104 172 200 249 258 259 266 330 333 415
47 52 63 227 268 287 321 326 363 380 383 402
45 67 85 87 104 300 309 345 361 387 407 414
0 84 146 223 244 257 282 333 340 364 461 480
5 47 125 173 176 200 238 260 269 292 322 396
38 92 93 165 213 351 394 416 448 451 492 495
59 68 142 160 166 181 233 300 308 333 488 495
2 61 65 170 179 296 301 350 378 405 460 462
82 84 101 123 146 148 192 224 248 347 366 383
63 81 146 153 229 280 337 356 418 420 430 451
23 71 101 167 220 221 299 318 323 401 428 489
1 68 93 117 198 204 286 295 339 432 461 487
22 74 82 106 127 147 165 181 277 314 383 440
47 72 95 140 155 204 220 242 247 303 316 327
6 50 74 81 106 142 145 221 367 418 453 477
2 20 30 43 97 141 183 312 316 357 376 498
72 116 147 169 185 199 238 276 277 310 384 495
80 83 102 172 209 258 284 336 356 366 427 497
40 42 76 124 153 249 293 305 337 338 383 473
42 56 64 129 171 213 246 328 339 370 440 461
0 47 49 68 108 172 187 233 254 277 386 436
42 70 71 85 104 156 361 371 377 402 426 453
69 107 111 117 151 315 320 321 410 429 451 492
15 29 193 237 242 250 347 361 423 439 483 497
4 15 41 42 102 145 150 374 381 402 404 475
32 59 73 116 155 212 260 316 327 348 377 471
5 19 44 81 192 222 274 283 348 394 417 423
4 25 49 102 154 204 344 368 411 430 440 499
28 35 176 220 264 291 321 364 415 425 434 477
36 61 72 284 294 332 346 355 360 380 422 434 467
33 70 140 141 146 174 210 303 366 371 396 459 491
89 149 173 221 227 228 272 278 338 419 430 478 487
22 23 69 112 121 187 195 349 355 362 363 399 426
61 63 140 210 223 242 266 273 293 306 307 339 340
0 2 71 80 118 169 182 198 210 350 356 376 467
123 126 127 224 317 321 374 380 390 430 450 463 492
21 90 146 190 257 262 323 374 394 400 408 428 484
7 98 178 186 255 295 317 324 361 402 428 440 489
62 94 96 105 149 173 221 224 274 298 360 373 467
9 34 35 50 87 105 179 192 230 250 287 396 454
14 156 178 207 225 247 267 293 341 396 439 456 478
31 34 52 61 153 167 219 227 233 269 320 402 435
1 74 91 120 279 300 326 330 331 399 445 452 498
2 66 72 162 269 273 340 346 389 393 394 395 499
70 83 171 263 288 356 372 380 382 411 418 456 477
40 68 95 106 236 270 293 304 315 385 401 433 483
21 39 67 73 128 153 207 218 228 229 241 315 349
17 28 54 167 190 203 236 254 284 301 328 415 453
9 25 49 58 86 112 145 157 196 239 294 326 328
8 64 82 116 189 337 349 351 377 433 454 466 474
3 24 65 72 90 147 151 195 201 226 346 409 459
21 102 137 139 153 168 174 176 244 309 344 465 486
35 122 153 160 176 210 238 239 287 375 395 411 486
20 60 101 139 162 188 206 298 338 364 395 413 455
44 87 162 171 207 242 289 306 323 331 362 452 467
27 57 72 97 122 172 203 206 246 362 372 375 447
18 29 46 140 148 193 246 300 312 316 344 363 408
25 80 84 106 125 155 219 306 339 387 393 410 482
15 20 131 155 192 193 243 367 368 378 446 458 464
2 21 26 46 77 87 113 132 160 257 262 302 466
7 15 80 91 194 248 255 286 314 327 371 441 482
6 73 77 142 174 212 281 351 354 356 397 404 448
52 53 122 233 242 291 299 358 366 398 409 432 459
30 51 132 191 195 200 208 235 272 287 311 345 346
18 32 80 173 198 305 325 346 357 374 426 428 465
45 87 172 195 203 224 232 279 342 381 418 451 497
18 40 46 188 196 210 215 237 264 301 398 445 487
13 25 64 66 72 101 111 129 301 320 324 352 369
23 28 30 82 160 161 256 276 318 354 390 412 429
35 70 93 171 181 232 240 255 269 378 449 464 476
52 115 124 127 166 250 297 400 408 429 430 458 485
3 42 119 121 128 178 309 315 328 375 408 413 423
41 48 195 203 212 214 296 380 451 466 474 487 498
98 222 271 284 293 300 306 355 379 390 392 476 481
46 63 109 147 184 190 285 354 420 432 442 469 495
78 169 198 204 214 215 272 297 317 337 393 436 473
66 73 120 132 133 140 176 223 248 260 343 345 363
40 200 205 219 238 260 328 345 371 404 428 454 487
36 152 176 212 213 244 263 315 352 369 384 407 451
19 79 93 177 193 229 278 313 314 327 425 426 448
53 81 135 173 174 177 206 248 350 372 408 438 455
60 102 104 136 220 239 289 406 417 432 474 480 484
135 149 171 180 185 211 236 243 376 394 408 478 492
13 124 168 193 207 220 238 324 345 361 397 434 460
48 68 149 202 269 276 292 311 319 389 404 422 487
26 112 147 170 195 367 397 401 403 426 468 480 489
8 18 45 145 193 199 212 231 233 325 332 364 436
2 97 107 197 213 225 244 250 284 353 403 443 467
15 16 182 251 257 270 284 307 328 363 398 462 479
0 8 9 52 70 84 88 159 261 367 439 441 478
24 32 65 75 82 99 103 122 146 270 406 409 488
20 27 54 170 192 208 257 266 371 374 405 409 436
20 27 96 103 155 172 251 254 318 337 404 451 466
53 108 122 151 155 168 172 173 182 383 419 433 459
10 11 63 107 191 231 262 308 333 370 376 403 416
41 48 70 85 90 153 167 217 344 365 372 441 496
117 132 161 173 191 213 233 253 323 337 353 411 467
3 38 89 116 303 308 314 330 334 404 453 458 494
0 2 48 96 98 195 248 269 324 387 439 478 493
29 120 135 153 169 199 235 300 354 396 435 464 498
5 30 77 120 160 244 267 295 321 401 410 438 479
9 24 41 85 120 148 174 259 347 377 386 391 482
31 129 184 212 244 247 260 307 343 368 391 433 456
12 71 176 177 196 245 308 402 405 419 430 437 487
8 13 68 94 134 146 222 264 282 311 329 362 390
107 133 183 207 233 239 288 305 371 396 446 449 475
83 98 105 111 125 128 188 262 287 341 374 413 421
10 25 40 53 55 138 158 163 169 231 260 444 479
17 39 112 182 230 235 286 292 309 385 411 423 434
12 123 157 202 208 212 228 266 307 308 336 474 479
32 74 95 98 276 285 316 317 348 351 422 423 495
55 156 161 206 212 224 225 262 293 376 393 395 410
8 65 107 155 192 214 243 254 323 330 364 389 408
63 106 154 163 202 229 268 269 294 432 455 476 486
115 126 207 231 250 270 297 328 402 414 418 425 472
60 115 121 135 190 295 344 400 402 403 432 477 491
66 91 153 155 169 199 272 318 368 395 400 412 434
20 27 95 214 291 294 312 340 385 412 466 469 493
45 67 94 132 168 175 180 204 255 257 272 400 479
0 24 135 163 188 260 329 344 350 379 404 470 491
14 23 28 88 116 156 196 209 256 267 323 344 490
57 101 168 184 188 265 279 313 344 431 467 476 497
111 122 124 141 166 178 193 208 246 281 339 379 416
43 44 124 180 189 274 299 300 313 376 410 414 452
82 187 221 237 252 304 322 343 375 422 429 431 461
0 2 11 21 110 120 125 173 275 282 312 395 476
72 138 145 161 194 237 238 309 377 436 451 472 478
49 103 116 141 184 230 258 297 302 304 412 475 479
145 159 181 213 228 247 250 357 372 376 404 433 466
8 134 168 210 232 250 257 271 308 353 438 455 478
42 83 117 118 204 250 262 303 317 318 418 421 449
5 88 155 215 228 254 260 278 290 338 340 483 487
8 19 32 44 132 216 218 250 264 282 301 324 450
0 8 9 62 131 213 274 289 369 400 427 486 496
4 14 22 89 297 309 358 360 362 390 395 414 495
138 161 253 260 320 321 333 339 407 426 437 444 495
21 72 216 285 352 372 389 396 408 431 436 463 479
6 26 38 140 171 251 263 290 331 358 414 465 482
12 38 106 161 174 183 212 233 265 362 371 415 446
53 60 95 173 192 291 296 327 333 367 374 454 498
126 129 149 152 207 326 348 373 380 396 421 452 456
62 140 213 243 247 271 275 284 306 314 429 442 464
67 89 99 275 295 304 327 339 349 358 426 495 497
22 61 88 103 125 183 189 242 263 295 304 327 410
16 34 104 177 189 203 269 274 294 322 326 403 483
0 51 66 80 98 135 156 216 230 286 325 378 481
41 73 87 115 158 202 205 245 255 312 316 358 360
17 18 62 95 129 180 237 304 326 393 425 456 465
22 28 70 111 138 148 164 203 312 314 385 477 498
12 32 159 176 206 210 272 310 320 334 435 449 464 490
50 147 163 189 194 204 209 244 390 417 432 473 486 487
24 46 81 128 247 268 293 299 365 371 416 433 454 481
23 45 151 153 169 242 249 275 332 334 351 352 389 434
79 101 117 157 213 218 301 304 339 377 395 462 490 497
22 31 47 62 67 75 82 181 196 203 207 338 447 480
21 30 96 101 109 124 131 266 275 350 356 439 446 482
7 45 74 98 186 235 265 289 313 370 433 458 463 494
8 16 58 73 80 133 139 175 253 304 307 333 361 368
213 219 240 276 281 282 287 307 331 373 390 429 462 498
1 22 138 161 187 209 249 291 319 322 389 395 402 434
28 43 62 90 91 160 162 172 176 236 336 429 438 488
14 66 71 135 168 181 183 235 309 347 350 369 414 493
0 58 128 134 139 184 196 219 301 365 387 390 433 445
10 63 76 124 204 206 207 298 373 412 424 425 486 490
3 42 74 121 126 143 164 205 218 239 258 380 447 484
12 61 84 159 185 206 217 252 270 353 379 382 474 480
10 72 91 93 137 151 163 189 210 276 296 359 496 499
59 109 152 157 167 189 193 229 234 236 274 450 455 466
7 64 135 210 218 222 284 370 388 392 422 438 463 472
1 2 6 23 30 37 40 47 62 71 136 216 232 263
6 11 79 81 104 121 205 241 253 303 389 430 466 496
28 102 116 119 145 207 211 242 248 275 283 303 315 316
27 31 58 119 154 165 175 214 348 387 417 480 493 496
45 100 124 143 144 172 203 215 220 270 298 352 373 433
0 27 125 166 248 249 253 263 297 328 350 352 449 497
54 137 143 150 205 215 243 290 294 335 385 458 473 489
127 129 236 249 316 348 367 386 388 397 441 465 473 479
3 11 18 46 56 75 113 159 171 355 398 428 432 441
51 77 111 125 245 279 289 337 340 343 368 379 380 396
45 48 136 139 150 182 200 220 237 242 300 345 383 434
14 30 94 97 114 131 132 194 208 220 264 422 478 491
10 14 41 59 127 263 264 274 346 391 417 431 469 484
37 67 117 125 199 262 284 293 298 304 368 371 416 423
6 87 113 116 151 175 181 238 250 266 288 408 483 488
47 146 149 184 187 232 236 243 264 274 350 419 425 479
54 116 142 156 195 214 245 262 290 354 388 391 471 481
3 64 77 89 117 151 190 209 214 276 350 357 393 423
35 67 85 105 162 284 295 301 302 320 362 390 437 489
9 28 80 94 115 143 219 222 302 335 378 437 443 488
14 17 89 102 133 227 234 319 333 334 370 399 462 497
94 119 126 128 183 252 256 283 340 344 366 437 477 482
11 48 106 133 160 198 261 302 313 361 390 395 417 442
2 13 16 50 106 119 127 186 215 223 245 316 407 471
5 71 140 213 218 230 249 265 301 316 319 325 381 403
15 29 41 83 104 138 155 187 215 307 328 364 408 412
61 70 79 119 268 298 384 393 401 414 430 443 457 478
46 58 96 117 120 189 262 337 367 379 393 407 414 436
9 30 68 90 105 176 184 270 274 325 391 422 455 465
29 65 75 137 171 213 221 307 322 327 350 392 453 486
56 126 146 189 245 253 255 271 290 363 371 392 438 489
30 36 48 102 125 139 143 156 219 224 249 257 420 487
28 36 40 59 162 250 267 278 311 356 409 464 471 485
29 30 47 69 118 153 170 341 356 363 384 444 497 498
1 83 101 151 156 162 233 262 312 337 344 360 439 495
13 57 69 80 137 171 245 254 316 327 352 373 377 493
46 63 138 226 247 259 275 338 359 360 385 454 470 482
53 67 89 131 132 161 169 204 207 263 336 362 402 404
12 26 35 110 180 189 365 392 420 432 437 440 486 490
23 32 77 131 181 192 226 300 332 346 362 380 413 492
25 39 98 133 149 227 238 246 272 325 382 388 432 476
8 31 75 118 120 156 213 243 247 250 259 281 330 344
3 25 45 105 129 154 202 206 214 252 373 377 392 431
2 3 14 28 34 128 179 186 204 227 326 391 408 498
52 53 58 75 86 178 317 366 388 398 409 425 458 466
33 77 86 100 112 120 133 173 183 194 198 218 320 389
13 30 50 103 108 123 129 149 184 260 282 287 299 491
37 49 71 85 156 166 186 228 232 243 327 329 406 471
14 15 16 138 142 153 162 166 167 196 294 316 334 454
9 17 41 46 60 102 191 235 274 322 361 373 397 474
115 116 125 154 212 234 251 254 265 275 312 316 404 450
62 75 95 136 146 171 178 221 259 292 365 381 406 442
50 69 113 114 123 124 159 169 211 221 328 404 460 496
7 47 168 171 214 223 239 253 289 296 396 399 409 412
0 129 171 178 184 194 289 312 328 338 370 423 430 464
37 50 60 79 88 113 128 136 162 209 264 266 388 395
57 65 93 128 140 181 206 291 298 315 370 376 468 485
114 115 135 157 172 209 224 238 284 355 361 398 450 492
32 51 71 140 152 228 253 265 266 387 400 420 453 454
74 101 162 180 181 208 253 277 344 400 408 433 454 494
60 72 79 133 154 190 279 290 342 358 367 435 449 467
16 17 37 103 109 257 292 325 357 361 370 423 427 430
27 28 44 95 111 140 146 159 197 263 320 345 432 470
35 58 73 93 99 111 203 224 225 306 353 355 444 475
20 32 66 98 112 170 194 225 244 266 391 445 463 494
65 85 108 131 133 150 196 214 220 262 284 326 450 473
33 75 116 124 125 149 245 259 266 270 311 361 420 494
46 53 55 76 113 114 219 243 251 308 355 382 394 407
20 83 102 120 121 174 178 191 201 220 245 295 342 351
40 74 99 120 170 236 243 299 321 367 391 424 450 480
15 43 107 127 173 182 196 202 219 243 266 341 375 495
1 21 25 53 133 137 231 302 400 401 447 453 460 475
0 43 72 120 121 156 164 284 300 308 359 402 422 452
25 54 60 67 91 123 208 243 293 309 388 408 413 499
7 19 78 191 207 217 229 254 266 272 306 358 389 422
81 109 116 130 154 224 342 360 376 380 384 419 453 489
26 34 83 98 104 119 148 171 204 242 274 377 396 459
25 66 74 102 207 218 221 243 291 353 373 383 452 482
1 34 38 107 126 141 178 180 214 283 287 288 356 455
21 72 151 154 222 252 264 365 376 406 407 425 462 483
11 26 72 113 115 230 238 272 305 351 412 414 422 466 471
82 113 118 208 238 272 288 322 333 347 381 401 434 461 476
20 26 40 166 185 250 254 255 289 307 338 350 361 447 479
23 37 82 89 116 146 153 259 274 308 316 400 430 437 474
17 27 80 87 91 109 136 166 254 276 307 320 383 408 483
103 122 131 133 152 162 170 200 275 313 314 405 407 439 488
33 36 53 60 102 267 286 293 301 316 329 408 412 425 497
15 83 96 111 174 187 207 252 285 310 356 393 398 407 493
25 104 115 124 146 164 175 254 435 440 447 456 458 477 490
28 56 75 97 107 188 190 231 295 296 343 391 400 479 495
39 42 126 187 188 255 261 343 345 370 378 431 456 472 495
10 64 85 95 123 235 256 259 262 304 335 412 436 465 472
93 148 209 216 229 249 289 292 315 400 407 417 428 456 487
67 84 163 178 257 293 313 337 352 380 395 402 428 472 475
12 23 52 60 64 70 156 173 208 244 253 274 289 306 446
49 224 226 263 265 275 298 311 347 354 399 413 416 427 491
30 60 72 94 142 153 154 229 263 285 308 351 377 397 415
56 116 118 238 241 251 262 318 334 342 427 429 441 456 462
2 18 190 213 248 252 263 271 300 327 359 377 394 424 448
40 61 215 221 226 244 295 296 299 333 370 375 398 447 448
21 29 76 96 113 126 139 156 202 235 245 300 308 393 427
45 115 139 140 157 164 267 319 320 341 352 368 399 414 467
17 23 63 64 86 103 177 213 286 303 377 388 409 447 477
45 83 173 184 236 250 291 299 377 392 396 419 422 423 430
18 56 60 133 136 145 146 159 182 234 329 364 399 452 457
20 63 137 146 189 192 266 338 347 363 383 396 414 442 455
29 89 110 127 146 158 255 256 268 381 390 391 404 418 474
6 98 99 104 126 135 154 213 296 321 374 400 406 429 430
33 49 85 102 113 146 157 159 262 266 326 385 416 441 477
15 110 111 163 181 215 295 314 388 401 445 447 451 466 488
49 134 207 249 254 270 273 290 295 324 367 414 433 486 493
110 177 186 274 308 322 339 364 386 391 395 428 447 475 477
4 60 80 88 116 124 163 177 223 254 275 281 448 460 465
38 75 98 111 255 256 263 319 359 412 420 427 452 453 468
10 56 91 93 106 132 194 272 276 379 393 413 416 442 489
5 68 69 73 78 96 112 141 147 170 181 182 224 247 315
13 14 31 55 112 137 158 165 261 272 315 323 325 356 410
138 148 165 171 230 301 306 369 392 400 405 409 425 431 433
10 38 92 98 207 236 247 287 295 310 364 378 442 473 489
8 13 76 84 92 103 123 196 210 228 251 333 345 386 491
36 42 82 105 111 133 145 179 190 258 272 283 366 399 475
27 43 222 226 303 310 337 349 374 378 383 414 445 471 486
85 109 141 250 260 282 311 324 356 388 393 417 459 460 486
21 47 53 62 91 110 187 193 292 308 353 362 397 414 454
22 91 121 122 250 302 324 344 345 395 400 403 415 424 429
26 63 65 151 157 263 328 385 389 395 407 437 467 472 492
42 44 46 50 59 117 186 220 248 283 347 373 402 405 458
1 60 69 74 112 115 156 182 242 318 364 438 485 486 496
10 14 21 50 98 144 229 237 246 285 356 387 400 479 481
19 20 123 125 188 226 243 292 339 355 377 422 464 496 498
4 10 54 101 192 231 256 279 281 286 424 430 444 485 499
37 49 95 152 158 190 192 240 276 333 356 360 383 462 481
37 74 83 84 118 131 186 219 252 285 294 374 376 414 438
50 88 142 159 214 259 303 323 326 331 342 428 439 443 489
18 28 43 108 123 167 176 249 260 285 324 331 394 442 487
70 79 100 121 129 170 178 253 298 300 408 438 449 470 489
29 47 73 102 130 169 226 264 291 352 354 406 427 459 498
3 5 49 67 109 115 118 123 131 151 212 231 428 429 442
15 110 127 137 160 168 205 233 261 314 332 336 359 404 417
39 143 144 157 194 233 248 272 276 300 344 384 445 471 482
1 56 85 105 156 192 240 317 321 325 327 379 388 429 463
11 64 106 109 133 146 162 221 223 261 278 279 310 424 436
42 89 113 193 219 220 221 231 233 251 277 315 347 405 411
3 14 57 144 173 184 186 213 237 246 330 349 380 383 421
28 119 144 159 168 176 288 305 322 365 402 430 436 478 490
48 57 70 84 100 189 206 243 299 309 341 364 414 425 435
30 42 58 96 98 134 209 293 306 329 338 388 394 401 439
20 94 138 143 181 207 250 304 342 369 390 409 417 442 464
8 14 50 74 84 92 168 179 227 296 402 451 463 466 470
2 81 136 142 180 249 275 287 306 315 327 338 423 452 493
21 34 57 135 230 234 321 354 426 430 450 469 474 476 483
51 68 93 100 120 139 214 234 299 308 412 439 454 465 485
10 30 53 134 136 142 143 212 270 304 386 412 435 442 480
5 16 100 129 166 232 245 258 363 378 388 408 432 445 482
56 63 84 110 121 140 277 299 304 327 418 430 465 466 479
19 34 188 220 237 251 338 348 375 394 407 425 428 459 491
102 117 125 200 210 247 272 296 373 420 446 447 468 485 493
13 15 56 79 97 150 182 211 215 218 222 223 262 306 417
28 43 78 105 115 151 250 258 292 298 418 473 481 493 494
1 71 136 185 204 208 231 240 241 271 281 308 328 388 475
4 75 80 139 219 228 282 342 349 355 374 419 422 443 471
86 90 104 116 123 132 141 156 160 266 278 353 414 423 472
2 12 60 109 110 185 244 245 291 355 384 430 451 454 484
51 57 162 175 186 196 204 222 242 247 328 345 456 457 474
61 80 81 90 111 128 131 189 191 220 232 260 263 365 490
11 176 227 228 229 281 285 307 319 345 364 376 471 477 492
14 21 91 106 107 117 119 120 136 172 199 282 332 355 457
30 115 145 181 207 216 220 233 263 373 421 422 450 462 472
19 41 84 170 186 273 287 294 359 422 424 437 452 463 487
18 29 85 102 108 126 157 199 258 282 323 420 427 487 490
50 58 148 149 157 179 202 259 338 349 415 423 441 445 459
23 58 66 80 87 141 192 193 197 274 287 297 306 382 480
57 79 120 180 206 213 227 336 348 363 394 432 435 470 482
51 76 93 146 149 224 225 254 255 274 393 397 462 479 489
3 9 14 32 53 73 92 97 126 193 230 424 466 477 494
2 70 72 139 213 257 269 293 359 361 390 420 421 442 490
20 128 161 168 203 223 224 237 252 262 298 361 371 385 495
26 57 120 153 159 175 202 275 284 306 324 334 389 394 402
36 50 58 69 76 150 264 283 284 318 325 357 379 432 467
72 115 139 163 168 179 194 201 230 232 380 405 446 473 486
5 44 64 69 90 108 158 224 265 322 337 348 368 387 479 490
104 105 108 223 232 240 246 263 282 304 313 351 384 397 412 419
119 131 177 196 275 277 300 336 348 353 363 364 376 424 448 466
3 9 51 81 111 138 168 169 196 238 274 293 336 400 427 428
19 35 45 86 119 148 172 210 332 366 367 385 401 428 484 496
51 75 98 155 167 254 302 311 326 343 372 383 410 436 443 469
4 57 115 156 177 212 220 237 243 284 291 341 397 428 457 467
14 32 53 77 92 126 192 223 252 300 378 388 429 462 468 487
1 47 71 149 185 194 195 233 270 328 334 394 410 432 443 453
4 14 72 102 186 212 242 262 298 314 316 334 341 346 396 428
57 58 199 228 245 281 294 315 323 340 355 370 398 413 476 494
6 64 89 91 135 139 142 261 298 313 328 337 358 395 417 439
16 60 65 90 103 145 166 271 316 345 371 406 423 431 487 498
34 89 107 108 139 214 250 258 266 305 310 360 447 448 460 476
18 78 120 130 132 185 187 200 216 218 259 296 342 431 442 464
3 12 29 58 70 80 203 254 282 286 307 346 386 434 439 484
50 65 82 86 115 152 167 199 254 260 294 309 321 370 406 488
5 34 56 84 95 96 164 178 262 353 373 379 415 416 452 476
23 51 60 71 100 108 134 154 222 229 239 243 246 340 382 427
126 128 131 186 189 199 218 254 289 331 390 442 450 465 493 496
9 23 57 62 102 119 213 238 252 257 272 321 409 458 490 492
2 12 33 49 158 167 229 265 331 356 364 378 397 403 440 451
37 96 136 168 212 250 267 275 283 284 302 342 371 420 481 485
1 14 25 85 110 139 163 173 201 257 330 363 387 417 427 447
1 22 29 76 135 187 229 238 242 248 280 286 296 361 404 435
3 4 83 139 210 226 247 271 278 285 327 333 351 356 447 496
34 64 68 81 107 197 204 234 262 273 310 336 357 377 407 479
38 86 169 216 290 292 293 294 312 329 370 454 458 463 464 495
39 73 135 164 180 191 195 212 227 286 306 330 386 400 468 497
53 56 132 161 181 212 218 225 230 233 296 316 339 380 408 417
47 56 67 73 135 163 212 232 245 344 350 372 428 435 436 461
11 47 108 286 330 332 335 343 362 370 379 446 458 465 475 487
2 41 51 68 122 135 175 204 207 212 242 299 366 449 451 469
48 67 101 136 182 185 256 266 289 292 294 300 328 341 364 484
8 14 19 74 84 86 108 150 157 170 291 314 319 320 371 487
4 11 44 103 176 227 261 262 296 320 330 414 448 483 485 486
29 40 63 75 98 113 300 308 342 351 372 375 394 403 415 454
47 52 80 83 106 135 243 247 273 289 295 329 401 429 454 460
13 77 93 105 179 205 240 242 266 343 354 402 412 423 453 472
17 40 57 103 133 209 235 271 311 312 374 397 401 416 449 488
52 157 170 183 242 296 300 311 353 356 357 377 385 418 450 456
26 28 63 85 146 161 199 243 382 391 406 416 420 431 469 485
20 62 112 198 227 238 299 309 335 345 353 365 415 446 481 486
101 151 210 256 281 286 312 322 338 372 377 408 435 441 449 476
26 33 51 76 103 108 109 111 141 145 188 256 305 358 467 480
2 30 51 116 129 149 162 210 250 334 357 371 379 451 473 481
8 42 94 95 132 171 177 212 244 257 300 317 385 473 483 495
43 48 80 105 138 151 181 268 277 285 385 405 420 427 462 474
47 84 151 168 203 222 266 278 290 309 312 329 370 418 461 480
17 28 40 115 141 230 239 282 296 349 358 366 384 434 456 473
19 21 84 98 115 197 253 319 388 397 412 477 479 482 488 490
2 36 75 93 115 122 125 162 198 229 234 348 361 375 384 476
1 10 16 18 57 120 192 195 261 279 299 318 338 343 460 481
10 28 46 50 65 70 81 110 125 207 245 246 358 399 438 482
6 17 32 69 89 194 246 262 278 316 345 359 379 384 415 477
6 13 29 71 84 98 114 242 301 320 335 348 357 380 419 454
20 53 64 65 103 239 259 316 319 342 353 382 386 442 468 475
141 161 170 258 272 273 282 330 345 354 359 364 407 414 440 471
77 88 89 103 120 130 151 215 279 305 338 458 463 476 486 494
14 60 104 116 171 190 273 287 327 331 355 369 388 400 402 418
95 106 121 126 140 162 279 283 356 389 429 448 453 472 477 485
0 68 99 103 162 178 193 194 222 228 299 366 405 444 480 496
24 39 57 74 103 116 157 180 181 183 256 339 340 364 389 398
27 58 110 160 195 261 279 284 294 337 353 357 410 415 450 472
31 89 94 97 111 161 214 253 260 266 273 293 306 363 411 484
8 56 66 106 114 119 154 175 185 219 259 387 394 444 481 495
6 20 40 51 91 94 106 142 144 247 280 318 335 378 439 488
12 20 122 143 232 292 322 331 358 364 401 408 412 413 465 470
9 48 94 114 128 191 236 277 290 321 337 383 390 396 404 451
26 32 81 117 149 195 230 234 249 262 292 295 357 396 404 476
26 61 67 76 77 127 191 201 246 251 311 393 405 413 435 475
95 122 141 200 210 212 271 280 312 346 378 433 465 479 490 494
43 70 96 132 140 172 204 257 313 332 362 388 424 469 483 487
32 43 62 119 120 154 179 204 267 275 286 367 434 436 448 466
25 92 148 154 198 218 233 306 349 382 396 415 422 435 452 479
0 13 25 83 112 119 218 250 297 309 339 351 370 445 458 473
38 68 91 137 200 209 263 317 323 326 375 381 391 392 405 492
8 91 122 126 127 142 156 181 245 254 327 355 361 373 392 478
32 49 69 78 91 122 201 231 243 247 250 279 293 303 389 492
14 104 117 147 213 228 281 351 369 386 400 406 425 446 460 471
53 191 202 225 269 308 320 333 337 342 360 419 420 438 439 480
3 9 14 73 102 114 163 170 255 257 258 280 338 349 363 427
4 13 70 111 117 131 138 144 178 249 251 286 312 318 372 474
10 25 37 51 92 99 104 146 217 234 266 297 304 324 343 435
60 66 114 120 124 133 151 236 300 312 335 370 378 382 388 495
136 158 173 203 229 264 266 296 349 370 373 402 418 432 446 464
27 42 81 124 134 154 166 265 285 297 345 371 396 467 486 497
61 115 124 167 234 236 246 293 341 356 366 403 420 455 470 471
4 13 106 180 246 249 293 299 320 326 327 336 338 475 480 498
8 104 116 121 150 159 207 247 268 276 291 346 393 428 489 492
1 33 235 269 272 273 307 350 354 398 405 412 419 425 484 485
27 46 104 108 117 122 123 168 170 221 230 261 277 432 453 486
6 32 41 91 120 132 202 228 231 249 304 313 380 417 435 490
50 59 70 76 125 158 220 223 254 257 259 268 337 358 363 437
17 22 30 123 128 192 226 241 247 270 288 324 326 412 413 459
1 183 196 219 266 302 306 307 328 330 348 391 408 452 466 498
20 71 112 117 213 214 244 295 308 309 317 380 410 427 472 487
106 121 146 171 270 309 353 366 369 380 382 424 428 474 494 498
15 18 27 118 129 179 183 234 239 264 306 339 343 382 432 442
9 109 115 143 166 190 241 270 341 350 390 422 423 435 466 467
16 17 43 58 82 87 213 231 286 294 302 319 369 422 428 461 482
10 41 67 75 91 94 105 152 164 255 323 398 418 436 461 462 487
12 35 61 73 83 143 174 263 270 289 295 320 324 325 365 376 452
39 86 91 125 132 148 151 219 227 237 271 284 299 339 349 378 448
5 19 117 122 127 128 146 149 155 164 178 266 307 339 411 415 436
80 81 122 175 180 215 267 275 299 304 326 344 369 375 414 459 472
7 53 169 198 217 225 247 269 276 322 336 346 349 403 411 447 462
45 66 93 102 111 153 160 170 216 306 339 392 403 411 422 442 464
55 58 109 131 157 163 206 239 250 258 272 295 372 387 421 446 493
79 102 108 147 154 208 265 292 294 345 364 422 423 433 453 473 491
33 34 59 105 116 120 205 223 245 257 261 301 304 328 342 462 499
60 70 81 100 146 179 190 201 274 276 320 371 387 397 445 464 479
31 32 55 88 101 104 199 218 221 290 316 352 366 382 415 423 496
37 102 105 111 139 151 198 224 236 262 280 355 372 386 431 454 494
15 38 58 139 141 153 235 259 274 318 331 406 421 438 448 455 470
11 58 97 100 153 159 176 200 201 220 259 277 292 393 472 476 480
25 26 59 102 125 172 187 191 193 293 300 338 340 359 374 385 425
13 19 46 48 75 219 242 250 251 275 286 302 353 379 392 416 463
15 21 76 97 134 143 189 193 280 303 312 317 338 369 432 447 481
14 18 50 75 202 228 249 341 375 387 388 400 417 425 432 475 487
1 55 78 95 135 185 195 227 260 272 306 310 344 351 365 480 495
40 54 58 97 103 121 122 155 171 206 256 264 270 318 341 379 395
19 41 56 76 80 98 116 131 203 214 305 321 328 369 403 473 496
0 39 47 59 87 90 93 123 141 160 165 257 261 287 308 426 445
15 39 59 65 92 158 218 244 276 310 324 336 382 440 477 481 493
42 72 159 175 176 187 191 210 233 260 264 269 290 299 323 486 499
38 51 118 180 207 218 282 335 342 352 364 373 374 387 445 470 478
6 105 136 145 146 154 228 275 301 316 366 387 408 415 445 448 491
4 42 56 59 120 137 176 179 247 272 283 305 328 423 439 452 481
33 45 83 113 136 139 207 216 219 260 309 348 365 411 436 456 462
15 58 84 88 130 179 219 262 267 280 281 370 416 417 443 470 474
7 42 61 68 103 120 177 192 195 281 302 312 319 380 395 414 491
93 102 105 113 172 307 313 323 341 348 350 356 370 389 422 479 484
3 39 81 117 147 165 171 209 215 245 281 293 305 326 348 362 403
6 31 35 69 75 178 231 237 294 309 318 346 397 409 410 417 483
43 62 94 133 145 190 219 242 326 334 348 358 376 384 464 471 494
25 46 48 62 146 154 173 174 255 270 301 306 345 393 419 459 487
15 61 89 115 124 131 171 214 270 274 299 324 344 359 439 470 497
61 63 120 122 141 196 255 273 362 365 401 421 427 443 462 467 498
5 10 85 101 135 138 182 192 255 256 324 329 334 338 347 393 498
12 24 32 43 83 100 247 285 317 321 333 334 385 452 458 477 485
19 96 113 179 190 233 264 279 347 364 393 405 409 417 418 454 466
10 23 27 41 45 75 171 205 209 233 245 253 262 325 343 483 484
25 71 82 127 145 177 181 203 214 263 321 347 375 379 431 473 474
95 120 163 167 229 245 248 253 379 404 457 461 465 480 487 493 497
33 39 95 104 122 136 142 199 263 280 300 317 350 352 358 425 430
50 123 125 148 154 184 185 217 230 240 275 278 294 300 413 415 492
35 61 69 104 112 114 116 132 212 231 246 270 297 306 316 374 464
8 92 103 143 178 193 228 232 254 297 324 346 347 395 455 469 495
38 87 94 98 212 216 223 228 241 267 274 358 371 396 397 468 485
11 41 67 115 147 151 164 176 182 220 262 301 344 355 401 409 419
62 68 160 222 233 271 275 279 344 373 388 397 425 437 446 478 495
24 26 36 90 178 190 221 245 304 346 348 369 402 414 431 440 471
68 155 177 216 236 243 247 272 281 307 444 447 464 469 479 480 493
35 41 46 156 176 191 202 344 346 366 370 394 397 419 463 476 498
24 29 35 40 53 65 127 167 175 185 241 242 306 312 355 426 485
22 27 71 99 109 149 227 237 252 312 349 391 396 400 436 468 489
38 63 69 101 122 131 135 160 189 206 237 345 395 398 415 461 479
29 51 75 79 111 125 128 165 208 213 228 277 320 390 433 458 473
16 50 71 132 142 143 145 162 229 264 279 297 307 381 394 429 477
6 34 37 51 355 358 372 402 412 429 445 451 453 475 476 486 492
25 65 74 101 112 189 204 223 233 270 272 306 325 358 392 474 488
8 72 145 202 213 224 270 285 294 306 309 373 388 404 441 463 490
0 25 36 41 54 55 79 103 123 136 164 228 327 385 395 431 458
6 8 51 76 80 91 99 103 118 171 204 213 361 379 395 412 433
26 133 179 191 251 263 298 318 379 384 424 455 462 464 481 484 493
41 47 48 56 151 185 188 238 397 415 432 433 448 452 464 486 491
38 86 89 104 127 176 192 202 228 244 260 333 338 359 363 425 485
13 19 55 59 85 137 165 235 240 258 272 306 358 381 428 452 489
16 19 52 64 131 188 216 302 346 436 453 460 463 487 494 495 499
19 50 56 64 69 73 124 181 211 260 301 330 409 453 466 488 496
4 27 63 76 129 163 172 175 190 213 214 238 247 269 335 399 498
0 41 56 71 103 117 123 205 223 265 291 328 355 374 388 394 409
6 80 187 197 221 227 241 300 332 343 350 372 386 389 438 456 462
37 67 70 96 99 129 159 169 228 230 266 302 324 345 360 435 494
5 9 45 84 102 133 173 242 247 249 268 299 334 375 420 447 470
22 104 115 154 156 188 215 242 243 299 334 338 374 397 419 492 498
2 6 7 18 82 85 91 105 153 182 271 285 298 325 327 462 482
0 56 69 70 71 78 118 127 170 193 203 208 279 301 352 469 487
1 4 27 106 107 157 191 215 256 268 302 333 353 411 426 456 486
7 13 117 126 127 153 214 232 238 262 410 444 448 451 465 473 493
8 28 96 99 184 209 232 234 269 306 322 369 381 433 462 488 497
77 96 139 146 192 202 215 226 255 275 290 298 321 412 429 434 435
70 99 118 124 133 177 182 187 198 217 232 323 412 419 450 453 498
13 16 23 32 97 112 143 214 258 266 271 290 325 391 402 411 475
7 35 89 114 132 157 195 251 277 285 287 305 319 344 381 432 457
13 17 26 56 60 119 135 165 204 221 300 302 337 357 361 368 432
33 114 129 135 156 159 167 231 242 264 316 372 380 396 405 460 467
7 27 47 56 84 104 157 257 258 266 326 360 373 374 414 483 486
14 40 63 66 78 118 136 138 220 231 335 349 380 381 398 455 456
1 3 31 52 74 97 121 122 138 192 210 243 316 333 386 432 435
22 65 67 102 121 154 182 183 217 223 253 304 400 406 416 424 441
21 30 35 40 59 80 90 112 114 167 333 344 345 367 442 464 489
4 29 61 66 125 207 210 219 236 284 291 309 388 413 430 440 469
16 36 61 109 117 126 135 179 190 221 295 323 333 418 445 456 481
13 31 62 151 174 196 216 218 237 283 297 388 396 405 416 421 477
2 5 44 126 129 133 171 234 257 273 295 297 333 338 396 448 482
11 105 129 152 160 178 225 229 246 270 310 330 347 423 453 466 489
2 6 9 35 64 102 104 126 144 160 241 244 342 349 407 461 464
66 143 183 207 214 255 267 294 325 356 374 397 420 437 464 473 484
13 26 42 55 62 66 75 93 140 172 198 202 254 255 327 334 425 449
1 46 51 65 67 117 203 236 245 287 292 311 327 356 357 431 447 467
28 30 74 92 108 115 149 170 231 232 247 256 282 307 323 403 417 445
1 80 93 100 104 150 155 165 166 179 271 273 317 333 412 418 420 482
11 47 69 104 114 115 142 144 208 235 244 286 315 331 338 353 471 486
7 47 51 66 72 73 74 80 149 200 205 225 259 290 301 309 360 403
7 62 83 108 118 149 159 220 240 242 247 368 397 420 436 446 484 491
4 18 39 144 157 167 176 210 212 260 302 336 357 373 378 387 440 456
3 10 26 51 84 91 105 130 134 143 171 192 199 205 241 251 452 480
31 93 98 101 130 181 182 228 258 301 323 328 346 375 437 456 471 480
24 35 50 124 132 160 276 279 287 299 350 370 372 382 390 412 420 476
8 15 19 30 112 115 135 174 230 240 242 260 278 351 439 460 467 492
5 31 38 59 82 88 90 100 118 189 268 328 399 424 447 453 465 480
55 134 160 161 170 173 199 203 205 270 284 292 297 327 331 365 435 488
17 27 56 72 95 111 123 127 157 188 210 305 319 340 368 428 445 479
36 95 101 119 175 199 248 279 289 309 352 397 417 444 447 449 464 467
21 53 68 71 88 129 141 189 247 265 279 319 322 333 395 418 426 488
17 25 27 52 67 72 78 90 111 140 167 172 213 238 264 289 371 487
6 18 35 38 59 68 85 95 158 171 245 253 324 346 372 419 440 451
8 43 57 73 80 157 232 296 340 351 356 369 372 374 454 460 465 486
48 93 152 203 220 239 261 266 269 272 294 299 313 319 339 352 392 495
72 74 84 89 137 176 199 262 269 338 351 368 395 405 410 444 479 499
9 24 78 122 135 182 254 284 288 307 319 342 394 449 452 457 467 472
47 115 132 140 156 159 164 185 187 248 250 398 423 451 463 475 495 499
39 40 65 81 111 117 141 152 160 199 204 214 256 305 377 452 453 481
52 64 68 142 184 188 233 270 278 291 301 307 317 348 371 417 471 496
4 34 35 48 59 94 122 197 272 273 300 316 370 397 408 450 470 491
10 27 49 57 63 90 100 165 221 237 273 301 380 387 438 490 493 494
32 50 64 65 72 78 147 151 251 310 372 376 405 413 428 465 488 496
7 10 16 23 50 84 204 309 322 331 332 345 353 378 426 455 483 486
8 59 60 72 81 100 139 184 204 263 305 327 342 365 454 470 474 488
37 44 73 77 86 104 105 130 162 205 233 246 275 334 364 365 434 486
14 20 26 94 168 182 213 220 276 293 349 367 370 434 440 460 461 489
21 70 86 106 155 161 171 197 200 226 243 254 257 272 367 368 411 453
60 85 98 106 124 203 204 216 345 347 359 371 377 404 416 469 495 499
15 17 55 121 136 200 204 205 211 234 235 294 309 354 401 414 443 482
88 113 114 118 134 149 167 183 198 224 227 274 313 323 337 342 363 409
18 51 54 88 133 157 160 184 263 267 298 315 328 360 374 421 429 492
6 25 56 57 108 114 144 149 241 303 306 345 350 406 410 438 440 451
52 61 63 115 214 226 227 243 272 321 343 348 394 443 460 466 481 492
37 46 52 60 74 86 102 162 178 206 287 299 331 345 350 380 413 487
21 80 114 125 171 240 248 249 253 281 302 323 330 355 363 375 399 466
14 32 33 49 77 101 151 217 252 263 281 310 326 343 383 428 470 493
30 38 67 96 120 122 123 142 175 185 267 307 308 377 413 431 441 478
32 65 72 125 178 183 192 222 239 240 257 270 371 384 458 476 480 488
17 52 122 146 153 188 207 233 239 258 267 322 343 352 382 430 455 481
27 112 116 147 148 166 175 177 218 273 276 287 297 298 387 409 425 478
129 157 166 199 217 250 281 306 331 346 353 361 386 396 423 445 495 499
6 115 117 163 216 221 234 236 248 260 268 278 287 298 378 398 417 453
67 83 96 107 114 115 122 131 191 207 213 234 269 271 299 347 363 450
22 37 45 56 97 141 164 194 208 306 314 315 358 372 388 416 418 494
123 147 174 176 213 254 273 314 329 330 333 363 366 403 457 459 471 487
35 36 50 93 255 258 318 321 322 353 358 387 431 452 464 485 489 499
37 42 67 99 103 158 164 167 202 213 227 255 267 280 425 433 456 477
1 23 67 120 134 140 150 159 192 308 324 328 345 364 404 435 448 473
1 45 61 72 97 159 183 184 221 224 253 330 345 375 422 435 439 495
17 45 81 101 133 139 168 237 242 255 265 283 323 327 362 396 422 430
38 51 62 65 142 160 187 218 250 266 273 296 299 305 362 386 402 435
18 51 52 89 135 152 166 176 247 269 280 282 298 321 331 341 357 489
31 36 54 68 75 110 114 149 245 306 324 327 340 350 357 358 378 402
15 40 71 109 114 139 142 184 276 295 346 384 388 441 450 453 460 472
4 10 33 46 72 96 133 172 187 207 217 219 272 283 315 333 438 445
20 23 57 95 97 130 244 263 265 280 292 293 304 352 375 378 438 441
16 27 38 105 110 114 165 170 245 289 300 318 387 414 457 476 477 494
24 35 43 67 80 83 100 109 183 195 199 214 256 266 281 349 414 451
60 89 124 130 142 200 202 203 254 270 288 298 311 357 371 393 423 495
16 54 65 136 158 196 224 247 248 289 300 309 377 402 420 442 469 490
11 12 41 51 87 103 105 119 136 160 180 194 213 225 353 438 450 493
36 72 89 124 155 161 245 277 278 306 307 334 347 407 412 422 467 488
14 15 53 65 83 99 179 185 216 257 305 332 373 384 417 435 454 469
4 6 39 71 82 89 91 113 126 154 274 285 294 319 370 391 422 445
86 110 129 135 151 162 189 228 238 243 253 297 342 353 359 455 461 469
1 9 10 13 21 33 47 161 264 286 289 313 329 350 361 370 390 395
14 57 72 115 120 122 165 202 250 279 282 294 346 369 382 396 476 489
47 107 115 180 216 252 269 349 370 388 403 410 411 428 444 446 451 483
6 29 50 76 83 215 252 270 294 316 335 349 355 356 414 466 471 492
12 15 24 77 87 114 130 148 175 190 191 207 282 286 394 429 454 460
68 119 139 144 159 170 179 183 186 237 293 311 363 368 378 389 445 455
13 34 44 102 145 157 184 215 232 236 274 376 437 441 451 470 486 490
33 104 152 168 178 189 195 216 272 296 303 344 345 363 405 432 472 479
47 56 62 125 137 167 210 222 225 259 271 297 299 328 386 398 460 498 499
33 40 83 167 175 180 196 257 260 338 368 378 387 397 404 434 435 458 487
3 9 56 72 111 112 132 152 182 188 223 235 240 256 304 308 372 381 396
2 17 48 88 96 198 258 274 291 301 308 348 384 409 417 429 446 463 489
23 47 86 154 170 172 179 180 237 279 283 367 373 380 396 405 419 424 444
36 58 73 116 123 153 158 232 257 260 265 302 317 327 334 362 371 384 433
34 92 127 148 160 164 168 209 210 263 268 330 336 357 379 380 412 471 486
58 105 170 173 227 229 240 262 267 285 295 297 358 367 386 412 428 456 479
29 86 101 112 183 201 242 252 285 289 325 336 363 425 476 483 484 485 495
26 44 110 116 120 136 200 206 207 249 263 272 312 337 372 380 389 396 482
4 23 25 118 131 137 147 164 174 200 252 360 381 382 389 394 410 458 496
9 22 29 56 77 109 113 160 164 217 218 284 298 377 382 399 434 462 493
41 62 114 129 155 163 190 208 253 275 280 309 325 346 414 429 432 449 458
7 28 48 108 149 177 196 203 219 229 294 320 356 359 390 414 468 484 496
45 64 69 70 129 174 182 196 203 220 256 304 333 349 368 427 444 445 470
17 22 27 34 65 98 104 137 190 191 208 224 239 267 268 344 363 373 392
25 97 113 158 206 220 227 247 255 290 302 308 312 340 342 380 391 448 486
50 68 86 95 96 147 190 224 251 300 305 313 315 347 415 422 433 437 442
9 24 32 45 49 65 110 116 119 124 160 175 228 255 370 399 420 421 454
20 49 241 242 264 291 296 301 313 325 331 337 356 390 403 454 458 477 496
6 27 31 32 105 119 129 174 176 180 228 303 321 324 355 435 483 488 494
1 13 22 91 147 164 181 184 222 234 244 247 311 389 425 446 448 471 497
14 52 65 98 152 170 179 234 277 289 305 357 367 383 431 437 451 459 469
2 47 74 75 84 92 95 119 126 152 242 247 263 353 366 406 407 428 468
31 43 78 90 150 165 177 178 222 227 230 231 238 247 260 276 366 375 410
17 31 54 61 100 101 165 189 227 228 238 247 293 329 360 385 428 431 486
6 21 48 55 89 99 120 209 263 276 280 282 303 319 405 407 477 483 485
11 18 36 58 97 151 167 242 243 285 343 383 423 428 430 431 433 452 468
20 47 55 64 103 176 223 240 247 262 268 327 369 389 412 438 440 468 469
10 23 74 88 99 106 171 232 243 257 292 303 330 380 428 430 470 472 495
22 34 47 68 84 91 127 185 191 309 310 334 352 402 445 454 476 480 495
17 25 36 105 146 242 260 306 338 355 390 398 401 402 431 444 449 480 499
25 31 67 70 74 139 199 205 237 284 292 297 333 381 407 414 432 452 463
7 15 43 48 147 152 169 181 235 274 275 291 307 358 373 434 442 445 477
0 8 9 12 21 23 40 42 123 151 167 205 250 282 284 363 365 424 463
4 22 27 31 118 126 145 148 151 154 185 246 264 310 329 331 432 439 452
0 5 13 21 53 60 73 81 82 177 219 266 277 329 343 344 459 482 490
42 53 66 88 147 152 161 193 212 225 239 281 282 284 316 357 420 435 442
22 30 46 65 80 85 135 259 302 316 317 329 332 363 364 384 446 455 464
3 26 44 99 123 137 159 213 217 225 246 278 282 294 332 333 423 437 443
41 56 75 118 168 204 207 212 223 227 236 310 344 380 447 459 468 473 497
19 34 46 51 64 76 86 131 171 173 210 216 279 318 325 335 394 434 485
2 8 163 179 198 203 205 216 264 312 364 397 407 426 431 453 460 479 481
24 34 68 93 113 134 145 190 232 257 271 275 277 325 373 405 465 470 492
38 71 80 101 110 200 240 257 258 260 292 312 345 351 356 414 444 447 473
3 10 50 65 88 114 180 206 231 246 251 252 294 302 347 381 394 485 489
25 36 44 68 71 74 103 121 126 169 177 183 217 318 383 434 442 465 485
14 48 50 70 91 119 164 246 248 268 275 319 365 373 397 419 482 483 487
31 66 91 108 125 134 173 221 247 295 317 326 332 338 395 401 446 459 486
6 31 68 69 78 90 97 132 158 177 242 279 305 322 341 414 431 435 445
19 106 135 150 160 207 231 242 245 247 257 258 281 346 402 431 443 477 484
36 88 132 134 135 144 159 165 176 228 240 257 267 292 336 342 389 455 495
19 44 56 59 113 128 143 209 239 254 263 297 299 322 342 361 362 398 458
20 28 29 88 129 153 194 270 275 321 338 341 370 396 434 440 450 460 496
12 26 45 57 71 172 215 227 258 274 309 313 345 390 401 402 419 455 478
1 3 8 39 46 82 87 90 180 190 236 297 306 334 347 349 377 393 397
44 48 133 178 181 190 201 224 241 260 272 324 329 366 376 410 436 456 477
10 17 30 86 159 205 234 275 302 303 377 394 408 415 423 428 438 451 457
4 18 32 96 108 132 137 181 184 194 205 209 272 331 357 378 439 456 479
6 22 52 82 91 118 132 146 175 196 202 217 219 276 310 322 358 430 448
3 23 55 58 78 146 148 207 261 289 304 327 329 349 354 382 410 443 476
30 67 84 101 106 160 161 165 199 201 214 216 246 252 275 337 396 413 442
8 16 115 148 185 260 319 345 375 382 391 393 433 448 456 470 480 489 491
26 35 61 87 100 156 166 219 245 305 317 382 383 401 413 414 429 451 472
5 130 134 158 195 229 239 251 287 328 339 408 440 449 454 459 471 476 488
61 71 76 84 89 175 176 209 214 268 309 320 341 344 359 412 444 455 480
19 43 56 114 140 157 160 218 258 295 320 335 358 364 408 410 429 469 491
37 61 81 106 140 148 154 158 237 257 263 287 290 293 309 312 348 378 424
12 26 42 44 63 71 72 116 135 145 216 222 245 287 321 326 367 405 454
18 28 58 60 80 81 94 108 151 198 205 257 311 328 372 382 443 467 475
3 37 52 74 92 137 191 208 224 228 240 284 303 338 377 379 391 431 479
3 39 40 54 111 121 170 188 224 245 280 283 329 382 424 446 463 478 482
23 69 96 137 143 181 186 198 236 257 306 320 325 326 336 353 366 466 486
6 47 52 64 92 159 161 221 232 234 268 326 330 332 394 407 410 443 474
27 54 75 99 143 153 155 191 209 227 255 286 306 386 407 439 453 472 481
14 57 83 99 121 180 182 188 200 228 253 323 325 402 403 425 438 446 457
57 72 92 112 147 151 163 177 183 211 225 236 243 254 330 428 439 468 475
7 11 67 71 102 117 127 149 160 174 184 197 308 321 332 343 441 446 484
2 27 29 42 70 73 82 109 177 189 213 238 278 293 327 333 397 427 471
9 10 47 56 98 112 142 165 202 213 249 272 336 337 346 382 430 433 435
67 81 135 165 203 263 298 300 321 343 359 363 364 388 395 403 404 433 441 484
6 12 31 88 89 121 143 162 166 174 201 213 287 308 382 406 419 421 470 494
4 16 33 43 80 85 88 132 134 176 218 247 343 356 367 368 376 398 411 469
14 56 107 119 127 193 262 285 293 315 341 363 370 385 392 449 456 469 490 493
21 26 28 32 87 127 145 167 191 199 222 236 250 298 329 332 359 405 440 468
12 21 46 66 184 195 251 257 260 264 271 292 314 334 337 352 372 381 417 458
13 26 43 50 93 123 142 153 231 239 242 253 324 330 400 418 421 429 437 495
23 29 32 46 47 152 156 172 207 208 241 312 333 365 367 418 422 423 461 479
6 13 145 177 257 271 282 289 297 305 309 313 332 357 382 400 420 423 426 449
1 3 25 79 94 128 160 164 247 290 305 307 325 346 378 404 443 457 466 481
0 5 26 46 54 64 73 98 117 121 184 226 306 386 398 419 439 445 448 493
19 25 41 55 89 101 116 135 219 239 243 254 258 316 335 367 388 408 415 492
5 24 56 72 83 97 142 149 163 186 190 207 218 311 335 355 373 419 451 494
6 7 9 19 43 46 53 56 82 238 242 243 245 267 325 335 345 362 365 425
19 44 72 101 120 137 150 151 163 174 231 267 287 304 307 401 443 464 470 481
21 46 55 57 63 79 121 143 146 160 166 180 183 189 222 246 265 313 367 369
4 13 53 108 117 125 142 239 241 263 307 333 342 376 392 405 410 433 457 459
94 97 134 154 195 236 253 256 270 318 328 334 347 360 366 370 391 403 445 490
0 22 28 29 47 61 154 170 191 201 260 273 305 308 324 405 451 466 474 499
5 46 62 73 92 107 109 140 148 178 181 194 203 236 257 285 300 369 434 443
5 11 28 38 39 61 88 97 106 116 137 146 186 209 223 327 336 337 403 457
10 27 77 112 113 167 169 203 269 300 316 318 323 329 373 384 405 440 453 454
5 50 96 112 126 155 190 191 210 233 247 248 266 268 269 280 310 320 376 481
20 54 77 99 133 135 148 155 176 199 204 209 283 308 354 365 400 426 470 483
14 55 82 119 135 178 233 256 260 264 279 289 330 340 400 411 412 445 450 452
69 111 117 137 159 174 181 200 206 238 280 320 323 369 370 376 417 455 474 479
4 16 21 26 35 102 110 111 131 195 220 238 259 308 327 360 384 395 484 499
16 164 221 235 251 253 255 283 292 362 379 386 406 424 431 436 439 443 457 475
42 131 166 201 215 228 242 252 258 267 299 311 321 339 366 372 395 412 416 432
3 94 124 138 141 234 251 292 357 358 359 365 369 385 400 413 422 462 485 494
6 8 29 41 49 67 70 106 107 124 141 195 196 208 301 317 371 445 467 493
2 34 41 45 59 133 186 204 262 282 299 301 308 328 336 347 390 459 486 494
51 55 95 97 107 201 204 216 229 252 306 325 345 388 405 418 423 444 445 472
6 22 31 46 50 51 97 168 177 206 211 220 331 344 376 386 405 411 451 460
39 46 116 148 151 154 155 159 177 186 190 244 268 277 294 316 398 453 461 483
26 60 64 120 134 159 215 235 247 293 315 345 366 367 401 402 413 416 422 440
21 40 45 82 129 146 190 216 245 246 248 249 298 299 303 337 361 382 387 443
1 8 20 84 87 142 150 157 193 239 259 314 328 352 375 381 421 432 469 485
5 56 87 104 145 150 160 187 210 299 304 313 321 340 399 418 468 471 475 480
58 74 88 103 106 107 161 162 180 185 208 224 274 284 295 298 368 415 493 494
78 137 154 162 179 180 221 230 242 248 260 273 278 290 371 414 422 449 479 489
40 77 80 96 97 105 117 157 170 175 203 217 228 236 354 368 371 421 464 481
4 29 45 48 83 109 149 153 156 202 263 286 295 307 322 345 400 442 464 481
6 65 70 168 172 260 274 282 298 325 326 338 364 373 405 411 429 438 460 469
23 51 61 64 119 121 126 141 142 149 166 266 280 291 328 351 371 447 455 484
20 22 59 84 91 97 103 114 159 220 244 253 288 313 324 332 386 431 489 493
24 62 66 91 93 153 157 207 208 209 213 229 268 271 314 325 379 419 450 496
10 17 21 52 56 94 103 132 189 233 307 316 336 356 357 373 374 385 410 461
8 29 62 130 183 186 235 270 278 333 336 361 395 400 425 433 465 476 477 489
23 27 31 99 104 193 220 236 245 254 257 261 283 302 309 401 402 406 410 473
21 71 81 87 141 191 202 256 297 301 310 316 320 330 335 344 348 410 421 470
4 34 89 104 160 167 198 207 236 248 264 291 307 353 374 395 402 464 482 498
22 70 77 185 235 247 249 251 317 318 339 348 366 399 402 405 418 454 489 492
19 21 38 41 52 54 88 119 140 164 179 205 279 301 353 406 421 426 465 497
37 59 92 128 175 242 256 280 286 306 349 350 377 412 434 437 446 452 488 496
3 21 35 47 54 60 105 112 130 140 148 186 224 236 250 253 303 320 323 356
5 8 20 64 146 148 149 175 191 212 232 234 265 267 301 347 391 452 454 476
27 50 73 86 112 151 170 213 214 222 256 306 314 326 366 393 395 422 440 441
12 52 101 120 121 166 178 180 185 197 251 312 332 392 400 403 417 433 466 467
99 101 112 164 200 203 225 232 240 267 310 312 316 360 403 472 476 482 488 490
1 21 23 28 71 86 115 125 127 164 181 195 210 316 318 377 390 440 456 475
60 65 73 91 151 156 169 182 236 237 238 240 251 269 316 331 343 394 419 452
1 70 78 89 90 92 118 175 180 216 219 230 236 249 289 292 341 352 415 453
26 40 92 116 154 163 213 242 260 264 279 283 298 373 424 436 473 477 478 486
0 77 104 110 140 145 178 234 239 253 265 277 284 310 321 344 386 403 457 476
8 46 62 70 73 154 187 196 217 235 236 269 281 356 364 380 415 439 456 481
113 138 140 153 174 212 213 229 261 264 276 311 341 359 370 390 400 417 427 460
54 57 82 104 107 116 198 204 248 292 293 302 355 382 395 399 404 438 446 478
61 96 111 143 156 160 210 246 247 254 267 349 366 435 442 453 454 456 465 487
10 41 44 118 137 163 166 169 172 214 259 267 299 300 334 362 379 403 415 425
37 70 121 161 201 214 219 241 264 287 307 314 327 374 389 403 426 450 470 478
22 23 76 98 165 176 182 192 224 258 264 268 322 347 357 403 455 466 487 497
4 9 57 80 84 96 102 109 124 166 168 170 264 272 285 329 336 445 475 493
107 115 203 214 234 248 264 270 275 277 285 290 291 347 353 367 416 425 431 447
16 41 43 58 72 135 153 180 191 194 273 276 327 351 353 380 383 408 416 465
4 29 52 64 77 79 100 171 187 198 227 230 277 350 420 437 452 466 470 498
28 29 101 109 124 150 211 213 215 230 232 246 268 270 295 331 372 406 417 480
2 4 30 118 213 214 235 284 291 294 326 334 360 362 381 401 430 437 442 498
67 104 113 159 165 166 175 222 244 268 290 320 327 348 372 404 443 451 470 491
9 27 32 45 136 152 227 228 236 243 264 267 272 298 302 312 396 413 467 479
