210 213
455 482
400 446
114 191
305 331
150 165
395 397
3 10
122 179
325 336
105 134
126 181
116 172
422 478
102 136
169 198
108 137
293 299
238 249
222 253
38 98
180 192
402 427
366 379
471 474
202 276
237 257
23 86
60 90
34 68
38 75
19 85
443 481
438 493
317 394
106 176
137 139
168 177
218 248
420 469
417 465
227 263
19 55
231 265
12 16
441 477
308 325
142 152
257 262
230 258
116 171
349 371
174 182
425 432
218 272
137 163
443 478
39 51
51 92
95 98
212 215
143 188
109 176
115 158
256 282
31 81
100 192
314 359
466 478
430 451
12 50
233 259
418 468
236 282
125 127
437 482
281 287
180 182
129 174
219 220
109 146
454 485
322 398
6 84
133 148
251 280
105 152
312 319
15 66
125 143
408 409
166 172
51 68
405 443
352 365
136 191
2 36
229 253
400 453
201 237
419 493
113 186
456 478
208 286
421 455
336 379
205 267
320 365
337 360
238 246
410 466
170 173
137 153
306 317
413 421
5 26
172 190
305 332
12 59
367 384
68 87
165 197
320 339
39 81
338 366
145 157
16 94
12 76
251 271
17 52
32 96
110 192
10 64
427 454
8 29
26 60
35 39
485 494
371 376
453 475
1 37
304 342
119 127
250 255
20 54
52 65
241 267
15 81
165 195
45 70
209 257
137 149
140 195
42 56
429 441
127 153
343 365
253 297
301 307
250 294
258 272
101 128
48 97
217 299
224 267
338 368
133 187
420 496
310 385
344 394
201 207
321 356
20 29
48 79
154 189
434 440
429 497
40 81
418 477
104 179
441 471
300 310
26 52
103 136
405 461
215 246
188 191
310 369
241 273
386 389
75 95
321 387
132 185
138 185
338 350
432 440
223 289
216 277
37 80
400 463
20 64
248 291
270 290
104 187
30 82
302 346
331 335
161 193
113 128
401 437
452 475
2 22
251 281
56 62
249 259
207 250
59 81
257 264
45 84
53 92
205 257
36 40
65 70
448 469
82 92
140 192
426 428
447 473
417 474
119 146
321 365
475 489
323 334
164 166
117 123
101 146
208 296
331 391
206 287
206 228
17 98
249 264
306 391
206 269
237 296
309 363
208 261
379 386
417 449
143 187
263 286
309 370
450 474
319 348
115 158
147 199
107 180
109 151
417 420
284 299
4 46
135 173
6 43
114 157
341 387
144 187
216 292
312 325
350 364
255 268
5 71
408 442
203 270
325 386
484 499
203 277
349 386
212 229
411 467
411 424
83 99
76 80
252 260
318 321
319 346
24 61
327 389
291 296
445 449
241 248
42 58
330 339
211 292
465 476
253 285
427 434
174 184
345 356
52 70
49 74
44 64 432
14 26 107
114 219 229
51 209 276
40 62 100
146 309 344
250 359 392
134 175 268
76 83 92
112 335 389
253 427 492
110 167 347
383 409 424
101 131 155
269 271 276
46 60 78
36 43 229
8 35 389
337 361 498
193 305 363
158 196 243
36 50 69
370 429 486
21 333 392
163 229 250
235 328 329
52 55 161
60 344 353
351 366 426
62 213 214
29 88 93
49 53 380
118 145 164
301 330 331
151 401 448
55 77 357
448 479 481
92 353 387
170 374 395
50 326 346
10 438 484
215 261 348
214 278 300
238 264 267
233 415 419
232 283 349
232 249 400
73 81 222
12 42 85
303 325 395
1 215 292
66 73 454
212 372 382
274 326 340
101 212 296
111 345 347
304 426 427
160 186 195
30 235 243
231 257 446
283 442 467
340 344 357
169 172 470
277 400 422
130 191 416
44 68 303
124 166 168
214 235 282
111 134 280
305 309 357
317 400 460
339 343 358
237 421 445
27 48 373
12 312 395
19 29 416
150 181 289
418 482 487
311 395 451
151 224 262
7 64 368
418 430 472
193 199 290
127 167 365
103 139 491
201 245 391
114 162 189
122 252 275
164 413 486
122 136 331
3 97 313
310 375 397
69 335 370
354 375 474
166 411 481
224 258 473
203 282 334
215 443 450
9 33 284
234 424 454
73 92 337
108 161 412
16 21 146
84 333 377
43 83 246
241 273 295
235 328 383
165 420 440
100 159 355
106 409 466
140 307 347
55 130 172
37 321 346
301 346 413
48 95 295
97 119 181
309 311 356
30 31 231
58 108 123
229 299 385
245 256 261
375 435 451
91 346 375
386 402 461
222 286 348
122 142 218
169 436 437
16 88 368
125 327 348
64 288 291
66 376 393
160 351 386
116 194 382
75 418 499
218 286 294
163 326 392
49 55 73
244 264 304
152 186 392
136 173 441
141 143 186
39 362 384
74 83 366
130 337 354
150 151 200
30 422 494
308 367 380
170 327 330
321 345 383
313 315 332
7 232 251
138 268 299
209 210 338
119 143 164
201 225 493
25 68 88
101 102 204
259 300 394
201 210 227
178 308 366
145 152 216
411 427 466
232 254 426
198 328 348
252 267 289
42 77 79
432 434 437
150 195 427
126 194 476
22 68 71
231 259 468
261 312 397
429 431 439
46 90 323
485 494 499
302 307 338
11 18 143
226 272 330
192 227 299
50 60 98
2 115 151
149 194 390
183 186 358
150 426 443
249 315 342
161 181 442
8 71 101
261 471 483
219 249 444
205 232 364
117 481 496
160 172 430
117 441 447
322 340 375
118 137 185
36 62 382
120 307 320
203 308 375
225 254 297
125 135 256
3 81 424
164 195 308
200 251 337
138 143 214
10 39 92
438 448 490
117 194 216
342 372 475
257 275 451
130 144 350
342 414 420
120 190 195
107 128 297
269 270 385
211 227 398
117 160 328
40 137 156
407 408 409
40 68 307
77 86 450
223 265 355
278 366 379
127 303 333
138 142 280
206 215 232
330 377 396
213 242 418
400 425 460
206 250 438
457 488 499
325 407 492
79 83 275
65 459 493
270 282 466
96 238 271
10 467 495
14 46 186
187 462 468
212 403 449
27 51 384
313 399 411
281 467 499
130 199 244
330 352 356
149 309 382
15 91 396
83 96 349
282 289 466
211 229 259
329 384 491
167 401 476
437 475 489
442 448 463
107 131 139
205 254 473
19 100 179
14 33 100
30 306 341
41 142 143
251 339 368
95 406 428
183 348 357
125 190 371
251 304 381
53 95 201
357 360 367
127 162 188
56 224 261
333 340 354
7 20 68
242 290 404
189 231 289
109 193 477
253 264 274
74 331 372
0 13 186
7 483 499
13 60 82
160 494 496
387 446 458
301 403 424
50 57 422
321 399 448
179 400 456
172 181 486
257 309 325
258 287 319
32 39 272
308 462 499
38 67 103
40 54 88
124 158 409
134 218 231
10 41 325
157 433 455
130 140 149
260 274 437
211 408 431
1 57 65
18 61 302
78 92 104 152
51 59 194 307
228 229 297 433
22 28 41 78
254 286 313 335
254 262 330 468
144 179 447 470
52 177 186 342
91 105 147 489
153 197 255 453
199 245 278 319
157 173 235 354
138 157 361 428
31 358 363 386
22 70 81 283
4 41 121 481
189 272 308 389
33 91 192 400
24 214 251 420
250 317 368 410
50 72 75 326
31 435 452 465
209 299 346 483
80 87 266 430
83 208 250 497
15 97 213 486
107 173 413 439
106 184 280 355
291 369 420 459
40 121 169 368
62 63 254 380
235 389 450 479
359 365 373 498
138 169 410 411
324 420 438 489
212 218 299 448
32 333 345 381
7 25 433 455
198 235 245 342
98 131 159 189
29 91 92 406
186 272 300 303
80 300 395 398
235 304 408 491
105 216 255 326
84 298 359 381
29 106 123 225
120 125 305 323
23 360 387 411
85 220 264 288
61 78 189 228
154 257 328 337
48 215 278 282
64 279 284 349
60 69 414 454
164 196 230 243
77 253 279 487
23 98 124 384
48 89 118 213
17 100 139 313
216 312 425 453
95 99 155 161
92 294 432 472
78 172 186 333
314 326 410 443
126 158 165 418
112 405 421 480
171 217 415 479
75 231 281 494
231 238 262 310
29 34 357 492
105 156 182 487
64 138 209 291
241 425 457 490
89 149 360 367
3 28 181 248
203 218 462 463
11 69 260 462
34 420 452 467
138 413 420 496
38 388 431 452
223 287 409 428
354 412 425 429
138 197 428 471
30 35 149 196
30 63 145 404
240 259 327 353
104 443 451 472
100 449 484 488
225 259 409 473
172 299 411 476
122 143 242 444
126 239 325 352
115 260 269 314
0 32 64 359
97 107 403 433
104 196 451 466
68 73 266 328
33 196 411 488
35 55 65 167
88 117 169 482
36 37 199 238
278 341 400 486
19 171 172 467
211 256 298 490
139 455 467 471
107 152 326 335
232 235 236 309
74 100 361 390
137 235 237 423
75 76 190 475
144 213 283 454
34 74 186 411
2 88 195 203
42 78 98 333
123 188 270 288
279 289 296 495
119 170 219 336
31 84 286 491
220 231 340 352
9 83 192 301
124 139 284 415
94 113 117 490
159 190 470 480
17 137 437 462
132 187 469 473
46 170 489 498
142 188 287 441
275 307 318 354
269 297 439 493
223 259 260 414
79 100 195 304
138 362 374 396
250 273 359 364
136 219 268 338
214 272 373 440
35 47 237 278
136 330 412 425
113 392 429 458
260 300 390 392
32 36 52 455
47 54 76 86
230 266 269 308
32 359 375 395
15 213 223 423
106 308 355 377
2 63 88 373
128 169 334 368
140 407 435 472
219 244 262 269
96 114 122 458
209 261 438 467
0 298 323 333
48 158 195 402
108 287 346 368
125 321 344 384
15 279 287 308
39 327 382 441
378 384 477 496
43 94 232 383
116 144 370 435
81 119 288 292
23 37 157 173
25 85 354 367
202 260 271 386
8 18 329 456
105 232 289 314
206 209 297 397
91 222 318 382
138 315 323 490
145 159 352 404
62 97 224 480
54 65 390 444
107 212 392 393
85 110 164 374
90 133 183 345
250 262 333 368
360 383 393 496
41 144 191 471
107 332 416 498
8 235 425 464
15 66 180 421
118 271 282 388
119 158 225 361
21 383 385 392
25 326 333 373
155 159 305 364
101 174 320 346
248 282 340 439
352 390 421 433
47 77 365 462
3 27 414 416
267 332 335 359
13 22 62 270
17 220 223 297
15 220 297 307
6 81 201 352
144 193 433 496
234 249 280 347
12 428 494 495
114 134 188 220 378
71 82 110 448 454
37 73 159 249 254
149 157 220 259 306
37 55 241 377 420
8 63 139 376 425
31 74 84 365 377
39 161 198 211 323
7 13 218 392 415
0 78 89 304 393
261 269 336 365 387
92 230 241 303 348
41 95 143 146 429
34 37 40 287 313
112 208 418 422 451
236 322 349 453 491
37 84 213 217 254
65 119 172 218 365
250 416 471 486 489
56 66 119 307 392
118 148 230 248 371
26 233 257 267 496
149 251 279 331 432
21 27 71 73 229
257 282 285 354 459
46 53 59 100 360
12 13 94 126 373
184 311 342 352 477
11 51 55 233 358
61 75 152 284 391
145 151 212 403 465
87 132 138 192 295
106 126 355 465 499
346 355 420 429 476
279 280 296 345 425
65 263 327 346 429
198 265 278 294 318
230 271 285 378 488
312 415 423 426 453
93 135 191 247 463
92 99 239 285 315
9 217 311 316 338
138 225 267 272 419
25 110 228 460 462
172 189 345 435 466
60 79 172 436 466
319 428 447 478 485
266 274 294 382 497
31 44 81 168 497
25 78 95 291 377
29 91 363 387 458
33 386 437 453 464
138 159 169 201 224
100 125 167 222 287
10 141 195 212 396
36 42 59 212 448
135 138 168 418 447
5 61 73 307 345
100 302 401 425 456
234 251 263 397 403
53 70 328 398 435
213 280 356 360 480
23 49 256 291 476
30 272 340 359 409
19 41 82 110 203
39 213 409 410 495
81 119 321 335 368
20 74 146 217 223
38 65 324 327 366
94 190 307 336 499
102 305 330 358 443
18 24 60 295 399
94 145 147 190 401
62 140 166 347 372
173 352 379 386 390
43 102 105 264 375
20 198 379 395 433
117 161 205 307 351
31 127 204 298 371
15 24 36 46 416
170 209 247 249 415
46 169 234 247 265
81 326 327 400 437
158 293 327 372 418
2 196 273 278 467
34 110 143 275 457
4 9 121 212 249
10 115 131 161 316
7 110 122 138 227
153 362 384 442 476
53 99 115 196 476
88 245 295 300 496
43 207 311 390 496
115 158 191 193 294
202 223 272 288 467
102 244 250 292 362
208 231 251 257 278
345 365 442 464 497
410 424 447 449 475
73 328 388 392 411
153 223 310 352 497
232 298 429 435 480
43 51 118 211 393
4 83 266 303 443
40 68 248 264 493
164 262 337 352 493
92 112 118 435 487
62 184 448 449 487
46 78 279 439 454
116 151 175 311 437
228 266 270 416 491
48 141 172 331 362
108 120 140 197 253
46 63 263 313 317
191 269 326 365 451
47 194 200 261 279
5 63 98 272 362
113 204 205 324 377
161 245 293 329 488
12 40 124 227 463
93 179 415 430 442
76 91 181 297 424
52 119 337 413 447
3 6 44 54 423
20 151 272 413 469
44 120 185 201 301
39 84 109 110 116
110 149 188 292 373
5 210 307 414 485
54 88 97 147 328
338 365 369 371 456
101 185 191 236 303
92 189 229 432 460
21 301 318 366 380
108 119 124 217 478
111 326 390 421 426
167 203 308 335 396
52 136 298 431 474
4 28 66 240 449
209 210 211 262 265
183 191 258 286 300
92 210 223 238 305
132 149 251 266 377
35 201 233 298 370
15 61 62 264 334
46 326 402 407 471
99 311 326 356 382
224 238 262 308 477
168 243 257 355 399
36 75 81 172 324
93 171 244 258 371
39 92 291 293 295
235 263 348 349 435
53 65 189 417 491
225 307 319 410 474
1 148 203 206 481
21 84 99 199 308
348 360 362 413 449
79 139 160 284 353
166 168 278 290 363
90 116 119 199 412
134 165 275 277 291
103 142 203 221 328
239 324 381 493 495
220 309 353 376 435
18 436 443 473 491
182 207 225 326 332
37 95 162 359 433
297 383 422 470 484
112 200 259 268 385
57 63 78 179 238
13 44 91 384 443
301 317 413 415 466
0 13 221 238 355
60 201 388 403 472
61 72 79 82 288
157 160 347 367 376
37 105 185 356 421
83 109 262 270 445
49 144 209 299 469
76 162 182 242 448
100 123 147 271 317
28 170 219 364 390
51 199 444 452 499
145 194 327 448 464
32 54 64 239 433
29 37 157 200 205
106 168 268 446 478
61 94 144 152 154
33 85 311 312 314
121 201 205 273 300
127 162 257 310 386
20 68 187 444 466
73 190 405 435 483
42 342 453 487 499
15 144 188 386 388
4 190 243 270 493
11 49 116 379 470
101 160 295 308 311
36 241 277 284 321
239 251 291 309 333 380
44 210 414 472 480 489
103 122 202 413 414 429
234 241 249 256 279 487
294 359 406 443 451 497
19 229 321 359 424 433
103 183 215 236 354 374
195 285 306 360 370 421
30 58 316 326 382 494
106 151 220 221 226 379
181 184 359 419 427 497
108 127 142 285 328 346
113 148 363 401 437 498
234 275 293 312 344 479
78 85 219 313 318 389
90 93 114 164 331 478
20 88 304 362 397 432
44 264 304 308 338 340
79 115 129 136 188 426
46 48 76 186 219 265
104 149 192 427 449 458
127 131 134 259 435 497
27 104 110 186 335 495
82 156 160 374 380 389
42 106 119 200 326 366
141 160 175 235 271 442
9 80 314 371 380 413
63 84 199 223 226 466
74 117 279 300 319 365
67 102 305 338 357 373
29 85 101 162 398 439
112 136 150 250 394 478
118 262 408 428 451 457
10 56 126 227 414 497
39 147 356 387 413 450
229 233 253 298 369 396
93 112 211 271 459 484
149 187 242 248 289 318
22 128 231 336 374 429
97 186 305 465 468 470
114 121 129 332 380 477
14 82 189 317 336 341
30 127 174 179 381 431
57 184 211 219 261 295
1 13 35 44 215 234
31 198 217 245 248 257
11 71 200 241 286 289
16 87 136 194 350 388
18 51 242 310 432 473
10 84 305 307 342 360
115 211 255 412 430 456
11 74 87 99 419 438
96 181 345 346 421 482
218 295 358 378 381 390
2 54 130 286 293 367
303 304 321 327 364 414
212 252 326 349 448 477
29 223 312 357 395 422
312 336 386 440 457 498
29 131 142 393 421 443
34 132 240 266 422 441
39 62 105 343 482 497
93 128 356 365 406 444
12 150 301 318 443 486
169 257 297 303 437 468
70 176 185 248 271 483
165 292 330 370 372 476
126 144 354 426 436 450
5 144 200 237 248 376
76 146 306 419 425 463
133 164 285 296 297 324
23 278 315 353 360 379
1 28 379 380 383 459
195 237 267 299 313 450
32 124 166 235 245 270
144 241 248 263 318 357
69 87 306 314 347 393
8 71 78 226 254 409
56 159 270 295 391 468
234 287 320 399 459 469
11 36 42 56 65 269
128 354 364 371 435 468
0 17 46 51 356 467
160 302 366 439 472 480
14 70 109 181 312 366
117 125 128 146 215 223
0 113 199 207 470 471
102 130 171 357 417 452
107 305 361 445 449 465
162 227 301 361 408 454
57 58 72 126 240 395
18 83 96 446 456 497
9 35 53 102 292 306
55 239 287 339 422 486
11 42 128 335 473 483
15 126 262 291 297 347
255 357 411 457 478 493
27 219 288 298 392 408
88 97 282 357 439 463
31 34 119 226 362 382
25 123 148 157 279 350
3 104 235 298 465 480
228 277 281 284 346 396
148 167 180 239 406 423
5 6 10 77 98 160
125 160 168 182 298 330
244 315 357 422 472 496
68 192 270 338 345 446
160 326 345 358 383 425
47 163 185 273 348 375
62 153 230 432 442 494
8 132 179 241 294 434
21 26 97 384 391 416
159 183 331 360 408 498
131 212 218 267 277 282
153 185 228 238 297 397
121 178 225 270 295 473
108 245 255 386 404 492
17 311 390 411 442 451
101 183 262 276 309 367
145 230 253 293 411 476
176 210 222 367 437 451
214 292 294 405 436 496
47 95 267 270 277 307
12 409 412 436 461 481
12 65 102 153 305 440
6 8 32 33 319 350
2 66 255 311 335 449
0 101 203 332 333 376
90 217 268 406 424 427
117 152 162 269 279 294
204 247 275 293 353 397
103 120 198 299 430 491
209 222 328 343 376 489
58 70 111 183 319 395
19 22 35 86 231 375
16 26 141 169 196 230
134 204 212 213 246 472
44 104 143 173 341 381
51 52 70 190 360 382
119 185 254 407 454 481
175 262 377 393 440 442
98 210 257 412 455 489
176 191 257 296 319 426
18 175 201 276 327 337
88 175 272 277 279 365
107 193 207 222 235 254
6 20 96 186 370 435
42 108 243 321 343 344
64 156 159 190 286 456
57 258 291 346 348 417 480
23 58 110 117 230 271 441
8 27 73 149 165 236 451
105 165 170 305 343 403 404
45 106 137 434 463 485 487
3 113 125 275 391 452 472
61 70 214 263 315 366 454
37 38 160 371 375 440 463
5 34 166 185 283 400 480
61 69 138 262 445 457 474
57 97 157 161 291 402 472
32 109 164 169 211 265 340
189 312 418 426 484 492 493
56 73 145 170 226 280 409
152 302 303 327 415 480 491
120 281 298 328 385 421 460
12 38 252 295 422 424 445
42 113 194 219 291 302 494
62 74 78 185 224 451 476
14 90 118 120 259 317 478
110 136 167 175 177 334 379
24 62 152 417 432 455 461
74 130 187 304 310 336 360
63 87 146 220 268 309 354
63 127 142 220 236 309 322
88 131 160 196 197 272 283
7 24 46 137 220 260 275
109 302 313 321 364 416 453
52 54 147 162 321 454 487
201 243 276 356 386 391 401
60 230 359 360 372 410 436
10 28 69 81 174 244 256
45 131 181 189 373 403 475
45 203 215 274 280 419 432
92 112 119 138 177 182 473
1 23 277 301 307 449 495
51 62 76 119 171 194 373
2 41 87 179 416 458 486
144 165 167 188 212 332 343
51 212 259 327 341 399 417
24 61 126 322 358 412 427
128 132 161 379 418 450 482
30 48 57 88 137 176 243
12 72 302 327 333 374 409
15 94 231 268 279 312 314
38 40 43 85 98 130 411
20 56 131 265 305 465 499
38 253 288 346 349 383 412
16 175 194 265 372 391 439
13 136 160 239 330 437 453
92 166 205 400 455 458 464
6 28 43 227 289 318 444
0 18 46 178 336 368 435
0 47 84 122 222 229 497
107 136 149 155 377 397 456
121 160 219 393 407 484 492
63 107 116 169 383 463 465
30 118 140 175 253 488 498
43 156 215 277 376 468 470
60 131 333 348 392 395 456
194 218 244 294 297 318 383
31 60 66 162 169 219 435
25 112 129 272 336 353 364
1 126 197 203 240 331 466
69 118 208 268 290 325 347
26 111 124 130 132 246 249
47 79 115 201 224 252 339
40 143 308 340 359 392 414
1 62 75 254 317 321 357
19 76 105 159 174 230 488
4 71 81 108 184 235 352
170 172 199 245 406 408 426
10 39 55 218 363 370 497
36 121 236 295 302 351 490
37 50 121 180 436 477 497
14 20 55 77 122 265 279
8 23 32 105 109 356 401
2 77 158 219 248 299 477
215 302 323 330 358 384 495
157 246 389 426 467 479 488
116 184 237 291 296 373 393
96 98 114 315 361 429 479
11 51 244 270 274 417 477
264 267 327 330 338 392 398
85 122 123 171 223 259 296
107 149 207 215 340 417 480
41 175 198 362 370 380 387
5 56 124 125 192 205 259
77 160 281 335 417 459 476
234 242 297 332 344 402 433
141 226 308 330 369 391 397
47 86 94 290 370 445 486
118 246 303 344 391 396 492
160 244 273 275 388 469 484
51 56 69 124 230 301 394
10 73 292 363 410 453 495
31 133 281 283 304 354 382
32 250 317 398 401 407 485
87 113 228 239 244 330 419
9 134 196 251 313 315 494
279 299 315 318 369 398 423
23 44 97 227 253 313 384
84 99 100 194 243 452 477
109 120 129 136 206 247 274
40 305 320 367 407 426 487
21 85 204 244 278 323 445
29 103 131 341 351 434 437
73 77 278 317 363 430 492
63 109 265 298 309 358 479
135 143 157 171 184 347 446
50 53 67 70 182 381 433
105 168 176 196 219 234 298
61 87 93 351 393 469 475
18 42 52 212 316 359 488
55 144 215 227 290 310 370
77 189 247 257 357 381 416
89 123 155 229 274 330 463
141 274 364 370 397 398 452
60 145 175 349 408 412 432
54 72 99 166 420 473 494
48 95 225 279 300 319 461
20 78 124 132 288 347 372
102 139 191 265 325 333 342
47 216 223 229 289 423 427
98 139 236 289 298 300 311
52 57 193 328 436 464 483
38 64 67 73 189 228 353
30 40 44 57 143 156 232
65 102 113 147 183 186 248
57 67 184 212 261 312 491
64 89 191 212 253 277 381
10 26 51 57 85 192 444
27 142 240 257 306 387 443
49 147 194 210 311 321 446
62 137 146 184 235 315 414
76 78 87 100 207 270 297
263 273 318 330 359 377 419
78 129 179 192 246 310 335
0 176 247 420 439 467 493
69 113 151 271 283 298 409
12 59 83 173 263 319 348
207 277 308 336 404 405 475
43 200 223 249 256 291 347
104 117 124 236 286 383 459
112 127 358 404 438 460 487
18 38 138 155 182 184 451
17 71 136 223 324 358 410
33 48 112 238 277 371 473
108 185 241 243 359 417 423
107 132 136 271 288 332 463
105 184 188 196 284 408 438 490
3 18 196 225 263 434 480 499
19 31 106 280 382 386 412 469
73 148 252 289 317 353 387 428
29 37 186 222 237 324 363 451
70 135 138 179 298 361 372 471
2 13 183 213 215 277 414 460
21 23 25 72 80 109 236 455
100 141 144 187 276 316 435 454
71 78 79 104 198 376 415 456
9 11 87 94 185 357 484 494
66 115 307 366 368 427 430 437
113 208 289 300 321 465 470 487
32 83 314 368 466 472 477 494
2 5 27 91 99 114 122 340
136 185 226 258 378 380 429 480
91 138 179 189 233 387 391 448
13 93 241 388 397 414 419 498
47 73 134 190 277 352 378 453
28 34 151 155 164 345 357 382
1 25 162 197 208 284 439 486
20 154 216 281 318 340 343 449
70 79 127 175 218 232 283 383
8 9 47 89 146 147 177 191
123 241 326 344 359 369 382 478
23 56 124 207 231 253 392 484
104 122 192 223 288 345 407 495
130 136 164 169 193 200 365 432
10 95 234 258 312 340 346 384
34 150 230 296 313 367 433 461
47 56 94 268 403 416 435 489
12 135 176 228 314 393 396 419
0 123 136 172 193 282 396 458
76 150 168 310 436 449 462 478
19 58 64 93 94 281 310 394
76 119 170 193 205 255 415 462
17 52 202 221 252 258 341 427
161 173 236 238 275 305 354 369
108 136 222 336 432 439 443 464
34 52 63 149 285 360 368 416
6 84 143 144 198 372 388 491
11 31 64 360 382 388 391 496
205 228 293 300 356 410 452 484
22 38 186 194 296 301 367 378
41 151 177 288 297 365 430 438
33 49 67 401 415 447 456 459
3 42 267 299 374 399 413 429
88 129 141 311 338 385 446 454
266 336 360 404 420 429 473 487
39 45 82 83 186 312 370 495
2 26 58 90 125 161 396 435
84 194 195 263 370 390 454 458
1 101 169 349 365 436 437 462
37 50 102 104 116 296 402 456
66 140 153 160 196 351 397 432
22 123 126 147 156 170 398 426
52 55 91 101 133 156 243 250
18 155 161 173 346 348 375 436
2 18 59 81 244 256 331 481
27 108 157 225 330 437 452 495
18 57 64 126 135 202 265 485
171 198 218 267 353 359 457 473
53 88 146 160 178 208 280 345
7 27 110 187 198 213 390 394
4 49 77 85 99 149 215 305
120 231 265 290 354 386 402 492
350 405 417 420 424 439 447 484
104 198 213 275 292 337 367 397
109 166 177 218 288 334 335 341
6 171 243 290 299 372 451 498
8 75 76 248 268 329 412 416
14 24 112 265 277 303 359 368
93 112 134 260 342 361 431 433
119 141 280 332 333 437 470 492
60 85 197 311 388 412 417 492
24 84 90 159 385 414 424 432
52 159 309 343 347 379 404 469
60 74 119 285 303 316 340 466
116 154 222 308 355 364 386 444
100 139 149 220 291 382 443 447
67 99 152 192 226 259 266 409
21 46 121 229 268 311 378 393
38 42 58 144 215 377 390 468
117 156 160 267 338 368 375 442
209 242 262 269 273 343 364 466
132 202 209 251 257 357 387 447
76 159 201 216 267 327 366 471
21 117 130 167 213 283 371 445
54 72 109 121 229 280 354 405
6 65 67 120 131 188 254 411
39 150 232 236 295 319 401 473
0 29 177 210 298 315 495 499
61 130 251 261 318 351 366 374
85 110 126 177 234 354 386 419
2 85 159 208 258 364 381 384
33 73 138 180 193 283 327 463
32 159 322 334 336 340 371 488
8 43 50 178 293 401 423 428
134 180 276 365 426 432 459 469
51 66 89 104 172 225 278 478
6 40 116 214 242 301 327 353
43 238 247 291 353 402 446 489
65 106 156 297 326 353 420 431
20 25 58 68 130 303 422 434
4 102 126 188 454 469 475 489
39 173 258 262 288 442 448 456
52 152 289 333 373 389 399 442
84 85 165 181 360 383 427 438
3 11 59 188 208 394 408 496
7 25 37 104 107 195 200 260
2 5 34 53 388 418 453 484
18 63 101 189 316 351 379 402
59 76 117 135 206 210 478 489
109 161 188 336 360 364 373 498
131 172 180 261 307 350 379 388
128 188 240 343 400 401 424 451
233 256 265 271 310 318 484 487
11 25 108 228 269 338 350 376
12 62 209 284 329 402 412 452
21 57 205 210 232 341 346 387
15 29 63 82 114 127 288 474
111 147 208 241 283 381 421 491
21 29 66 111 165 275 336 480
21 100 122 181 182 184 339 344
2 142 149 223 250 273 424 475
32 98 127 217 266 299 380 406
23 51 129 240 319 346 399 426
24 33 47 120 277 281 308 452
18 41 150 175 213 296 425 485
176 219 275 280 325 348 382 389
15 47 59 114 125 195 207 223
51 232 266 350 355 387 403 411
17 21 35 56 60 77 337 410
119 225 295 381 449 465 481 492
25 27 102 157 230 351 355 362
25 35 53 120 133 263 337 370
74 77 108 113 217 228 377 428
119 123 148 226 229 280 345 365
126 203 212 246 270 392 431 437
33 42 213 262 284 377 480 493
0 163 303 309 320 399 434 454
89 144 215 334 404 412 414 424
31 34 54 67 112 130 200 299
114 127 140 245 275 346 410 426
83 136 169 183 208 360 396 499
6 75 100 142 217 240 418 464
36 128 144 174 196 272 304 307
15 47 176 183 325 376 377 449
0 52 124 173 248 297 350 384
184 213 233 285 298 306 424 460
19 144 218 263 308 322 337 398 493
54 70 72 177 207 287 339 343 390
28 101 118 170 185 287 447 461 470
122 155 162 174 250 302 459 483 493
53 71 137 247 275 293 314 337 343
4 22 36 70 97 148 309 316 327
21 48 79 226 232 261 311 323 380
96 101 104 136 146 248 252 308 479
1 95 290 344 352 359 371 437 457
122 142 163 230 385 397 406 419 477
60 109 240 250 254 330 335 425 435
41 176 177 259 274 351 358 384 419
67 96 174 193 252 284 411 414 448
3 41 80 97 104 133 149 184 358
18 74 106 131 234 311 335 345 448
145 194 197 230 261 327 331 340 471
85 127 134 155 169 181 222 325 366
11 41 51 112 114 184 253 414 466
113 114 126 154 279 357 392 451 493
63 96 108 110 118 164 220 276 327
14 229 248 430 438 472 477 488 496
42 74 82 129 203 219 291 346 363
3 51 54 63 332 373 420 444 446
18 201 210 239 294 301 309 423 477
2 4 35 131 202 240 257 289 465
28 76 81 137 243 284 384 478 490
6 42 75 101 210 338 372 396 401
234 239 275 314 316 354 408 412 438
12 27 84 142 280 362 403 416 489
32 51 92 130 134 213 320 408 452
17 53 57 200 240 247 249 270 369
13 18 71 148 338 417 432 479 497
21 73 104 183 306 310 448 454 489
37 66 180 208 220 287 359 398 496
104 111 271 322 358 397 416 461 474
81 91 144 156 183 253 284 483 497
84 107 162 187 254 261 367 444 453
14 35 50 99 209 232 253 419 423
31 33 183 206 344 368 374 488 490
80 256 287 305 332 394 403 434 464
40 180 280 346 380 452 464 482 484
26 65 142 304 349 422 462 476 484
7 57 79 119 205 255 338 361 378
69 71 221 235 277 278 435 479 494
51 68 79 160 183 227 330 364 375
22 35 100 108 197 316 318 452 470
58 182 185 186 235 266 289 369 474
8 149 253 270 421 441 465 492 497
106 121 156 160 318 321 349 394 430
51 62 118 148 208 211 276 390 415
168 205 233 258 320 366 368 369 456
100 133 142 192 273 439 444 464 483
107 131 244 250 308 316 473 486 492
6 129 187 203 341 396 406 411 479
7 29 68 80 101 133 267 427 441
2 55 76 151 183 318 460 473 491
46 53 58 60 83 326 408 435 481
251 279 299 301 327 360 366 367 425
25 27 133 140 188 233 256 359 421
53 99 215 230 304 413 443 444 461
21 55 110 119 148 156 231 272 413
24 49 72 296 322 329 341 435 458
3 35 60 93 104 196 239 324 447
52 129 140 169 171 184 218 315 371
60 84 147 154 297 349 361 371 385
73 80 194 229 248 269 362 407 456
32 66 101 215 220 310 340 391 474
41 147 258 363 378 423 424 460 498
2 42 183 185 372 401 462 471 476
66 158 162 254 334 403 425 466 470
45 83 84 101 164 273 298 322 326
63 69 86 191 247 276 417 422 445
193 248 283 332 362 403 418 485 497
54 69 92 199 222 277 343 367 402
23 166 172 354 357 380 389 401 417
87 122 185 229 248 253 372 488 492
2 55 69 114 146 233 308 358 424
39 47 119 191 241 245 283 360 404
23 50 76 103 203 225 254 387 471
49 64 167 179 188 369 371 380 470
26 29 49 121 128 169 243 295 365
41 43 94 232 278 316 363 406 483
93 114 140 162 180 276 396 444 477
84 215 224 241 248 282 306 475 479
25 38 95 166 286 326 351 358 361
36 44 46 61 89 165 310 402 485
18 35 86 87 165 209 239 346 455
10 65 81 174 205 229 269 355 441
64 201 274 289 293 312 340 405 491
15 59 205 224 263 264 349 404 409
46 95 143 247 299 441 475 478 482
67 91 189 242 246 250 268 272 443
192 253 260 279 281 282 302 328 359
10 20 21 31 82 302 340 347 352
56 58 73 222 271 383 395 412 491
0 6 33 41 76 81 87 241 493
57 67 176 343 423 431 470 478 484
240 260 269 313 316 392 396 412 457
57 131 239 249 256 314 335 346 488
36 158 296 305 320 322 407 477 478
11 64 86 103 158 301 347 462 494
234 250 287 299 308 338 341 367 388
20 55 115 179 252 361 395 457 469
39 175 204 379 432 470 477 481 493
40 111 282 283 290 389 406 421 462
2 141 152 201 205 208 371 415 444
8 21 99 123 341 383 385 430 496
102 157 197 365 402 430 437 485 498
93 134 171 290 294 312 482 486 496
64 127 162 191 268 316 326 339 345
12 93 96 147 200 210 241 330 339
117 153 154 179 203 216 242 260 292
15 40 50 65 131 157 276 408 480
7 104 251 269 296 385 410 431 482
130 136 193 259 261 279 329 341 482
122 165 254 322 346 374 385 409 449
29 36 77 166 218 310 313 417 420
65 71 135 148 157 268 291 300 333
90 163 184 197 236 311 326 404 427
31 156 184 186 377 409 439 477 493
24 29 127 159 177 339 398 463 498
28 105 227 293 312 364 393 427 493
33 35 177 287 309 397 407 409 454
71 146 189 192 230 250 361 487 491
35 171 210 283 301 433 476 485 490
125 148 184 305 320 334 360 375 446
10 46 56 106 117 159 394 411 430
252 281 332 335 341 366 405 444 469
75 106 155 157 210 233 312 408 467
80 198 280 365 405 407 432 437 450
45 74 97 144 163 206 232 347 421
29 160 305 314 364 403 432 450 456
20 54 57 105 124 134 180 228 367
12 24 73 173 191 235 264 406 452
28 29 86 94 129 350 379 390 399
11 53 121 193 236 277 357 386 449
29 33 49 56 93 108 179 180 282
153 166 190 269 315 380 388 437 489
103 292 315 377 390 437 448 460 491
4 104 129 167 187 191 442 451 473
109 115 157 179 233 234 330 337 352
0 108 178 198 222 233 328 351 409
0 18 27 32 382 437 456 466 476
57 76 99 153 251 272 309 439 451
41 80 134 258 275 282 365 372 439
131 171 192 221 302 306 312 343 459
46 208 239 273 278 351 366 479 493
8 49 108 173 175 259 427 433 447
39 49 323 401 441 442 474 494 495
19 57 76 101 113 216 261 396 452
38 127 311 322 345 364 372 413 431 478
55 98 130 132 181 237 310 409 428 439
1 17 77 94 235 309 405 441 467 498
84 211 223 236 324 334 397 436 468 484
49 126 272 313 324 343 344 351 398 448
52 128 150 177 203 225 295 389 413 499
151 241 258 309 392 415 419 420 480 494
60 113 178 181 240 297 308 425 446 472
6 11 47 77 150 279 343 438 479 493
1 77 135 162 174 186 217 322 349 472
2 3 66 143 157 176 285 326 327 391
36 115 116 135 140 310 329 373 388 449
6 67 120 142 229 307 396 405 426 459
36 159 223 226 235 254 350 375 415 445
95 112 202 256 302 310 358 391 457 479
49 57 64 115 146 181 225 241 327 417
56 191 255 276 315 338 350 461 464 491
62 113 129 229 311 341 357 408 446 492
8 27 68 111 125 152 197 220 439 467
23 139 234 249 269 343 392 412 414 436
117 205 225 234 283 296 398 426 469 481
25 50 249 255 257 322 360 393 423 460
0 16 31 232 253 260 274 433 462 492
5 20 39 57 171 244 369 427 461 482
19 26 63 80 86 145 210 400 474 488
73 113 124 132 139 146 404 420 436 468
98 139 249 299 306 317 326 430 461 477
59 215 259 299 312 319 338 412 420 486
12 50 66 80 82 142 206 247 413 490
28 46 137 143 231 235 381 388 432 445
48 49 91 98 115 159 208 231 364 384
20 37 52 130 176 216 273 275 459 495
3 91 158 239 244 306 315 354 415 487
3 55 122 272 381 386 405 423 440 495
22 116 140 238 251 265 328 358 419 485
21 22 45 143 179 234 283 339 358 492
124 148 150 169 215 277 283 315 421 472
11 54 57 75 99 131 150 174 185 187
11 47 160 290 329 338 388 464 491 497
21 22 31 131 243 297 307 378 397 414
14 70 209 230 279 287 314 452 462 491
23 101 119 138 298 346 403 433 435 491
1 97 130 189 289 332 335 349 358 384
60 117 140 141 152 237 283 321 398 412
28 93 129 160 263 318 337 414 427 441
60 136 146 209 219 236 250 300 308 484
8 19 20 88 170 184 211 303 326 405
75 167 258 275 364 411 412 413 486 495
18 68 262 268 282 283 289 297 374 404
4 139 151 169 219 224 302 310 433 448
107 108 131 217 301 305 328 335 350 409
8 63 101 347 355 418 430 438 470 490
59 124 151 178 211 220 223 382 400 413
6 25 50 84 89 96 209 277 314 439
29 48 87 134 150 155 188 305 318 320
109 163 179 190 214 272 295 300 422 463
39 60 92 180 257 341 373 394 486 490
292 329 335 338 352 423 442 475 477 497
8 20 43 56 71 76 136 464 478 485
154 155 157 233 280 311 339 455 473 483
88 104 123 135 149 173 182 292 332 448
30 55 87 131 157 190 192 220 256 399
59 85 173 184 189 417 475 477 481 499
80 116 135 164 240 327 367 455 464 485
46 94 175 215 231 246 282 350 364 467
2 22 48 122 176 214 220 225 254 325
38 41 208 268 329 343 409 415 464 467
27 28 61 187 203 223 298 330 393 397
14 26 93 205 215 337 344 391 479 490
49 63 134 244 264 341 372 393 418 464
4 75 146 175 202 270 273 306 320 367
9 21 101 139 252 254 352 428 442 485
123 135 179 253 273 368 373 421 424 462
155 181 187 223 228 229 311 359 390 420
52 87 139 155 164 193 225 253 414 465
15 39 138 141 145 154 186 287 374 484
3 14 38 59 110 136 175 186 393 442
48 69 73 240 244 284 289 304 326 437
17 63 136 297 307 332 336 363 377 428
1 34 47 83 94 214 343 395 462 483
32 79 152 205 207 211 304 363 379 401
140 192 259 296 304 335 370 402 410 446
0 32 63 72 86 121 194 338 387 454
13 31 87 210 327 328 329 331 406 453
100 199 224 247 354 366 367 398 456 473
35 50 62 80 107 277 304 396 455 488
79 199 325 408 412 421 422 444 453 468
62 110 181 232 247 274 303 361 431 490
23 188 217 218 300 329 442 455 489 493
26 28 36 164 168 231 256 276 307 388
23 71 111 165 178 246 421 428 435 458
145 298 333 338 379 391 403 479 485 494
21 29 45 83 128 252 319 344 350 436
67 103 183 220 360 383 399 429 462 464
5 7 22 73 81 88 106 204 401 491
66 96 123 144 153 157 183 387 454 462
13 35 70 148 176 201 220 224 260 418
158 208 210 214 217 269 338 341 363 406
45 52 74 138 161 185 228 405 415 444
33 239 245 256 285 332 346 414 447 470
25 84 110 116 138 232 367 377 422 434
75 116 174 176 196 340 379 387 398 476
79 129 130 131 139 205 272 414 437 482
15 30 104 114 122 150 246 421 480 483
39 105 165 217 251 263 435 438 447 475
50 118 135 254 311 348 351 394 448 458
13 27 42 77 98 202 214 413 471 483
115 174 242 253 288 302 318 324 337 460
16 32 210 249 255 269 300 303 384 411
59 135 163 165 273 312 431 461 493 497
68 85 160 228 390 420 430 486 487 488
130 134 144 224 266 267 276 323 441 452
5 75 86 98 102 112 184 344 436 466
63 104 109 114 169 288 291 315 458 476
91 221 246 306 322 330 358 437 450 461
27 108 166 184 190 228 281 395 417 460
31 41 77 152 204 234 310 454 457 458
1 162 226 260 321 332 368 402 462 477
32 51 82 120 137 139 232 235 268 428
17 67 136 179 281 340 373 394 476 497
15 26 39 135 136 208 277 388 455 470 491
8 109 291 315 317 333 391 398 463 475 482
35 65 71 87 142 283 291 313 353 475 484
14 63 91 121 149 243 384 404 405 460 468
28 68 102 104 200 206 284 351 364 401 481
66 95 108 133 148 157 170 183 246 493 495
9 32 303 322 345 376 429 430 437 462 486
1 4 12 91 94 223 246 258 328 445 449
5 8 28 47 132 140 146 348 412 413 469
96 144 187 209 222 229 255 383 427 429 460
51 92 112 171 196 329 358 368 379 406 479
7 34 57 71 73 93 170 303 366 476 492
85 141 206 361 378 379 400 413 415 441 487
23 26 93 109 144 259 280 310 325 361 388
91 104 163 169 221 241 321 387 425 485 493
71 109 138 275 308 312 317 411 422 451 471
48 50 60 108 135 221 314 386 403 449 452
44 113 122 170 209 240 269 345 373 485 492
175 182 183 201 204 225 234 254 344 389 419
8 94 101 115 150 181 193 230 305 324 367
2 40 41 83 129 208 221 252 310 319 448
11 13 19 78 89 176 311 338 349 374 471
10 57 95 122 157 176 193 240 278 283 328
36 51 61 71 73 150 158 247 283 341 493
19 29 125 223 227 269 275 396 441 474 493
6 23 132 141 231 259 305 315 322 456 486
56 217 264 268 284 344 352 403 424 431 442
63 75 120 170 172 234 292 304 372 475 498
3 77 159 276 308 312 323 331 351 394 463
122 162 164 187 204 280 326 414 425 437 484
110 148 163 212 242 246 403 418 428 465 486
33 48 153 194 206 251 302 408 445 461 475
12 100 146 199 204 208 250 251 345 440 490
91 96 149 183 214 221 222 359 362 391 491
126 132 160 209 247 249 260 285 349 357 419
2 29 77 149 151 246 268 294 329 356 456
17 30 35 81 109 116 135 143 194 259 395
47 57 62 79 169 180 189 202 401 438 454
41 80 98 163 164 315 424 425 457 467 472
41 72 104 128 200 243 369 405 482 490 493
107 133 164 201 258 279 337 366 371 390 407
37 94 112 122 185 234 259 322 325 392 423
88 89 92 154 226 253 333 345 347 410 454
47 94 111 128 133 207 214 245 351 369 433
8 11 83 163 197 228 346 367 393 396 493
57 72 81 84 85 108 218 228 251 281 396
86 100 178 225 250 252 374 402 436 463 495
15 18 69 159 199 201 204 234 407 451 457
32 49 150 171 179 213 227 305 430 434 499
20 52 61 119 163 168 194 304 306 430 477
11 131 253 290 301 318 374 382 455 481 487
16 46 47 60 73 81 116 118 294 373 419
112 116 178 197 231 235 288 335 409 458 476
10 11 42 45 51 58 130 177 219 315 373
6 24 69 183 219 309 333 364 462 466 493
18 55 121 333 343 360 366 404 430 457 496
25 54 90 289 291 352 364 449 458 476 499
93 105 115 170 198 405 406 430 452 460 470
69 109 118 171 247 274 395 424 444 476 482
18 25 117 131 134 186 200 241 430 455 495
76 153 177 195 200 228 317 321 323 337 381
8 62 116 121 168 204 268 291 410 413 452
146 200 201 211 260 263 283 309 389 451 472
25 83 135 146 264 326 327 379 394 395 400
74 124 220 266 306 343 363 437 455 464 466
7 36 71 110 212 236 298 334 371 426 463
34 130 164 196 283 298 319 320 438 481 491
57 121 124 286 331 385 399 401 407 446 491
0 2 35 45 102 141 254 265 270 325 378
57 77 97 269 314 318 388 397 447 465 491
8 14 17 18 67 130 320 352 359 415 474
41 66 105 146 212 274 328 353 363 377 490
36 181 191 258 285 300 356 369 426 427 499
38 48 107 142 211 298 299 327 332 442 475
20 121 153 195 210 212 226 327 389 461 478
24 35 44 128 225 242 261 298 333 347 459
20 83 84 110 180 315 368 398 423 450 460
6 17 21 101 108 136 200 211 257 283 432
24 70 263 275 301 342 344 374 437 480 488
36 49 51 78 83 139 180 199 231 308 460
11 19 106 169 194 222 223 238 294 368 451
62 134 216 250 303 313 340 366 389 410 471
99 158 201 223 297 349 352 355 430 447 468
2 48 65 75 103 179 219 362 432 474 477
77 135 163 173 184 214 240 319 344 354 394
30 42 65 95 117 129 346 360 431 479 489
15 47 59 102 118 123 185 197 220 237 293
91 173 229 329 344 367 397 423 426 438 458
129 147 246 260 264 272 364 419 443 463 486
120 122 174 213 254 258 281 324 336 433 455
3 20 67 100 168 228 310 353 367 393 496
20 78 137 197 275 294 334 386 396 414 420
15 33 55 98 176 235 262 271 352 374 424
157 192 215 257 285 333 338 354 397 454 469
33 56 92 93 148 161 202 314 356 415 475
63 169 217 224 233 294 341 370 390 461 494
3 70 71 117 121 146 174 303 344 389 486
110 177 215 254 350 394 430 438 472 482 488
22 122 170 211 235 290 293 314 449 479 494
4 5 122 252 254 281 288 296 330 402 447
143 172 211 260 265 270 286 345 369 390 490
87 118 173 228 241 286 303 353 385 473 488
4 50 87 109 123 137 199 244 257 328 345
22 137 266 269 301 314 316 392 396 416 493
208 251 321 322 330 337 341 352 414 460 461
27 44 139 153 159 270 298 348 357 433 436
7 144 173 236 306 312 441 443 461 485 491
4 46 61 65 84 214 288 375 395 396 485
44 46 120 184 238 249 294 345 346 387 454
11 41 74 96 225 298 304 374 395 406 461
5 15 114 142 174 194 306 325 369 453 493
69 94 96 156 167 194 219 304 308 395 472
51 120 133 362 377 380 385 396 412 422 432
60 130 209 223 233 235 238 256 305 379 485
58 82 92 99 170 199 334 336 350 362 434
73 91 125 147 185 186 243 368 403 409 445
13 19 103 179 223 237 325 389 462 474 477
18 72 86 152 171 177 185 381 383 461 490
47 63 80 88 98 114 117 159 310 405 452
38 61 77 135 162 210 225 279 310 369 456
36 46 55 219 238 271 273 320 452 454 470 480
92 93 103 198 200 316 366 393 397 427 462 480
8 63 75 81 109 175 177 193 195 289 333 389
8 54 70 77 103 140 157 187 227 293 313 424
0 2 62 107 139 166 228 283 373 394 398 407
20 105 132 148 195 213 280 295 382 460 466 480
98 118 158 189 215 221 315 356 360 397 407 469
14 52 64 70 77 182 183 246 277 280 371 474
69 111 113 114 142 265 268 284 291 309 378 468
1 29 38 110 144 166 220 269 319 414 473 499
35 47 97 161 198 244 272 274 403 428 459 475
29 58 61 99 115 131 251 256 302 461 475 481
0 35 118 167 182 206 211 238 385 442 465 476
5 7 114 125 189 195 199 248 298 318 328 459
10 64 103 112 138 213 276 290 295 343 385 421
59 61 93 136 163 180 189 307 380 395 413 452
4 17 21 55 208 296 352 366 407 440 449 460
2 117 153 169 200 203 261 263 269 418 476 480
88 99 145 203 261 301 341 351 357 367 451 463
16 44 65 75 182 209 223 301 317 388 442 454
88 95 190 231 267 320 324 381 409 436 467 481
4 169 196 273 313 325 364 398 422 450 468 486
34 84 94 98 105 175 265 303 342 361 405 486
83 103 110 158 190 199 226 383 402 404 410 458
21 31 39 65 78 163 239 301 305 404 458 491
151 173 209 266 267 314 340 381 444 459 477 486
7 15 24 44 46 95 130 135 241 249 304 395
69 73 99 190 199 219 230 232 315 354 365 376
21 46 61 70 90 142 197 220 265 276 318 331
122 174 175 212 229 255 257 293 327 426 449 461
11 118 176 228 251 252 260 279 285 324 397 448
4 43 78 96 131 222 244 266 277 309 362 380
29 114 144 194 236 241 248 260 311 352 436 437
31 87 93 167 191 196 281 342 344 454 456 489
102 160 177 226 229 240 280 337 379 430 442 472
7 19 51 82 195 201 251 260 392 397 442 452
29 101 159 177 180 199 341 349 360 404 466 494
4 16 61 86 119 133 135 212 270 288 320 481
9 109 120 140 368 376 407 417 425 481 483 497
140 162 169 172 179 223 237 295 323 412 430 432
89 95 198 200 211 223 228 257 287 310 368 476
18 35 37 39 66 69 70 169 214 285 359 465
74 110 118 186 212 254 308 377 404 423 474 483
65 122 204 224 264 287 289 329 332 365 423 465
97 173 212 230 263 268 295 347 363 459 473 489
34 92 112 239 315 318 371 413 414 478 483 491
2 53 109 255 260 288 316 333 479 481 484 488
7 195 214 267 276 310 331 362 417 455 456 485
17 20 59 87 164 185 217 266 397 454 460 485
80 97 187 226 308 319 329 342 384 389 416 455
85 90 100 233 269 275 295 387 404 425 449 480
146 187 239 283 293 326 348 361 378 401 438 463
36 47 182 232 250 258 259 317 323 332 397 412
1 108 131 136 211 241 244 400 439 470 481 495
43 53 204 207 208 251 336 343 360 369 459 487
0 139 140 178 201 202 235 265 269 332 438 467
8 12 18 55 56 84 96 106 244 273 347 468
21 60 63 68 95 182 226 269 278 295 435 459
68 118 122 143 152 215 236 289 317 403 470 489
137 148 149 199 222 328 363 368 378 406 410 492
81 136 156 161 252 280 286 316 369 377 413 419
28 69 106 160 163 181 235 283 294 329 452 495
66 125 166 220 257 273 276 291 295 297 319 395
59 133 153 176 177 195 231 248 349 358 471 478
21 114 126 131 202 263 278 322 328 333 407 463
37 41 45 68 153 218 227 312 334 355 406 411
94 113 153 157 166 197 276 321 409 435 448 490
6 41 99 162 196 200 201 276 313 333 469 498
46 173 238 240 245 248 349 372 401 408 449 460
32 39 187 215 272 280 292 396 399 415 428 458
34 40 50 119 136 184 226 297 376 418 422 449
22 97 106 129 194 232 293 304 355 420 467 484
1 97 100 126 140 148 234 241 250 274 284 355
23 74 128 138 240 252 256 285 338 340 450 468
35 281 307 310 333 346 348 410 420 429 471 485
123 226 278 284 306 362 372 394 422 437 440 493
62 65 109 115 212 226 239 249 305 377 395 444
0 34 46 51 57 58 60 76 139 356 372 484
152 200 203 204 218 264 273 319 356 424 433 464
1 3 42 117 158 190 242 306 339 411 443 470
47 66 175 190 193 257 273 276 322 340 343 400
2 11 49 95 101 177 203 224 268 272 293 498
59 63 75 112 168 187 266 328 362 372 425 429
17 103 158 213 224 321 340 386 430 453 469 487
16 50 134 169 193 214 347 362 363 387 451 465
9 55 74 175 224 299 312 317 319 372 386 447
24 30 38 58 157 164 201 304 324 374 394 428
104 117 140 147 177 179 230 282 333 377 383 395
162 175 210 214 248 302 369 390 398 459 483 484
5 44 132 184 221 255 279 326 428 462 488 499
153 165 178 184 190 207 216 251 277 443 468 482
47 68 86 115 135 261 301 321 357 381 410 484
4 38 48 66 87 113 138 188 246 364 383 386
46 112 191 250 286 330 368 374 433 437 482 498
43 51 133 158 191 263 280 314 357 436 447 471
23 63 144 218 221 232 270 276 279 298 388 488
17 30 82 191 233 303 308 331 333 347 356 473
4 44 48 78 135 147 196 210 314 377 398 485
46 62 162 185 217 251 272 297 301 338 361 379
113 161 163 217 231 349 357 373 376 420 457 476
64 277 284 302 321 382 416 426 430 476 483 498
73 91 127 159 163 171 205 228 264 390 396 490
18 24 67 88 186 202 223 274 306 371 376 393
34 128 158 167 181 208 263 309 384 403 433 485
43 107 128 133 195 198 246 298 346 397 464 481
88 114 125 160 183 228 242 264 290 311 342 450
27 33 97 124 227 248 266 287 345 426 468 499
71 94 201 229 243 271 284 290 337 363 380 491
7 42 77 107 145 171 224 231 268 306 351 373
9 41 110 138 185 207 277 415 417 418 452 478
18 40 51 59 150 194 225 252 292 359 423 456
14 71 98 121 231 265 322 338 366 378 434 463
15 32 66 73 150 236 238 265 288 411 433 450
45 83 146 208 212 272 300 371 390 420 434 438
19 48 51 84 165 168 219 220 240 299 361 477
60 117 138 149 165 175 182 217 369 376 405 440
45 59 156 158 162 170 180 227 290 303 449 467
6 47 72 92 104 198 215 230 310 345 435 484
110 242 243 249 281 349 360 434 436 469 484 499
25 28 41 99 178 214 251 252 308 423 480 495
15 24 149 204 237 244 303 347 366 379 434 435 497
25 86 164 206 303 329 373 381 388 393 394 409 432
16 63 77 283 289 305 306 367 373 404 420 421 441
13 50 63 118 227 317 318 345 356 368 374 404 499
8 29 76 93 95 149 160 201 245 300 338 422 431
16 161 193 245 276 282 287 300 314 322 337 405 480
33 69 106 168 189 241 256 260 274 280 376 422 437
3 4 9 48 154 165 204 255 272 409 429 434 476
4 13 80 108 119 144 161 169 217 259 384 441 466
9 19 74 87 102 132 200 250 266 279 280 360 394
89 116 162 186 225 232 252 381 405 447 449 483 484
30 87 124 175 230 238 239 345 362 381 411 438 455
115 132 177 189 212 245 372 392 400 415 417 482 498
9 24 27 127 174 235 243 252 274 324 345 381 449
17 21 83 132 145 230 232 272 279 414 426 431 473
39 40 44 149 156 159 172 192 201 331 334 405 467
54 95 122 156 168 178 200 228 244 399 472 481 494
0 1 7 120 178 250 258 291 327 345 365 383 489
25 37 121 149 202 204 240 260 292 312 368 370 380
6 25 38 39 270 282 295 344 379 398 451 463 491
40 41 72 93 277 307 418 435 461 477 482 486 494
55 123 126 137 152 186 300 328 402 422 424 425 496
11 34 135 183 222 262 325 331 383 429 438 440 460
9 31 150 193 198 278 328 332 349 412 424 448 467
6 60 101 134 137 185 233 234 298 324 356 388 408
9 32 57 88 111 233 311 313 331 367 415 492 493
1 9 30 50 72 121 186 247 251 264 318 359 369
28 48 76 80 126 189 245 314 341 362 383 405 457
52 105 119 125 211 212 223 280 305 345 437 456 487
38 57 68 103 119 177 208 326 332 354 402 482 483
20 58 89 120 187 208 235 278 354 364 410 473 494
1 40 67 72 156 214 223 264 289 304 380 386 415
69 120 141 145 170 190 226 233 270 315 328 378 384
88 110 132 140 165 256 257 274 310 383 384 397 428
14 47 141 201 213 227 242 258 313 379 393 427 452
19 24 84 92 148 155 173 210 281 282 289 456 482
58 87 155 160 174 200 216 253 304 316 364 430 439
13 18 20 92 93 141 181 212 270 294 349 370 391
50 96 171 219 224 246 258 268 319 327 334 348 367
0 9 51 60 98 112 148 281 331 381 484 489 491
9 10 30 102 138 198 316 340 343 358 416 430 466
101 149 190 199 212 227 256 305 313 329 399 441 460
65 107 113 124 181 185 225 262 285 296 424 444 445
21 24 33 47 91 120 125 308 311 389 425 440 481
56 83 165 175 214 357 373 377 391 415 424 459 480
17 63 137 188 216 224 274 279 309 367 373 385 482
58 75 85 155 166 230 241 314 443 445 470 471 498
57 97 138 152 159 235 239 273 283 321 377 443 489
16 74 143 169 177 192 207 289 336 364 400 443 475
46 63 115 121 202 227 245 310 349 356 365 432 452
49 123 216 224 233 243 294 295 304 428 456 482 497
49 78 91 161 163 187 211 236 250 252 371 412 446
7 12 60 211 213 224 231 258 334 380 411 430 482
22 85 99 212 232 250 294 298 352 378 410 466 490
52 91 128 139 156 170 179 206 223 314 413 417 436
39 175 199 202 219 247 250 252 276 287 340 359 440
17 76 128 140 247 268 289 311 325 387 434 440 444
14 38 61 66 75 133 154 206 296 327 331 387 420
99 104 132 144 181 184 208 223 233 252 254 311 447
5 66 71 79 113 189 190 206 349 395 410 420 468
26 42 48 75 114 161 207 231 262 293 326 465 466
40 50 59 93 120 199 208 214 329 336 439 467 476
16 41 64 120 189 200 221 237 346 401 404 407 463
1 31 74 130 200 238 245 261 278 338 367 387 463
18 27 55 62 69 163 166 174 286 313 331 361 434
4 54 115 187 202 205 212 286 301 355 397 418 438
13 38 62 243 250 268 301 341 373 375 434 442 469
36 55 72 119 139 303 325 343 350 388 416 433 469
4 19 38 152 265 274 320 367 383 395 438 480 499
14 58 121 132 158 178 272 308 362 394 449 477 480
17 44 47 125 234 235 264 300 321 323 375 451 466
57 71 140 144 150 168 191 391 411 428 466 479 492
27 36 93 221 225 361 383 387 421 449 477 485 488
1 13 116 195 236 260 265 315 395 403 471 472 487
43 91 107 114 142 159 164 176 190 206 333 365 452
73 80 126 182 207 260 296 307 312 317 328 455 468
119 144 167 170 181 187 197 278 301 328 354 368 427
18 47 61 66 70 106 112 200 227 236 252 400 413
33 64 76 96 98 167 251 303 383 386 432 461 482
52 122 167 205 283 314 315 341 345 346 354 402 411
30 53 57 124 152 156 170 171 199 249 322 413 437
11 17 117 122 129 149 230 343 353 370 379 455 469
40 114 159 161 180 236 273 294 311 362 382 461 489
16 109 121 135 244 264 293 367 439 456 469 470 471
6 41 69 106 137 155 262 307 318 346 352 386 404
13 61 77 131 145 199 214 291 325 392 399 417 496
71 89 124 129 148 160 165 250 256 335 353 368 377
30 107 160 172 184 225 246 282 319 362 413 454 491
14 16 22 26 63 200 239 290 295 302 366 406 436
11 13 18 53 90 91 98 150 240 290 317 430 451
13 42 64 128 174 189 297 304 353 358 390 442 470
12 93 160 168 249 271 298 304 306 337 387 414 424
23 55 65 84 132 139 140 217 255 259 338 423 426
36 48 89 125 139 189 301 311 374 382 391 399 478
25 47 137 143 160 231 248 251 294 389 458 482 484
90 98 143 221 248 253 297 329 422 431 442 460 490
16 25 85 88 94 100 104 166 246 327 376 449 474
21 60 76 117 130 152 155 206 303 368 394 459 475
8 26 47 51 98 190 240 289 296 380 398 428 493
54 115 153 164 182 320 369 382 388 405 409 438 480
9 76 84 129 203 247 280 366 436 442 447 471 478
9 17 22 29 98 117 139 271 278 291 375 422 493
30 46 51 59 105 186 280 289 290 299 394 420 443
20 32 113 114 242 247 250 291 349 363 367 409 424
44 46 49 94 174 200 212 323 376 403 459 490 494
2 43 100 134 187 191 246 325 336 375 395 467 491
23 25 77 82 113 253 259 260 370 424 428 434 497
34 62 142 214 244 287 357 396 401 417 419 453 498
14 50 61 84 111 266 271 289 339 358 390 409 499
50 181 209 253 268 282 308 339 386 413 422 461 476
118 119 127 130 166 177 245 277 320 325 345 485 486
13 48 63 102 103 115 159 167 175 195 207 248 413
21 47 52 57 213 227 250 253 296 383 411 427 475
1 35 108 143 177 182 277 352 375 393 395 412 443
73 124 131 132 143 176 276 306 308 318 394 430 432
24 123 140 160 161 164 167 281 297 325 340 365 472
48 75 78 120 138 161 185 213 280 329 345 354 421
2 8 29 43 45 66 118 130 273 345 390 442 468
18 24 46 65 194 202 234 258 317 336 387 400 417
74 160 214 217 231 237 257 277 322 344 409 444 459
62 102 121 132 258 270 288 328 330 367 418 422 454 473
34 64 83 89 98 125 150 214 224 240 341 356 369 380
11 72 107 144 172 262 283 289 299 326 328 370 382 398
34 40 48 49 92 94 100 103 121 261 270 283 354 426
27 41 150 156 181 231 252 282 303 305 401 446 489 499
2 49 58 147 163 168 202 247 266 291 357 386 420 477
5 21 143 157 203 227 229 240 279 290 398 435 437 487
15 25 106 109 170 253 280 281 301 334 342 403 404 430
102 135 137 157 195 214 264 296 299 320 345 411 441 453
72 86 140 212 246 292 296 358 363 388 407 408 435 459
61 107 117 119 121 126 214 219 258 338 357 380 421 444
19 74 85 88 174 242 284 312 325 328 358 366 436 468
8 10 140 174 232 237 250 290 362 366 406 451 487 495
2 84 188 197 210 270 307 326 338 385 415 456 457 490
0 4 20 25 37 126 134 146 189 221 228 441 485 496
3 45 46 47 74 177 200 209 261 329 361 430 454 483
21 30 37 63 98 124 142 165 200 212 236 320 472 475
75 118 138 155 216 221 313 331 360 381 397 486 490 492
0 33 128 162 199 219 303 342 366 381 383 439 473 491
15 95 105 173 202 221 232 281 301 303 312 341 374 394
87 89 138 157 159 160 197 199 224 267 284 302 328 461
30 32 45 60 80 207 254 262 270 296 445 448 459 465
38 39 53 84 114 161 178 227 261 271 422 476 496 499
78 89 115 121 143 175 207 229 254 290 354 412 464 499
8 39 106 132 143 260 286 332 391 400 405 432 491 498
18 21 43 62 67 245 263 275 404 453 464 476 481 490
14 25 57 92 138 172 311 327 341 359 361 408 442 476
10 12 62 112 117 177 266 310 316 426 429 441 448 464
36 100 129 158 188 214 242 245 293 327 372 375 403 495
11 22 62 156 176 181 195 201 220 287 393 409 479 499
31 101 220 222 225 250 252 290 357 388 422 426 435 447
4 125 215 222 238 246 299 376 415 422 458 476 495 498
8 82 111 163 173 183 224 252 258 264 266 281 400 440
67 98 102 200 201 289 298 340 395 423 424 461 479 498
12 29 39 55 56 98 119 125 186 243 266 336 417 444
47 53 88 93 127 149 150 163 178 299 317 402 447 496
13 112 147 199 234 236 260 270 282 299 316 449 457 459
27 32 112 140 146 179 207 213 277 293 320 356 372 430
54 117 164 220 224 274 290 321 368 385 392 406 472 481
50 66 127 175 216 273 291 313 327 345 379 391 418 421
47 78 122 160 184 270 299 362 372 397 402 405 432 456
21 82 96 185 201 238 264 305 306 309 375 389 447 482
20 90 97 180 242 245 249 278 283 285 298 330 422 498
20 43 56 64 88 186 223 244 320 337 379 427 455 478
13 53 67 105 149 244 249 325 402 431 474 478 486 490
11 65 71 91 134 154 160 216 228 234 239 337 391 478
45 87 96 138 199 219 229 231 240 254 331 359 378 453
19 88 176 186 211 226 243 318 326 384 414 437 456 479
0 48 74 115 170 175 181 266 296 305 389 401 451 487
46 111 117 142 184 239 242 255 260 275 279 397 418 429
73 106 137 187 215 222 225 293 388 411 425 471 481 494
8 33 71 78 79 99 104 134 157 173 209 282 320 416
6 86 136 137 142 158 187 298 354 390 394 406 465 468
2 87 118 176 179 211 217 300 334 342 364 402 413 441
66 129 142 152 191 252 269 299 309 373 416 432 460 468
84 118 126 169 170 175 190 202 215 216 266 348 353 491
1 8 111 149 165 194 219 221 226 246 347 353 371 393
31 48 75 88 106 192 249 265 332 361 431 450 469 471
27 61 120 219 223 229 231 256 303 308 451 459 466 492
26 32 60 92 139 180 212 307 311 334 358 422 428 462
4 27 66 94 188 215 220 262 344 376 382 429 489 495
12 16 38 61 110 131 167 224 242 268 408 417 469 477
10 46 69 89 143 156 207 302 312 354 369 384 451 470
8 12 36 37 38 63 104 148 202 230 261 366 407 413
47 53 59 109 121 172 190 247 327 328 353 417 432 497
79 119 121 142 211 216 241 276 310 344 370 407 448 496
13 34 83 102 162 171 244 261 269 297 314 363 401 498
14 17 49 57 75 103 105 108 189 222 268 283 380 403
1 20 71 76 98 114 149 165 167 245 257 290 364 460
58 166 270 273 284 290 311 367 368 386 396 417 472 476
21 92 99 122 144 185 188 204 255 260 292 321 411 476
6 12 15 44 62 70 159 204 275 279 348 362 404 492
11 32 76 142 155 188 199 211 217 229 259 339 371 420
34 115 120 169 183 198 204 252 273 288 293 297 346 349
135 158 185 254 297 324 348 352 364 372 378 392 419 477
5 141 143 175 215 247 310 320 348 357 435 441 449 458
108 123 131 171 182 238 255 284 394 396 426 449 481 495
65 67 87 107 311 408 422 427 434 438 447 464 475 482
34 40 89 153 157 204 233 261 291 295 296 302 457 478
8 46 50 103 108 187 248 262 343 407 442 449 460 483
143 174 230 274 321 328 334 348 395 424 425 454 489 490
83 156 161 188 196 225 330 343 358 399 434 460 461 480
107 153 192 221 253 286 313 333 343 398 410 417 449 499
11 18 28 105 139 179 259 293 314 323 409 413 428 461
21 64 92 94 103 116 119 158 164 204 366 386 421 449
45 51 167 172 193 261 309 314 334 353 360 379 474 493
19 88 119 146 215 217 229 238 259 451 455 467 476 494
23 41 62 136 210 219 228 252 283 286 351 418 429 431
16 51 58 96 134 139 143 169 245 313 337 385 434 480
1 4 25 34 38 111 223 284 286 323 344 364 371 467
13 40 42 45 55 93 115 229 231 259 272 398 428 433
11 78 164 177 204 216 314 359 360 394 409 435 438 488
60 93 179 205 249 318 323 357 379 419 438 441 444 453
2 7 24 49 54 90 92 187 288 311 314 318 392 471
88 98 122 123 199 204 235 261 301 323 328 371 423 463
38 53 107 141 153 168 232 233 257 263 270 303 337 447
106 131 140 169 179 196 206 272 278 349 354 421 441 451
0 10 57 150 158 161 166 191 198 257 320 400 443 449
74 114 115 173 190 259 267 284 302 326 366 411 423 437
9 12 41 49 126 167 181 375 389 391 447 458 478 493
5 78 85 93 107 148 211 220 231 267 273 348 395 454 474
25 38 108 199 208 255 325 352 353 374 381 417 464 470 488
28 58 91 144 150 188 196 204 284 306 319 331 339 410 449
43 63 84 95 114 118 208 264 371 402 417 473 484 487 491
24 46 53 57 97 141 180 181 251 292 303 322 351 376 443
12 26 62 91 101 135 178 270 294 297 318 321 446 474 477
11 51 59 84 89 119 199 209 277 295 303 320 339 466 469
9 12 51 70 79 99 104 195 227 280 297 302 312 341 497
5 19 29 52 67 77 161 163 175 211 330 349 369 372 394
41 88 179 180 202 206 219 264 351 386 406 422 436 441 446
8 19 89 102 116 211 232 264 398 402 424 439 452 455 464
1 32 34 79 89 134 135 168 198 252 259 292 302 311 464
9 78 82 95 102 103 111 236 259 322 340 369 402 416 439
9 22 40 44 84 89 108 195 218 244 295 391 426 427 485
30 78 107 124 147 152 196 287 317 394 426 442 443 446 485
44 74 84 89 101 102 146 183 203 223 267 268 392 425 475
25 46 85 101 103 118 126 163 189 253 307 323 337 352 416
21 29 40 131 137 238 270 275 281 283 285 287 294 318 422
91 125 127 153 197 201 229 245 351 370 377 388 394 461 464
33 55 66 78 88 111 133 145 190 191 229 231 242 374 384
4 25 30 50 169 185 203 230 300 329 335 372 390 400 408
45 102 112 186 189 297 311 319 333 347 350 360 382 474 493
4 21 27 33 49 126 166 239 255 268 316 400 469 481 494
6 34 45 64 104 219 237 246 260 323 347 357 376 398 442
11 20 29 71 72 98 116 212 297 351 387 395 445 478 484
40 57 63 139 144 150 165 169 170 194 266 336 354 366 469
9 30 45 48 106 151 199 238 344 345 407 455 467 495 496
8 32 56 116 122 184 212 252 304 328 334 338 339 344 360
93 153 167 177 194 230 235 244 270 295 338 403 414 439 461
46 50 108 122 191 194 197 224 225 235 274 283 332 493 497
10 32 110 123 127 176 209 220 360 384 441 442 452 458 468
144 201 203 212 244 264 275 341 373 385 394 431 440 486 497
3 46 72 117 163 223 259 266 281 309 333 415 427 467 498
101 146 158 160 180 201 225 231 274 282 283 370 437 442 468
5 9 34 54 91 222 283 341 361 379 400 404 405 408 476
76 102 157 174 190 192 198 236 272 291 440 444 445 463 487
56 80 97 103 106 118 141 144 156 164 187 307 309 433 462
16 79 90 115 134 173 227 313 338 340 346 376 458 460 497
40 44 50 124 125 132 145 170 189 258 297 395 411 447 494
0 89 128 162 203 233 238 343 352 380 386 427 468 481 497
9 50 73 155 156 159 221 277 301 318 341 351 362 384 462
125 150 201 241 253 314 334 360 364 433 454 455 472 491 497
2 48 72 96 116 158 202 222 230 255 274 301 303 325 457
26 90 164 188 193 238 260 294 318 340 373 430 455 466 487
26 103 125 170 189 228 249 264 377 380 440 455 462 466 472
45 94 133 152 270 289 317 346 369 383 415 418 438 443 477
1 25 52 82 94 120 189 196 207 237 261 294 311 317 433
18 20 25 51 61 249 262 313 324 325 327 378 409 441 487
17 19 21 32 46 125 135 158 251 276 286 301 365 391 416
30 69 77 89 152 175 178 189 193 197 367 415 458 494 499
5 6 64 88 122 143 258 261 290 340 366 406 443 445 490
26 28 37 76 118 145 228 238 273 292 319 367 419 438 453
13 37 82 148 190 194 216 263 270 279 310 321 394 409 430
39 94 115 150 189 221 240 262 270 282 324 344 382 409 439
79 95 104 116 146 226 291 299 318 321 327 407 422 431 449
52 91 135 224 239 251 256 262 271 285 391 403 419 436 491
55 69 94 117 122 141 174 218 219 242 255 258 261 311 413
14 35 48 96 149 152 207 208 215 263 266 293 322 422 462
44 55 58 99 100 135 149 180 195 196 202 238 263 264 384
31 33 60 70 122 148 228 257 267 308 326 377 405 415 489
19 21 66 84 90 161 261 290 317 319 362 415 420 477 484
43 85 102 152 204 292 316 325 347 356 359 360 369 381 463
20 22 30 45 73 97 127 138 193 210 332 377 387 426 484
4 16 55 60 135 214 225 277 284 322 338 383 420 430 436
28 39 69 142 143 234 261 276 285 342 385 389 403 473 494
29 49 96 105 154 182 191 277 309 315 331 382 424 463 494
28 30 115 128 129 150 155 184 218 254 353 376 409 444 471
46 123 142 145 195 204 264 268 314 344 384 390 417 440 497
115 206 214 247 264 320 406 409 412 423 424 451 479 485 486
118 157 164 168 312 316 323 324 335 359 378 418 482 489 499
24 38 98 105 106 148 180 195 211 215 227 229 271 279 497
17 19 139 150 167 221 228 270 273 302 303 320 364 475 487
17 73 74 105 123 159 190 209 235 265 324 345 358 361 386
10 37 103 183 188 288 290 292 294 335 351 425 430 445 449
21 84 223 269 295 306 326 349 355 392 407 408 458 467 474
110 115 136 204 223 230 323 331 395 398 441 452 494 495 496
31 77 133 169 171 211 248 283 301 322 391 444 445 449 493
43 95 113 125 138 143 227 287 320 382 407 411 434 465 476
26 72 111 165 182 228 301 306 350 387 395 437 477 495 496
1 41 65 112 133 134 142 148 198 202 206 292 301 347 453
9 52 66 87 140 143 147 274 278 337 338 367 376 419 471
6 14 40 64 136 150 161 297 336 352 355 407 420 426 454
1 4 15 78 226 252 258 276 286 287 331 419 459 496 497
4 34 95 121 263 269 274 286 307 314 324 370 387 445 464
30 102 226 236 258 313 339 350 413 453 458 464 466 478 486
7 103 141 183 218 261 267 282 313 314 366 387 398 411 494
36 67 195 199 205 239 242 262 303 332 384 412 432 444 481
25 30 108 186 207 216 233 243 245 256 308 339 348 459 480
19 92 142 151 192 215 245 286 412 435 441 453 455 456 466
27 51 55 84 156 168 176 196 219 287 303 340 448 474 479
46 59 129 144 187 215 269 284 293 320 359 423 431 464 468
10 130 132 174 199 209 211 213 217 249 333 348 424 474 494
49 60 118 121 124 141 168 176 187 190 244 298 340 414 498
13 25 51 91 127 146 195 250 262 295 303 400 406 414 475
41 48 49 62 134 140 222 301 336 397 403 421 456 467 493
104 133 149 201 205 214 220 255 337 344 348 428 445 452 475
43 48 176 182 204 209 234 252 270 337 369 393 407 452 489
16 41 47 68 112 119 212 223 304 425 440 459 477 485 487
22 65 98 107 145 150 173 281 337 399 421 436 447 452 469
10 11 81 145 275 292 307 311 312 376 407 410 423 449 486
10 63 65 93 106 194 221 258 263 265 293 320 322 342 350 403
34 42 67 180 196 227 296 334 340 351 358 409 414 428 459 497
3 32 42 115 132 245 266 296 299 385 397 433 445 463 478 497
41 78 85 156 164 190 211 214 297 299 315 332 411 461 489 492
35 61 80 107 129 136 170 224 229 251 254 388 414 415 463 489
6 15 46 131 145 150 164 191 263 348 355 378 385 391 430 486
0 12 123 139 165 196 230 276 380 394 412 429 444 459 462 483
39 40 61 97 184 253 268 274 280 308 314 317 332 437 448 499
45 57 58 134 154 156 173 187 287 294 305 306 459 484 485 494
27 97 128 138 145 153 185 307 359 380 389 393 406 418 489 495
33 60 101 104 133 152 167 176 187 339 356 394 397 409 454 463
52 72 117 151 180 181 205 252 277 282 315 327 328 334 454 490
14 29 37 67 88 91 101 107 257 286 336 338 348 423 425 492
23 32 39 50 55 81 100 137 160 206 245 336 343 354 397 425
25 137 143 168 208 225 232 258 263 276 341 394 396 409 443 444
13 23 114 133 145 186 225 240 299 304 317 328 354 356 366 421
23 33 35 45 82 159 290 307 311 330 348 379 398 454 460 480
16 60 70 92 165 201 221 236 237 252 278 282 310 326 402 468
27 33 115 150 164 185 187 196 246 290 299 305 383 392 416 493
6 45 103 126 139 156 179 270 310 320 387 427 447 455 464 483
71 88 143 206 207 209 217 285 297 309 379 382 398 412 462 498
8 40 65 72 179 200 216 226 280 306 378 414 421 428 429 440
195 287 297 299 310 312 341 346 348 354 384 397 421 447 473 483
3 7 22 49 185 194 236 248 283 329 337 374 422 424 435 499
6 50 69 74 173 191 196 295 305 326 363 395 396 398 444 454
19 95 104 158 179 196 234 264 273 299 301 305 358 438 456 472
16 17 20 52 67 74 152 180 223 243 271 327 383 441 443 490
31 38 51 55 68 115 116 125 128 160 273 320 370 390 448 464
4 23 36 54 115 179 207 224 239 258 315 352 411 430 479 496
9 36 59 94 107 162 166 174 239 255 288 291 295 304 367 426
42 64 88 97 144 160 172 199 200 225 242 255 328 366 423 489
16 70 238 293 313 315 337 369 379 405 419 438 444 479 480 492
22 24 118 138 153 159 170 218 221 248 278 307 325 387 446 457
9 83 84 103 155 186 197 206 207 226 236 350 398 429 451 489
7 42 48 171 192 233 303 308 309 323 345 369 381 390 398 414
15 66 72 103 154 159 172 258 279 300 307 319 360 372 413 484
85 101 111 114 116 178 183 233 251 266 305 320 355 371 412 491
17 23 45 50 59 123 136 144 168 195 222 317 342 373 400 421
50 113 137 206 270 298 313 327 336 346 355 356 357 430 439 499
34 57 118 144 154 169 191 201 214 295 318 335 394 419 435 438
8 14 61 83 89 112 139 146 161 170 197 215 247 323 407 450
37 98 150 168 251 277 278 316 409 423 445 454 463 471 478 487
14 24 29 41 74 152 165 214 237 245 267 310 312 318 428 472
5 44 70 84 106 120 127 138 183 187 248 326 441 443 481 482
18 71 179 261 263 267 297 324 333 363 382 384 399 416 456 492
6 17 49 51 61 86 162 194 204 294 309 322 367 406 454 497
20 50 78 87 116 117 153 208 212 236 237 339 342 385 393 459
68 88 144 149 185 191 204 208 264 273 316 326 327 384 405 431
7 18 74 78 96 121 174 221 230 270 290 326 418 427 443 447
12 23 81 86 106 130 131 179 193 272 282 382 413 464 474 499
11 20 21 43 78 105 162 184 227 266 293 311 333 374 441 498
11 48 118 183 200 204 247 266 286 293 298 335 405 465 485 492
3 14 33 73 134 198 199 203 276 278 300 403 411 424 474 484
26 78 99 170 181 183 235 246 267 290 293 319 363 403 404 490
118 178 182 190 230 246 250 274 322 367 383 404 417 488 490 498
6 50 94 167 221 232 233 241 279 280 289 290 325 371 396 454
48 138 146 203 222 262 303 326 338 372 376 432 439 446 477 493
0 3 42 58 59 81 157 208 230 265 290 296 328 349 395 475
1 19 22 24 27 63 101 171 230 233 242 265 275 354 372 445
54 60 230 242 273 274 281 297 319 355 360 397 401 402 414 474
25 28 31 44 79 151 153 179 182 247 252 272 320 399 415 476
22 75 87 139 157 171 182 195 212 237 241 255 314 333 381 482
55 70 81 106 120 215 230 250 255 268 291 340 402 436 480 482
12 43 44 49 61 134 202 216 236 241 253 261 367 417 443 487
1 77 95 108 132 152 197 199 203 280 282 337 374 398 411 490
19 44 70 95 117 120 142 158 178 223 323 373 374 427 454 478
43 72 73 105 144 148 198 216 272 281 296 320 343 381 387 482
1 6 84 111 121 180 210 211 215 254 308 315 364 405 428 440
37 48 57 70 71 116 141 145 226 255 290 297 383 440 455 472
23 28 118 122 244 252 261 263 269 275 302 310 425 454 466 471
2 64 71 132 134 153 159 160 213 318 339 396 421 430 450 466
13 15 50 95 102 131 172 258 264 291 303 381 393 423 439 440
4 19 37 43 49 104 178 186 239 252 264 339 347 363 392 471
39 125 186 214 237 255 257 271 285 286 303 396 401 435 437 494
16 38 156 200 204 226 282 293 305 311 329 341 343 384 390 411
28 71 73 130 305 309 324 330 343 357 366 375 412 433 482 489
3 39 54 63 75 87 96 109 173 214 233 272 274 320 433 474
69 81 90 92 157 188 218 234 263 340 384 428 447 473 481 492
4 51 53 96 114 128 195 204 232 260 266 328 369 375 388 484
18 49 54 85 119 126 137 229 263 275 287 316 321 424 426 487
18 78 97 113 125 128 132 148 161 167 232 297 342 419 447 448
35 66 77 97 111 112 156 176 186 257 303 355 361 385 435 460
3 18 30 116 126 155 161 176 207 225 371 392 397 410 426 491
1 38 47 50 104 130 153 176 254 299 306 340 360 426 452 469
18 26 27 40 48 60 74 118 146 156 202 247 291 293 331 461
0 60 71 80 85 115 130 135 148 190 207 213 274 320 404 456
92 157 160 176 203 208 213 226 321 322 342 373 418 448 451 462
16 17 18 36 46 55 71 120 146 168 174 227 274 411 432 475
64 167 210 291 295 321 326 339 347 355 356 371 375 384 416 464
21 58 69 169 260 265 298 306 314 366 390 417 420 427 471 484
11 19 39 67 144 149 155 180 212 224 245 250 287 377 440 470
36 52 101 123 135 163 185 224 254 262 275 310 368 376 455 478
22 29 32 51 85 143 151 177 197 222 272 296 348 421 456 473
7 25 41 95 111 163 177 273 287 324 363 368 396 417 446 468
45 48 57 119 122 167 177 184 192 209 220 223 277 289 386 445
29 53 81 93 117 195 196 284 306 389 416 419 457 459 488 494
81 128 162 163 205 215 216 219 230 307 325 329 340 368 379 436
48 72 113 133 137 169 235 258 259 265 344 363 381 387 406 446
3 78 106 115 116 206 220 249 261 323 357 384 386 431 485 494
11 59 73 96 133 192 212 218 259 275 351 352 431 438 448 496
2 11 52 56 70 71 120 138 150 250 256 304 336 358 370 422 444
9 17 44 56 76 126 158 172 199 205 213 222 334 336 443 449 452
11 34 80 147 184 195 247 252 325 350 392 420 435 449 459 474 498
4 14 44 52 72 83 99 202 246 262 275 331 372 426 469 489 494
28 55 172 177 233 256 281 297 338 368 394 430 433 470 483 489 491
32 41 127 163 197 200 214 215 216 252 255 281 334 375 391 460 467
38 103 107 112 136 164 195 219 256 276 277 285 291 306 362 393 468
37 56 104 106 107 135 159 175 215 229 238 266 380 382 388 422 479
10 58 61 66 74 76 106 172 192 278 298 315 420 427 451 458 480
2 4 51 62 103 119 133 153 240 251 317 335 346 382 395 442 490
14 42 103 112 167 207 235 248 257 277 307 328 333 363 366 387 438
11 97 112 119 214 217 225 226 229 232 262 272 344 409 471 480 499
64 70 106 127 130 140 148 190 199 220 236 268 290 351 369 459 481
133 136 175 176 186 231 246 267 356 402 405 411 415 423 432 461 489
54 72 77 93 123 183 216 277 289 295 301 331 350 367 386 387 416
128 159 197 259 269 280 287 295 302 323 365 382 410 435 459 472 494
23 62 66 88 96 204 208 233 315 316 335 356 367 389 423 472 492
39 175 187 248 297 313 323 334 362 366 382 396 407 409 434 435 441
55 74 133 193 222 269 272 274 313 333 344 345 387 404 409 432 457
13 14 15 53 115 198 210 324 400 414 435 445 446 452 455 457 482
1 78 114 129 131 135 211 244 248 282 320 358 394 413 438 445 463
53 134 179 187 189 252 277 289 290 304 323 328 376 403 419 455 465
5 60 78 79 165 272 293 301 310 345 361 369 373 401 426 467 473
22 35 55 81 114 175 256 286 301 302 309 335 336 401 403 455 456
17 57 93 104 105 151 162 234 240 246 285 394 404 405 447 486 488
59 134 136 139 215 218 228 235 261 303 372 382 400 446 470 476 497
20 25 37 39 44 92 121 136 175 184 206 285 300 306 388 427 483
74 83 125 139 174 177 205 239 255 260 285 297 370 406 438 474 475
6 25 98 119 180 198 207 256 285 346 388 423 426 473 481 492 494
0 46 52 60 66 80 99 150 194 216 282 334 343 373 378 461 471
46 58 91 99 130 145 160 198 313 326 382 393 398 415 432 472 481
14 71 97 107 260 269 282 313 319 323 363 368 383 396 402 406 495
82 87 115 120 135 167 272 281 308 316 353 355 394 406 425 430 458
102 131 172 174 213 228 245 262 291 298 299 329 349 370 422 429 454
147 168 169 180 205 253 303 315 333 348 396 414 429 439 442 478 481
23 56 59 99 147 149 186 289 293 295 302 305 397 402 410 439 478
32 70 73 102 126 144 145 168 171 182 232 305 376 386 446 476 496
77 90 97 128 154 216 220 243 269 286 339 382 390 414 436 478 493
31 33 44 88 91 132 150 169 176 282 351 356 423 425 431 445 473
17 41 42 50 60 80 140 144 182 188 234 295 359 379 386 426 435
36 42 80 81 124 125 202 204 227 281 284 311 352 375 381 392 397
63 83 140 143 148 149 158 161 175 187 191 196 203 278 381 385 495
104 153 154 177 189 256 317 318 336 337 341 358 360 432 435 476 491
9 31 59 91 131 135 151 163 264 361 383 409 426 440 454 471 491
45 62 127 224 238 273 314 332 347 352 363 387 398 450 456 490 496
3 9 47 76 83 91 100 186 197 232 235 393 414 428 434 438 456
4 13 41 49 122 171 181 207 252 264 312 351 371 386 408 411 449
8 12 30 48 57 98 102 126 173 242 303 327 339 343 362 393 414
68 69 152 161 167 173 208 233 255 260 314 331 374 392 460 480 483
38 66 138 139 230 286 325 336 345 368 377 392 405 429 442 451 479
18 43 70 91 116 121 124 155 157 231 232 284 355 405 455 475 490
48 59 191 233 236 243 281 300 321 332 347 375 386 408 418 438 459
57 68 95 131 175 183 215 235 251 261 290 297 330 358 404 414 450
81 118 140 202 219 231 232 237 271 277 291 374 391 410 419 461 487
5 9 19 20 116 118 127 128 142 190 257 289 344 376 412 429 451
30 95 135 201 204 220 221 233 244 261 283 290 300 343 383 385 465
21 38 62 63 72 88 130 157 167 242 268 345 349 355 374 398 410
2 15 50 119 147 232 271 295 317 334 350 378 414 415 435 444 496
35 38 42 45 66 84 110 283 316 338 342 356 390 440 454 455 496
18 47 129 154 165 221 227 243 254 298 320 329 341 346 356 408 424
31 37 45 64 97 194 210 246 297 305 346 374 410 481 487 489 493
11 57 93 165 173 275 303 318 367 369 372 375 377 403 418 473 493
24 33 129 131 173 183 190 240 261 308 310 323 326 384 403 443 455
58 109 110 127 129 146 152 189 263 280 338 369 381 399 413 441 484
10 40 54 74 76 104 179 225 304 337 370 378 401 404 421 422 481
6 25 28 36 50 52 59 218 232 334 336 351 369 424 455 460 467
86 142 196 200 202 222 252 266 337 341 401 413 416 433 456 463 491
62 78 156 192 199 226 248 274 285 297 314 353 372 402 477 492 494
25 29 58 72 100 107 124 156 159 169 222 240 286 329 431 444 460
51 88 151 177 197 210 221 240 252 283 286 303 310 384 430 436 492
57 59 69 71 86 94 100 101 121 124 252 303 322 350 387 446 448
2 19 88 135 221 237 244 247 269 279 308 316 396 448 459 461 465
19 32 87 113 122 126 129 145 193 270 284 361 414 417 431 438 447
106 119 122 133 182 196 226 239 314 377 385 386 387 407 467 490 497
43 53 88 95 123 125 139 142 146 148 182 226 234 334 399 423 470
40 68 113 115 131 137 141 156 160 190 195 220 348 376 404 426 455
4 70 166 173 205 215 229 283 285 333 364 381 384 386 426 433 465
19 41 114 118 152 154 162 184 224 233 243 253 254 264 273 305 449
8 28 53 78 86 122 251 267 286 393 397 406 413 435 437 447 496
11 19 42 89 117 181 234 252 277 330 336 353 372 419 449 472 498
26 41 44 88 102 126 151 154 250 258 268 274 291 306 373 431 481
20 31 33 37 39 117 132 152 189 237 243 309 324 358 390 406 487
6 10 27 28 43 52 58 159 206 250 259 294 415 422 454 472 482
10 95 97 98 111 202 219 286 357 370 440 463 475 478 480 496 498
7 11 17 49 80 97 135 137 145 161 179 199 229 330 390 454 463
116 129 147 254 256 267 290 298 337 366 396 401 411 439 470 490 493
42 108 137 139 226 238 297 328 396 418 420 425 458 466 467 475 487
13 68 71 87 136 166 171 174 233 319 365 419 431 432 460 470 475
1 29 44 59 82 85 102 159 160 175 233 340 375 403 411 455 479
10 62 146 147 165 176 188 199 220 257 264 311 327 349 381 411 443
40 45 111 138 141 147 156 172 184 225 226 254 277 297 326 385 469
4 63 79 147 169 206 242 279 298 347 352 408 422 424 460 469 473
13 21 34 99 162 164 168 223 239 264 299 343 347 376 395 468 489
29 72 123 170 176 180 249 264 277 297 322 339 372 395 455 466 474
20 35 51 134 143 258 264 314 351 382 412 424 433 463 470 473 478
13 21 62 96 100 112 116 124 195 203 220 231 255 305 355 373 382
46 72 86 126 138 171 175 239 273 281 297 303 337 340 346 367 455
10 32 45 46 47 83 119 237 290 295 298 327 360 372 397 419 440
14 45 49 117 140 142 167 216 217 241 272 362 398 409 416 447 483
39 59 76 93 129 133 165 213 215 279 282 346 393 422 454 470 494
16 35 79 87 109 169 195 200 211 215 243 248 277 288 332 413 433 436
56 71 72 73 147 173 190 197 239 248 263 278 284 303 376 383 407 410
9 17 36 104 143 144 193 200 218 242 281 349 382 424 437 456 490 492
12 18 88 114 116 183 189 193 228 244 260 275 306 355 360 387 409 458
24 27 29 75 105 119 130 136 203 207 241 246 249 273 301 349 438 490
5 14 40 59 66 110 148 174 204 219 223 224 298 324 392 427 445 455
11 12 22 115 123 175 200 249 323 324 330 338 387 396 401 410 435 482
10 18 19 80 88 130 140 143 148 188 255 328 382 403 407 432 464 485
20 94 133 179 256 269 280 291 296 308 328 359 374 421 439 444 448 452
0 6 8 98 206 207 219 233 236 238 272 335 373 409 458 460 465 469
66 85 97 131 146 187 189 273 305 306 323 375 382 401 414 445 470 492
31 37 56 77 120 124 153 173 184 235 309 314 329 331 364 390 402 447
52 68 70 81 94 108 110 128 131 149 197 203 253 272 278 310 353 481
1 37 63 76 81 156 213 218 235 256 297 305 325 380 389 391 473 479
19 27 49 127 153 159 199 202 216 248 268 273 282 302 344 375 418 451
28 67 155 178 181 186 226 234 251 284 294 311 321 344 358 381 392 444
63 73 117 138 171 183 216 222 229 242 273 283 294 319 349 399 462 488
59 67 89 117 138 144 173 202 245 254 260 296 341 369 407 415 455 481
5 47 81 89 151 156 170 174 200 210 241 265 283 301 352 368 449 474
30 36 51 91 129 142 165 193 218 231 259 260 285 309 373 412 415 420
9 16 60 63 118 127 161 179 232 261 304 360 375 385 441 446 472 483
60 63 84 101 120 122 153 156 167 205 209 255 262 275 334 390 393 499
28 40 132 143 165 191 247 248 249 257 289 294 296 358 361 363 374 477
7 81 123 140 151 234 256 276 315 320 329 332 357 375 392 416 439 472
43 61 83 88 111 157 169 189 193 236 296 300 322 323 452 488 492 499
49 143 184 204 217 262 269 286 292 310 348 355 379 391 423 427 467 479
124 144 151 153 164 181 273 275 306 311 312 349 366 410 425 446 456 470
5 14 52 60 65 93 131 183 186 187 208 225 333 354 365 395 424 497
39 59 73 99 106 116 174 231 242 262 288 314 388 405 408 434 446 487
82 86 109 122 176 194 221 247 272 279 283 284 315 318 325 355 403 436
7 14 34 38 40 59 68 80 147 185 195 199 200 238 289 347 385 454
0 23 30 44 70 93 135 171 216 262 270 297 298 441 442 447 481 496
23 30 120 146 148 161 162 165 172 192 236 246 260 273 352 355 368 395
73 81 82 83 103 104 149 169 194 231 241 245 249 293 345 358 393 498
13 17 25 138 165 203 274 298 300 320 331 358 420 438 447 464 470 493
5 33 90 102 184 268 296 309 323 376 383 393 396 444 471 480 482 487
89 98 171 178 180 184 205 211 219 220 231 244 265 301 311 325 390 397
68 73 106 117 162 185 240 271 283 312 339 372 376 378 402 406 409 422
4 89 108 140 167 283 318 359 379 390 404 408 413 425 449 452 491 493
39 78 119 129 153 165 209 214 218 242 244 264 280 306 404 453 469 496
14 27 34 43 55 98 130 145 225 229 238 255 282 290 299 306 332 492
22 36 38 116 136 162 182 185 217 266 283 330 354 367 425 459 480 493
13 45 101 102 107 123 147 182 183 227 270 294 316 325 350 367 441 466
4 35 48 79 80 91 149 181 187 269 279 287 305 306 344 378 421 443
56 62 67 69 80 114 126 153 156 174 193 206 251 258 291 305 374 391
26 30 33 38 54 63 76 77 78 104 126 160 177 239 359 383 385 487
12 13 118 179 187 195 202 203 252 267 288 311 332 358 395 398 404 451
22 118 129 158 169 218 237 251 272 289 325 333 334 407 418 450 455 461
14 69 72 85 143 157 230 269 276 292 298 305 324 345 394 401 440 470
4 12 15 66 77 90 125 153 154 160 204 220 278 320 331 447 473 474
31 63 72 85 91 128 137 166 173 202 209 217 236 240 251 275 347 407
3 4 40 190 202 249 272 323 325 335 351 401 416 418 420 435 444 476
51 58 97 101 108 173 185 198 205 247 282 298 362 363 371 433 454 456
11 35 37 72 113 150 180 186 223 345 407 412 421 440 467 471 479 490
103 111 117 123 124 130 168 179 181 224 234 262 271 334 358 359 372 412
49 60 94 97 101 122 159 216 247 254 255 281 341 374 378 383 407 470
3 52 72 90 131 191 197 201 223 237 247 358 360 386 420 451 466 476
18 49 80 84 113 122 151 185 201 239 251 302 329 362 366 388 403 458
13 81 138 139 195 222 286 291 305 320 327 336 361 368 401 417 455 498
10 35 38 42 70 74 110 153 180 288 291 316 330 334 426 451 460 485
10 27 67 98 100 129 134 155 157 169 189 191 198 278 289 350 484 489
20 88 104 146 188 202 242 254 315 336 337 409 428 440 448 487 489 492
21 50 94 98 104 110 118 128 132 141 155 207 211 256 320 416 464 486
19 57 102 113 141 203 257 259 268 313 315 320 329 343 355 429 473 479
36 40 108 193 241 275 304 335 356 363 398 404 429 443 451 458 489 493
29 52 89 97 139 171 213 233 247 259 262 281 284 288 317 365 374 416
47 51 65 74 103 130 133 158 174 191 256 283 290 400 437 450 473 475
7 48 58 89 104 167 214 229 237 241 274 284 326 389 402 436 438 487
5 10 57 137 141 150 177 268 279 332 370 410 437 442 443 448 465 494
11 82 100 112 164 185 190 198 222 244 258 283 287 309 336 362 429 472
64 117 119 126 161 163 176 192 207 235 307 329 346 351 405 433 452 473
7 22 26 101 111 113 180 220 223 277 311 333 370 371 378 389 400 432
27 58 112 122 137 162 189 239 242 249 271 295 384 388 432 477 478 489
9 89 133 148 185 237 255 261 274 284 290 306 388 397 405 433 438 439
4 31 38 67 75 81 99 139 152 209 222 238 239 276 304 324 337 370
3 18 23 49 102 130 131 139 141 178 191 319 337 344 387 426 454 492
2 59 74 79 93 112 114 153 234 235 247 270 286 366 418 439 449 472
70 97 106 130 138 158 211 238 265 289 302 303 323 382 397 438 462 468
33 117 122 124 130 134 206 223 237 238 346 354 376 389 443 449 459 470
73 152 237 249 292 295 299 351 362 369 371 396 409 411 414 424 459 486
49 124 144 178 184 222 232 237 239 244 259 262 336 353 366 447 455 462 499
3 55 71 74 101 143 164 168 182 237 265 292 308 379 382 412 422 460 474
71 75 80 104 108 136 153 164 202 215 231 240 267 329 333 377 398 468 478
5 61 90 109 170 192 195 202 207 229 293 307 309 347 386 394 439 453 466
0 8 10 24 66 79 150 230 250 296 339 346 347 363 365 378 381 402 462
8 57 74 75 87 110 135 176 253 304 310 332 335 360 375 400 409 460 475
8 16 22 34 104 114 174 211 268 326 333 339 354 367 368 378 432 450 456
27 103 142 182 221 253 277 330 351 358 365 367 397 401 425 426 427 491 492
4 81 94 127 179 224 239 246 301 305 327 374 376 422 452 455 478 493 494
118 131 166 219 268 284 294 305 315 326 340 359 371 415 430 433 442 476 477
0 30 55 65 73 77 82 132 164 172 203 236 339 363 399 422 483 490 494
37 54 57 108 147 163 241 251 254 255 261 314 354 358 400 416 423 424 492
23 31 50 75 191 220 239 240 270 274 276 313 335 400 406 475 478 481 483
7 44 51 121 177 203 233 248 269 272 278 291 297 384 386 399 410 450 462
23 27 41 61 121 154 209 245 262 283 289 305 313 373 404 410 427 449 469
110 133 172 237 243 245 256 281 308 312 316 331 340 368 373 375 441 450 479
24 169 174 175 208 214 281 282 286 292 298 324 391 393 407 417 451 477 486
31 53 78 110 164 173 181 184 206 213 238 263 336 349 374 385 420 470 474
13 45 69 79 90 126 138 204 215 240 260 279 292 307 347 397 399 449 489
37 61 80 136 152 170 186 202 240 265 270 290 339 356 372 387 416 420 490
1 78 115 121 199 245 274 283 300 307 308 340 359 369 373 425 450 461 486
1 8 9 14 48 82 118 130 156 185 281 297 349 356 386 487 488 491 492
42 48 62 76 109 125 131 144 229 283 288 305 326 352 366 447 456 495 498
3 8 20 53 55 73 96 99 103 105 186 240 306 424 447 453 459 483 499
8 28 72 135 138 140 183 217 257 259 282 331 347 389 423 426 448 449 458
9 63 80 92 139 166 170 196 222 240 259 279 374 404 410 432 462 471 488
110 120 126 132 136 146 166 225 280 301 359 362 371 401 429 436 455 483 497
18 41 58 96 115 138 151 193 203 273 335 357 430 433 445 461 474 495 499
35 74 165 174 277 281 319 322 330 376 391 408 413 428 440 449 461 480 491
0 13 40 45 50 104 107 194 203 218 242 282 302 307 327 390 404 481 491
32 34 62 111 140 148 151 193 240 291 310 328 366 403 413 444 446 454 458
9 36 129 176 217 237 254 261 267 304 344 355 394 416 435 438 471 490 494
55 62 78 105 114 152 203 215 238 256 277 320 324 366 441 447 465 472 494
98 115 129 145 151 156 166 167 190 197 210 258 280 321 342 411 424 451 477
2 6 82 112 114 121 142 145 168 178 180 206 264 300 361 367 370 410 438
27 118 128 142 266 286 289 306 335 345 354 388 389 400 424 438 439 472 498
8 27 64 148 156 197 200 204 262 270 274 276 278 291 363 399 424 452 475
57 64 130 151 157 173 176 187 211 228 254 256 258 261 308 347 392 397 406
53 68 123 163 164 193 195 208 214 220 250 308 309 313 351 357 367 418 449
21 43 82 126 148 164 169 170 208 209 286 293 322 344 353 386 391 402 491
11 53 61 102 119 125 154 169 170 197 206 236 332 360 364 380 433 477 499
21 36 93 98 183 184 207 212 272 281 290 322 364 391 394 411 412 460 487
17 75 85 93 103 104 105 129 199 321 374 377 383 387 412 442 456 477 491
4 13 81 99 126 140 160 197 202 234 256 269 277 286 325 333 338 381 392
44 72 74 77 104 107 113 303 308 316 335 340 346 390 404 421 429 455 487
0 11 205 247 292 302 323 326 335 347 356 367 373 388 394 409 434 457 460
8 30 37 47 61 89 120 182 200 216 265 282 299 308 322 333 408 416 433
17 29 39 40 107 112 126 132 136 187 209 264 317 368 374 409 429 431 477
35 64 123 124 126 131 171 172 186 214 223 232 277 288 297 326 374 389 443
0 36 45 72 83 88 135 140 145 190 269 280 301 308 327 338 367 401 443
7 32 78 94 143 149 191 206 227 241 242 255 261 303 317 411 460 481 490
0 64 68 81 91 96 185 189 218 242 245 255 272 282 303 308 401 432 438
36 59 61 83 109 128 154 155 185 249 326 357 390 461 463 466 474 478 498
2 7 68 126 175 210 251 269 270 273 294 307 310 342 354 444 457 474 481
17 21 62 93 145 157 272 312 313 346 373 387 406 432 445 453 456 462 492
2 8 43 44 72 83 102 120 133 162 166 193 217 244 340 372 436 484 498
8 11 36 47 49 69 112 132 161 177 183 232 324 358 395 408 419 454 496
22 60 61 90 91 113 180 218 237 273 284 329 353 381 423 424 433 439 455
2 14 26 194 239 243 261 268 278 302 345 354 375 399 417 418 421 479 490
33 36 42 56 75 109 148 268 272 322 387 403 412 418 423 438 462 475 498
49 107 109 142 148 217 218 234 261 298 320 322 323 334 341 382 396 463 473
49 134 176 188 221 226 294 301 311 319 320 329 352 361 383 393 425 458 462
1 27 58 64 116 123 138 192 220 228 235 245 285 316 332 365 413 462 498
17 25 29 38 45 50 72 82 155 170 223 277 279 324 402 410 423 427 491
17 39 43 44 48 106 109 141 144 158 221 228 268 406 434 442 458 469 470
4 32 36 39 41 67 88 101 142 145 162 257 268 297 366 371 391 392 437
15 40 120 138 161 188 190 229 241 249 257 263 337 351 380 407 430 436 442
69 124 129 141 155 166 175 218 219 255 267 272 321 324 371 445 455 459 480
32 76 89 94 96 113 158 196 235 248 318 328 343 357 439 445 450 455 478
9 18 21 31 36 128 132 137 156 182 184 246 305 356 363 369 375 379 425
20 60 71 82 85 89 138 183 191 216 264 308 349 393 402 421 433 439 472
13 38 46 64 127 183 186 249 255 256 269 290 296 299 380 440 451 482 484
36 61 128 143 159 198 252 260 275 314 334 383 385 391 410 425 440 445 476
4 6 13 25 38 133 167 204 254 262 265 277 278 296 360 415 420 434 451
9 26 109 163 171 199 223 242 260 265 334 337 356 385 396 454 465 488 494
2 28 33 50 52 105 135 160 228 232 236 312 372 405 411 436 446 491 492
93 145 159 184 224 225 229 246 248 269 276 341 347 355 376 401 406 443 448
20 28 39 43 53 83 139 208 218 227 275 288 327 333 343 347 378 457 498
59 93 128 129 166 176 187 242 252 263 264 287 309 364 375 434 473 491 495
16 39 78 152 162 216 228 245 255 317 340 349 376 380 426 444 446 475 482
3 14 26 34 41 66 71 106 108 181 216 270 324 371 399 421 432 441 443 450
4 5 7 14 25 32 66 71 90 98 274 288 314 333 417 441 447 450 467 479
4 37 51 56 79 89 122 132 140 144 191 229 263 275 278 374 403 405 422 467
34 45 56 96 97 115 120 124 248 294 301 319 335 364 376 391 392 434 435 457
40 48 60 62 65 71 99 121 191 195 218 289 316 342 390 417 428 473 479 494
52 77 132 134 138 154 185 216 217 231 265 299 328 344 381 435 440 468 472 473
37 41 62 69 92 120 129 134 143 144 148 161 163 221 301 334 345 381 393 431
51 63 64 106 151 197 201 240 250 263 282 302 316 329 387 394 426 439 446 483
8 27 58 105 106 164 167 191 219 242 300 305 317 331 347 422 441 466 481 493
47 57 77 90 166 204 227 239 240 265 277 283 287 406 429 453 463 479 484 489
47 109 120 150 199 207 211 217 226 247 333 334 341 372 383 413 451 453 476 481
58 70 83 95 154 174 250 262 275 294 312 341 355 360 375 376 416 421 437 438
1 2 38 45 52 56 78 88 98 110 120 140 221 256 300 347 351 369 449 470
14 17 101 117 118 129 135 137 173 220 246 295 352 404 423 464 465 473 482 486
0 32 34 55 79 163 234 293 297 314 348 363 365 384 399 427 441 459 485 497
106 146 159 162 179 191 195 226 268 277 303 326 336 348 360 388 400 407 472 485
70 140 160 170 222 245 257 263 277 298 300 328 330 355 374 379 395 424 435 481
48 96 129 221 243 279 303 307 321 357 377 378 382 395 402 404 412 433 446 474
12 37 41 98 110 123 148 151 152 178 187 201 226 252 255 340 349 361 399 482
51 107 127 161 187 222 236 260 270 279 284 312 316 318 326 327 343 383 401 483
23 40 55 87 120 164 177 204 205 239 251 263 279 293 337 338 373 383 402 432
21 75 111 195 204 229 246 270 311 343 387 413 414 424 429 432 446 450 488 494
15 88 97 145 178 228 295 299 314 316 324 326 365 371 384 390 397 426 490 492
9 13 23 45 49 127 142 189 212 222 236 248 260 293 318 329 373 386 415 465
39 45 59 60 113 152 156 174 223 231 250 252 282 286 318 338 371 437 444 474
25 244 328 356 369 370 372 376 401 419 425 426 428 432 434 448 449 476 487 489
18 20 33 40 80 110 147 159 185 224 261 275 365 379 411 445 457 458 466 482
9 26 34 52 65 74 88 106 119 193 228 230 252 267 296 304 334 352 381 496
11 15 44 52 55 74 99 120 127 131 161 246 247 254 297 309 317 341 411 413
2 4 63 66 80 128 136 228 307 312 322 365 384 395 396 414 424 438 468 484
40 85 119 144 177 189 225 226 245 321 333 348 349 355 369 373 401 402 433 440
7 27 87 103 104 116 128 133 196 233 246 311 316 359 371 398 440 445 490 498
17 58 59 60 63 74 89 90 104 105 124 132 145 153 336 368 433 462 476 490
10 30 46 75 89 144 163 222 228 229 259 266 299 400 410 431 438 481 489 499
61 62 123 150 168 170 182 257 281 305 316 319 365 390 407 410 422 434 446 472
60 151 165 176 262 282 319 344 363 367 374 377 379 384 405 410 440 455 474 480
2 25 26 29 60 151 258 268 291 295 297 352 403 415 419 439 465 473 475 476
9 28 37 77 91 111 140 144 164 177 187 221 245 265 314 366 395 402 447 497
22 43 70 114 170 175 244 250 283 287 313 316 342 380 401 406 427 464 475 483
0 90 92 136 172 210 214 235 239 264 288 291 301 306 353 368 379 398 431 440
17 57 73 95 137 171 201 212 236 326 328 361 389 404 420 448 460 486 497 499
0 17 45 53 58 84 93 94 220 229 258 291 315 345 391 422 432 442 456 473
2 12 21 32 34 43 80 92 136 144 160 162 163 232 298 309 312 389 415 489
9 26 37 51 66 89 137 173 205 211 288 337 338 420 421 427 437 438 447 473
41 50 58 60 75 82 116 129 140 158 195 228 284 327 353 377 444 467 474 484
7 32 111 127 162 181 182 193 218 224 237 279 294 353 369 374 396 421 438 473
4 21 32 55 110 192 229 292 308 318 327 329 344 353 375 392 400 417 439 451
26 68 83 93 114 128 137 168 186 205 241 242 278 344 356 363 383 396 397 439
9 84 129 204 220 244 301 319 328 331 336 338 411 416 418 422 434 444 451 472
42 97 104 106 116 124 134 137 145 151 155 170 193 317 325 344 347 355 377 386
52 67 87 140 143 166 168 203 247 249 258 269 276 286 330 333 375 410 474 494
64 66 85 88 94 103 132 134 166 183 239 259 346 350 359 384 430 448 454 475
18 55 62 109 133 159 167 209 246 259 260 269 272 335 346 365 379 454 474 486
1 22 31 53 76 81 83 128 153 165 170 190 218 233 234 313 372 408 430 445
24 30 76 106 123 128 143 171 198 202 226 259 263 270 300 301 352 427 432 472
8 49 112 127 132 144 197 205 226 248 256 310 366 386 400 401 416 429 460 490
23 39 41 72 92 239 294 316 329 349 372 417 423 428 430 433 436 469 472 499
29 124 151 155 169 174 180 209 242 270 305 346 348 377 406 411 433 435 443 453
4 45 92 127 140 173 194 233 269 301 322 332 379 384 401 438 454 463 471 483
15 24 26 28 56 84 90 95 116 218 228 246 265 282 321 336 352 431 469 487
11 13 24 58 60 66 162 208 274 332 337 342 378 387 395 428 431 484 489 494
50 72 87 90 107 121 216 225 226 246 259 262 273 280 286 325 335 337 340 426
26 35 56 79 84 100 108 114 117 214 249 269 277 317 331 340 389 473 478 498
19 31 38 62 184 187 214 284 313 320 349 353 362 371 374 383 393 403 436 446
6 9 27 53 79 134 141 201 284 347 351 354 372 392 415 447 472 476 486 487
31 42 48 78 104 165 184 197 199 226 278 308 356 371 375 379 412 417 449 498
38 42 43 49 54 60 62 63 71 84 145 148 191 264 275 285 411 455 480 496
20 31 47 80 124 140 158 211 213 216 218 230 254 283 293 387 388 430 468 472
32 54 74 77 78 97 99 172 210 266 299 318 391 392 395 398 436 471 474 491
47 56 62 71 73 110 119 182 208 245 250 281 297 332 356 443 452 469 489 493
14 29 130 131 158 180 182 212 225 235 271 276 285 295 319 324 325 389 484 492
1 28 31 59 67 94 153 163 209 267 285 293 303 353 372 373 431 432 458 493
21 98 107 129 133 135 160 161 192 240 242 254 285 302 410 420 448 470 475 484
61 81 83 93 109 130 137 158 195 196 237 278 320 359 363 368 369 376 399 487
23 97 117 147 153 160 169 186 192 212 216 224 240 242 253 291 303 441 460 464
11 29 34 37 184 187 210 228 234 255 280 283 300 349 390 397 401 403 426 458
33 87 107 118 125 142 209 232 245 291 319 367 397 411 423 456 469 478 492 499
34 35 82 109 132 136 141 170 191 212 213 230 246 283 358 375 443 451 480 487
3 6 21 35 48 70 87 113 127 137 156 161 187 198 211 217 277 290 315 491
35 85 112 133 135 179 193 194 239 246 268 274 299 313 365 434 447 458 462 465
