210 213
455 482
400 446
114 191
305 331
150 165
395 397
3 10
122 179
325 336
105 134
126 181
116 172
422 478
102 136
169 198
108 137
209 293
238 249
222 253
38 98
180 192
402 427
366 379
471 474
360 393
237 257
23 86
357 392
277 281
50 75
19 85
443 481
465 491
319 394
106 176
137 139
168 177
218 248
420 469
417 465
227 263
19 55
231 265
12 16
441 477
308 325
142 152
257 262
230 258
143 171
349 371
174 182
425 432
218 272
137 163
443 478
39 51
143 190
95 98
212 215
143 188
109 176
115 158
256 282
31 81
100 192
314 359
466 478
430 451
12 50
233 259
418 468
236 282
125 127
437 482
281 287
180 182
208 210
219 220
109 146
454 485
322 398
118 173
133 148
251 280
105 152
312 319
15 66
4 36
408 409
166 172
51 68
405 443
352 365
136 191
2 36
229 253
400 445
228 267
31 79
113 186
456 478
208 286
421 455
336 379
205 267
320 365
337 360
238 246
410 466
170 173
137 153
306 317
413 421
5 26
157 190
305 332
12 59
367 384
68 87
165 197
320 339
39 81
338 366
145 157
16 94
12 76
251 271
17 52
32 96
110 192
10 64
427 454
8 29
26 60
35 39
485 494
300 371
453 475
1 37
304 342
119 127
250 255
20 54
52 65
127 134
15 81
165 195
45 70
209 257
137 149
140 195
42 56
429 441
127 153
343 365
253 297
301 307
250 294
322 369
101 128
48 97
262 299
224 267
338 368
133 187
420 496
310 385
344 394
201 207
105 106
20 29
48 79
154 189
434 440
429 497
40 81
418 477
42 45
441 471
300 310
26 52
103 136
405 461
215 246
188 191
310 369
241 273
386 389
75 95
321 387
124 185
138 185
338 350
432 440
223 289
216 277
37 80
494 496
20 64
248 291
270 290
104 187
30 82
302 346
331 335
130 144
113 128
401 437
452 475
7 25
251 281
56 62
249 259
33 76
59 81
257 264
67 77
43 92
205 257
36 40
65 70
448 469
82 92
140 192
426 488
428 447
417 474
119 146
321 365
475 489
323 334
155 164
117 123
101 146
208 280
331 391
206 287
206 228
17 98
249 264
306 391
206 269
237 296
309 363
208 261
379 386
417 449
143 187
263 286
309 370
450 474
319 348
115 158
147 199
107 180
109 185
417 420
284 299
4 46
135 173
286 294
114 157
451 497
144 187
216 292
312 325
350 364
268 272
5 71
408 442
203 270
325 386
484 499
203 277
349 386
212 229
418 455
411 424
83 99
76 80
252 260
318 321
333 334
24 61
60 82
291 296
449 453
241 248
42 58
330 339
211 292
465 476
253 285
427 434
174 184
345 356
52 70
49 74
44 64 432
14 26 107
114 219 229
51 58 108
40 62 100
146 309 344
314 435 490
134 175 268
83 466 494
112 335 389
253 427 492
110 167 347
383 409 424
131 142 144
269 271 276
46 60 78
36 43 229
8 35 389
337 361 498
193 305 363
158 196 243
36 50 69
370 429 486
21 333 392
172 412 432
235 328 329
52 55 161
60 344 353
351 366 426
62 213 214
29 88 93
49 53 380
118 145 164
301 330 331
151 401 448
52 77 130
19 29 479
125 415 476
170 374 395
50 326 346
14 77 265
215 261 348
26 84 496
18 28 481
233 415 419
165 232 296
232 249 400
73 81 222
12 42 85
303 325 395
1 215 292
66 73 454
212 372 382
274 326 340
101 212 296
111 345 347
304 426 427
160 186 195
30 235 243
197 231 257
283 442 467
340 344 357
169 172 470
277 400 422
130 191 416
44 68 303
124 166 168
214 235 282
111 134 280
305 309 357
160 191 471
339 343 358
237 421 445
27 48 373
12 312 395
416 448 481
150 181 289
418 482 487
311 395 451
24 84 224
7 64 368
418 430 472
193 199 444
21 127 167
103 139 327
201 245 391
114 162 189
122 252 275
164 413 486
122 136 331
3 97 313
310 375 397
69 335 370
354 375 474
146 166 321
224 258 473
212 327 341
346 443 450
9 33 284
234 424 454
73 92 337
108 161 412
36 42 448
84 333 377
21 60 246
241 273 295
235 328 383
148 152 440
100 186 358
106 409 466
140 307 347
55 130 172
37 321 346
301 346 413
48 63 95
181 409 436
309 311 356
28 30 231
58 108 123
229 299 385
245 256 261
375 435 451
91 346 375
386 402 461
222 286 348
297 410 441
169 436 437
16 88 368
125 338 357
64 288 291
66 376 393
160 351 386
116 194 382
75 418 499
42 113 129
163 326 392
49 55 73
47 304 344
152 186 392
136 173 441
141 143 186
39 362 384
74 83 366
130 337 354
150 151 200
23 422 494
308 367 380
170 199 330
321 345 383
313 315 332
237 404 407
138 268 299
135 210 259
119 143 164
201 225 493
25 68 88
101 102 204
259 300 394
201 210 227
178 308 366
145 152 216
36 456 466
232 254 426
134 198 467
252 261 289
42 77 79
432 434 437
150 195 427
126 131 476
22 68 71
231 259 468
261 312 397
429 431 439
46 90 323
485 494 499
302 307 338
11 18 143
226 272 330
192 227 299
50 60 98
2 115 151
163 379 390
159 183 355
150 426 443
249 315 342
161 181 442
8 71 101
261 471 483
219 249 444
132 428 433
117 169 329
160 172 430
204 260 484
322 340 375
118 137 185
36 62 382
120 307 320
203 308 375
131 273 297
125 135 256
3 81 424
164 195 308
1 31 200
138 143 214
10 39 92
438 448 490
117 194 216
342 372 475
269 431 482
130 144 350
342 414 420
105 130 179
107 128 297
269 270 385
211 227 398
406 465 468
159 180 404
10 20 279
40 68 307
86 422 450
223 265 355
278 366 379
303 340 366
176 280 298
206 215 232
330 377 396
241 242 490
400 425 460
206 250 438
457 488 499
325 407 492
79 83 275
65 459 493
113 181 285
96 238 271
10 467 495
222 231 299
187 462 468
212 403 449
27 76 401
313 359 365
281 467 499
190 195 199
330 352 356
149 309 382
4 15 449
83 96 349
236 289 349
211 229 259
329 384 491
167 401 476
437 475 489
442 448 463
107 131 139
182 205 280
19 100 179
14 33 100
346 376 470
41 142 143
251 277 368
95 406 428
183 348 357
125 190 371
251 304 381
53 95 201
357 360 367
127 162 188
56 224 261
217 340 354
7 20 68
124 158 409
189 231 289
109 193 477
253 264 274
74 331 372
0 13 255
7 483 499
13 386 389
160 400 463
387 446 458
301 403 424
50 57 77
321 399 448
179 400 456
162 181 486
257 309 325
220 319 386
32 39 272
308 462 499
38 67 103
244 278 323
242 290 404
134 218 231
10 41 325
157 433 455
41 130 140
260 274 437
211 408 431
1 57 65
18 61 302
92 237 447 499
51 59 194 307
228 229 297 433
22 28 41 78
254 286 313 335
254 262 330 468
55 120 151 244
52 92 186 487
91 105 147 489
96 221 222 362
102 199 278 319
157 173 235 354
138 157 361 428
31 358 363 386
22 70 81 283
4 41 121 481
287 389 434 465
33 132 152 400
24 214 251 420
70 234 254 410
38 72 75 326
4 31 452 465
209 299 346 483
80 87 266 430
83 208 250 497
15 97 213 486
107 173 413 439
106 184 280 355
142 217 418 459
40 121 169 368
6 137 160 254
235 389 450 479
373 399 411 498
169 270 432 450
324 420 438 489
212 218 299 448
32 333 345 381
2 22 433 455
198 235 245 342
254 320 399 459
29 91 92 406
150 303 358 444
80 300 395 398
235 242 303 491
105 216 255 326
100 108 197 298
10 81 225 441
120 125 305 323
23 360 387 411
85 220 264 288
61 78 189 228
154 257 328 337
48 215 278 282
64 279 284 349
69 454 460 473
164 196 230 243
77 253 279 487
98 249 331 399
48 89 118 213
17 100 139 313
216 312 425 453
32 54 64 239
88 432 455 467
172 303 327 333
260 314 392 410
126 158 165 418
112 405 421 480
62 75 171 254
115 218 281 471
231 238 262 310
29 34 357 492
105 156 182 487
64 138 209 291
213 418 425 457
89 149 360 367
28 74 181 248
203 218 462 463
260 336 457 462
34 420 452 467
138 413 420 496
91 142 384 390
223 287 409 473
354 412 425 429
138 197 428 471
30 35 149 196
30 63 145 404
242 377 395 434
31 44 81 104
100 449 484 488
218 296 305 384
172 299 411 476
162 187 367 444
136 156 176 479
115 260 269 314
0 32 64 359
97 107 403 433
104 196 451 466
68 73 266 328
33 115 196 488
35 55 65 167
20 96 186 435
36 37 238 327
221 241 387 485
19 171 172 467
211 256 298 490
139 455 467 471
107 152 326 335
232 235 236 309
74 100 361 390
116 137 235 370
11 51 75 303
144 213 283 454
34 139 186 476
2 88 195 203
78 220 273 333
123 188 270 288
131 157 408 495
134 176 301 458
31 84 150 203
220 231 340 352
45 189 301 311
124 139 284 415
94 113 117 490
159 190 470 480
17 137 437 462
132 187 469 473
46 170 489 498
142 188 287 441
160 284 307 318
269 297 439 493
223 259 260 414
79 100 195 304
43 51 314 374
250 273 359 364
136 219 268 338
214 272 373 440
35 47 237 278
136 330 412 425
113 321 429 458
300 326 390 443
32 36 52 455
14 49 57 108
133 266 337 391
32 359 375 395
15 223 225 259
106 308 355 377
46 317 344 424
128 169 334 368
140 407 435 472
219 411 461 463
96 114 122 458
209 261 438 467
0 298 323 333
48 158 195 402
108 287 346 368
125 344 384 392
153 223 308 310
39 327 382 441
378 384 477 496
43 94 232 383
144 237 423 435
81 119 288 292
23 37 157 173
25 318 335 394
202 260 271 386
8 236 275 305
105 135 314 329
206 209 297 397
106 196 234 287
138 315 323 490
145 159 352 404
62 97 224 480
236 339 342 385
28 87 393 402
85 110 164 374
90 133 183 345
217 250 333 368
202 205 383 400
41 144 183 317
107 332 416 498
8 235 425 464
116 180 237 291
118 271 282 388
119 158 225 361
21 383 385 392
71 333 422 471
155 159 305 364
12 142 206 247
36 108 451 493
352 390 421 433
121 318 417 462
3 27 414 416
267 332 335 359
13 22 62 270
17 220 223 297
15 220 297 307
6 81 201 352
206 344 433 490
234 249 280 347
12 428 494 495
114 211 319 346 383
71 82 110 448 454
117 159 249 370 482
144 149 157 306 469
37 55 241 377 420
63 345 358 383 425
31 74 84 365 377
39 161 198 211 323
7 13 218 392 415
0 78 89 304 393
261 269 336 365 387
4 55 154 176 273
143 146 311 429 442
40 256 287 459 492
112 208 418 422 451
205 293 356 410 484
37 84 213 217 254
65 111 172 218 347
250 416 471 486 489
56 66 119 307 392
118 148 230 248 371
26 38 233 367 496
149 251 279 331 432
21 27 71 73 229
257 282 285 354 459
46 53 59 100 360
13 94 216 275 459
184 311 342 352 477
11 51 55 233 358
83 94 359 395 483
180 225 274 370 468
87 132 138 192 295
106 126 355 465 499
1 47 205 355 387
32 114 291 296 363
65 263 327 346 429
44 344 395 438 499
230 271 285 378 488
312 415 423 426 453
93 135 191 247 463
92 99 239 285 315
9 303 351 422 429
138 225 267 272 419
25 110 228 460 462
119 189 377 385 467
0 79 207 466 493
319 428 447 478 485
266 274 294 382 497
168 443 451 472 497
25 78 95 291 377
29 91 363 387 458
201 202 269 332 437
138 159 169 201 224
100 125 167 222 287
10 141 195 212 396
16 21 59 146 212
135 138 168 418 447
5 61 73 307 345
100 302 401 425 456
234 251 263 397 403
53 70 328 398 435
213 280 356 360 480
11 49 110 335 346
29 30 409 434 437
110 131 194 257 289
39 213 409 410 495
81 119 321 335 368
20 74 146 217 223
38 65 324 327 366
170 319 422 434 499
102 305 330 358 443
18 24 60 295 399
94 145 147 190 401
199 321 347 374 377
173 352 379 386 390
2 43 76 264 375
20 198 379 395 433
117 161 205 307 351
1 28 332 379 383
15 24 36 46 416
170 209 247 249 415
19 205 260 392 397
81 326 327 400 437
158 293 327 372 418
2 196 273 278 467
34 110 116 275 457
4 9 121 124 212
10 115 131 161 316
7 110 122 138 227
153 362 384 442 476
83 103 160 226 236
88 245 295 300 496
40 207 269 299 390
115 158 191 193 294
202 223 272 288 467
102 244 250 292 362
208 231 251 257 278
222 336 442 464 497
410 424 447 449 475
73 328 388 392 411
15 279 287 352 497
232 298 429 435 480
43 51 118 211 393
4 83 266 303 443
40 68 248 264 493
61 93 100 278 376
112 118 177 342 435
62 184 448 449 487
40 78 229 257 279
116 151 175 311 437
233 256 265 416 491
141 168 172 331 362
108 120 140 197 253
46 63 263 313 317
12 86 106 219 326
47 194 200 261 279
5 63 98 272 362
113 204 205 324 377
84 161 195 370 454
12 40 124 227 463
93 179 415 430 442
76 91 181 297 424
52 119 337 413 447
3 6 44 54 423
20 151 272 413 469
31 34 44 119 201
39 84 109 110 116
110 149 188 292 373
5 210 307 414 485
54 180 373 394 486
38 366 371 407 456
236 247 303 366 449
92 298 431 432 474
21 301 318 366 380
36 56 108 119 478
111 326 390 421 426
167 203 308 335 396
132 189 223 373 466
17 66 76 154 443
209 210 211 262 265
183 191 258 286 300
92 112 119 210 238
132 149 251 266 377
201 239 283 298 377
15 61 62 264 334
46 326 402 407 471
34 307 314 356 387
27 146 219 288 298
48 68 243 270 355
36 75 81 172 324
88 186 244 318 326
225 291 295 319 461
117 141 152 263 349
53 65 189 417 491
131 302 306 307 459
1 148 203 206 481
163 214 255 308 334
348 360 362 413 449
79 139 275 353 354
166 168 278 290 363
90 116 119 199 412
134 165 275 277 291
103 142 203 221 328
239 324 381 493 495
220 309 353 376 435
375 443 445 473 491
182 207 225 326 332
36 37 42 65 95
266 426 429 441 464
112 200 259 268 385
57 63 78 179 238
13 44 91 384 443
63 242 347 413 466
0 13 221 238 355
60 201 388 403 472
61 72 79 82 288
157 160 347 367 376
37 105 185 356 421
8 83 89 170 215
49 209 220 259 299
76 172 182 242 448
100 123 147 271 317
30 38 157 251 324
51 199 444 452 499
145 194 327 448 464
95 99 155 161 433
37 109 171 200 205
106 168 268 446 478
61 94 101 144 367
33 85 311 312 314
121 318 321 394 430
234 241 279 386 487
68 424 433 444 466
73 190 405 435 483
42 342 453 487 499
93 144 198 388 470
4 190 243 270 493
2 149 151 206 356
54 101 177 339 390
34 36 68 241 321
239 251 291 309 333 380
44 210 414 472 480 489
103 122 202 413 414 429
127 162 249 256 257 310
294 341 359 387 406 443
19 20 187 229 321 359
7 114 323 374 398 414
59 123 195 220 237 306
30 58 316 326 382 494
221 299 301 360 366 379
181 184 359 419 427 497
108 127 142 285 328 346
113 148 363 401 437 498
202 245 275 312 349 365
63 142 220 236 313 318
90 93 114 164 331 478
20 88 304 362 397 432
44 264 304 308 338 340
15 129 411 445 446 455
46 48 76 186 219 265
139 192 224 310 427 448
127 131 134 259 435 497
27 104 110 186 335 495
17 63 140 374 387 389
42 119 215 306 326 475
141 160 175 235 271 442
55 80 105 152 366 371
63 84 223 317 318 356
74 117 279 300 319 365
67 102 305 327 348 373
29 85 101 162 398 439
112 136 150 250 394 478
118 262 408 428 451 457
119 124 177 223 382 400
39 147 356 387 413 450
229 233 253 298 369 396
93 112 211 271 459 484
32 41 127 200 248 460
22 128 231 336 374 429
4 301 397 418 465 470
114 121 129 332 380 477
14 82 189 317 336 341
30 127 174 179 381 431
57 184 211 219 261 295
1 13 35 44 215 234
198 243 248 261 302 490
11 71 200 241 286 289
16 87 136 190 194 300
18 51 242 310 432 473
10 84 212 235 285 492
115 211 255 412 430 456
11 74 87 99 419 438
96 181 345 346 421 482
218 295 358 378 381 390
2 54 130 286 293 367
50 78 214 347 364 414
212 252 349 448 451 477
144 223 312 321 333 369
11 69 312 386 440 498
29 142 194 393 421 443
62 148 169 240 415 497
148 199 222 328 363 406
93 128 356 365 406 444
12 150 301 318 443 486
169 257 297 303 437 468
70 174 185 209 271 348
165 292 330 370 372 476
126 144 354 426 436 450
5 144 200 237 248 376
76 146 306 419 425 463
133 164 285 296 297 324
23 278 315 353 360 379
31 164 188 204 380 459
195 237 267 299 313 450
32 124 166 235 245 270
248 279 293 318 357 451
69 87 306 314 347 393
8 71 78 226 254 409
56 159 270 295 391 468
98 159 189 234 287 469
11 56 162 269 359 433
156 169 282 305 368 390
0 17 46 51 356 467
94 276 321 409 436 493
14 70 109 181 312 366
117 125 128 146 215 223
69 132 207 230 394 470
102 130 171 357 417 452
107 305 361 445 449 465
162 227 303 361 408 454
57 58 72 126 240 395
18 83 96 446 456 497
9 16 53 102 230 292
55 239 287 339 422 486
11 42 128 335 473 483
15 126 262 291 297 347
255 357 411 457 478 493
115 181 225 327 392 408
88 97 282 357 439 463
120 185 226 301 362 382
75 143 148 152 157 284
3 104 235 298 465 480
228 277 281 284 346 396
148 167 180 239 406 423
5 6 10 77 98 160
53 99 115 125 182 298
244 315 357 422 472 496
185 345 348 375 399 446
8 139 160 326 376 425
47 163 192 257 273 338
62 153 230 432 442 494
8 132 179 241 294 434
21 26 97 384 391 416
159 183 331 360 408 498
131 212 218 267 277 282
144 153 316 397 426 441
121 178 225 270 295 473
108 245 255 386 404 492
17 41 95 390 411 451
152 154 183 262 276 309
145 230 253 293 411 476
176 210 222 367 437 451
214 292 294 405 436 496
47 95 267 270 277 307
12 409 412 436 461 481
12 65 102 153 305 440
6 8 32 33 319 350
2 45 66 84 369 449
0 101 203 332 333 376
90 217 268 406 424 427
117 152 162 269 279 294
204 247 275 293 353 397
103 120 198 299 430 491
91 134 154 164 365 381
58 70 111 183 319 395
19 22 35 86 231 375
26 35 141 169 196 306
134 204 212 213 246 472
17 104 173 234 405 486
0 51 70 177 190 499
119 185 254 407 454 481
175 262 377 393 440 442
98 210 257 412 455 489
143 261 340 366 426 490
153 157 166 197 276 327
88 175 272 277 279 365
107 193 207 222 235 254
6 37 73 88 169 254
42 108 243 321 343 344
275 306 311 410 425 456
57 258 291 346 348 417 480
23 58 110 117 230 271 441
8 27 73 149 165 236 326
105 165 170 305 343 403 404
45 106 137 434 463 485 487
3 113 125 275 391 452 472
61 70 214 263 315 366 454
37 38 160 371 375 440 463
5 18 29 65 96 166 382
61 69 138 262 445 457 474
57 97 157 161 291 402 472
32 109 164 169 211 265 340
189 312 418 426 484 492 493
56 73 145 170 226 280 409
152 302 303 327 415 480 491
120 281 298 328 385 421 460
12 38 252 295 422 424 445
89 113 233 247 259 365 494
62 74 78 185 224 451 476
14 56 118 222 259 317 412
110 136 167 175 177 334 379
24 242 349 360 417 434 436
3 130 187 304 310 336 360
63 87 146 220 268 309 354
78 85 127 219 309 322 389
131 132 196 197 209 251 272
7 24 46 137 220 260 275
109 302 313 321 364 416 453
52 54 147 162 321 454 487
191 243 276 277 315 356 480
60 230 359 360 372 410 436
10 28 69 81 174 244 256
45 131 181 189 373 403 475
45 203 215 274 280 419 432
92 138 177 182 223 305 473
1 30 277 301 307 449 495
19 41 51 82 171 203 373
2 41 87 179 416 458 486
20 165 217 266 454 460 485
51 203 259 282 334 399 417
24 61 126 322 358 412 427
31 72 128 183 217 259 347
30 48 57 88 137 176 243
12 72 302 327 333 374 409
51 94 193 218 231 260 268
38 40 43 85 98 130 411
20 56 131 265 305 465 499
38 253 288 346 349 383 412
16 175 194 230 269 308 428
13 136 160 239 330 437 453
92 166 276 455 458 464 496
6 28 43 227 289 318 444
0 18 46 178 336 368 435
0 229 234 242 402 433 497
107 136 149 155 377 397 456
121 160 219 393 407 484 492
107 116 169 295 383 463 465
2 30 136 261 279 482 498
43 156 215 277 376 468 470
60 131 283 321 348 395 398
9 116 294 297 318 383 386
31 60 66 162 169 219 435
25 112 129 272 336 353 364
1 126 197 203 240 331 466
69 118 208 268 290 325 347
26 111 124 130 132 246 249
47 79 115 201 224 252 339
25 40 123 279 308 350 392
1 217 317 321 357 415 479
40 76 159 310 409 440 488
107 133 164 337 352 366 390
170 172 199 245 406 408 426
82 164 253 259 370 428 491
121 197 295 365 402 437 490
6 37 67 95 312 477 497
55 122 407 408 409 438 484
8 32 109 198 401 459 475
2 77 158 219 248 299 477
215 302 323 330 358 384 495
157 246 389 426 467 479 488
15 66 184 296 373 393 421
96 98 114 315 361 429 479
11 51 244 270 274 417 477
264 267 327 330 338 392 398
85 122 123 171 223 259 296
63 107 149 207 354 372 445
41 175 198 362 370 380 387
5 46 56 125 234 259 265
14 77 281 344 417 459 463
84 122 222 244 264 297 332
136 156 226 308 316 369 391
47 86 94 290 370 445 486
118 246 301 344 391 396 492
13 61 199 214 244 291 388
0 51 56 113 199 301 471
10 73 292 363 410 453 495
31 133 281 283 304 354 382
32 250 317 398 401 407 485
87 113 228 239 244 330 419
9 134 196 251 313 315 494
279 299 315 318 369 398 423
47 97 251 252 253 313 384
84 99 100 194 243 452 477
109 120 129 136 206 247 274
40 305 320 367 407 426 487
21 40 54 85 88 204 445
103 131 272 340 341 351 359
73 77 278 317 363 430 492
12 93 96 210 330 339 479
135 143 157 171 184 347 446
50 95 102 258 291 381 440
105 138 142 168 196 219 234
61 87 93 351 393 469 475
18 42 52 212 316 359 488
55 144 215 227 290 310 370
77 189 247 257 357 381 416
89 123 155 229 274 330 463
141 274 364 370 397 398 452
60 145 175 349 408 412 432
54 72 99 166 420 473 494
46 144 156 241 263 302 470
20 78 124 132 288 347 372
102 139 191 265 325 333 342
47 216 223 229 289 423 427
98 139 236 289 298 300 311
52 57 193 328 436 464 483
38 64 67 73 189 228 353
44 51 85 92 156 315 492
65 102 113 147 183 186 248
57 67 184 212 267 312 491
64 89 191 212 253 277 381
10 26 51 57 85 192 444
27 142 240 257 306 387 443
49 147 194 210 311 321 446
62 137 146 184 235 315 414
76 78 94 100 207 297 416
263 273 318 330 359 377 419
78 129 179 192 246 310 335
176 270 307 326 338 456 490
69 113 151 271 283 298 409
12 59 83 173 263 319 348
207 277 308 336 404 405 475
43 200 223 249 256 291 347
19 95 117 120 124 236 323
112 127 358 404 438 460 487
18 38 138 155 182 184 451
17 71 136 223 324 358 410
35 50 62 80 107 277 455
185 190 327 328 359 417 497
107 132 136 271 288 332 463
105 184 188 196 284 408 438 490
3 18 196 225 263 434 480 499
19 31 53 296 322 385 386 409
73 148 213 233 353 424 428 460
4 29 78 186 252 363 451 497
70 135 138 179 298 361 372 471
2 13 183 213 215 277 414 460
21 23 25 72 80 109 236 455
100 141 144 187 276 316 435 454
71 78 79 104 198 376 415 456
9 11 87 94 185 357 484 494
7 195 214 267 310 331 417 430
30 117 208 289 300 346 431 470
32 76 83 92 314 368 472 477
2 5 27 91 99 114 122 340
136 185 226 258 378 380 429 480
25 88 91 138 153 311 338 454
13 163 169 223 229 250 295 397
47 73 134 190 277 352 378 453
28 34 151 155 164 345 357 382
25 161 162 208 346 436 439 486
20 154 216 281 318 340 343 449
70 79 127 175 218 232 283 383
8 9 47 89 146 147 177 191
123 241 326 344 359 369 382 478
23 56 124 207 231 253 392 484
34 104 122 150 313 345 367 461
130 164 169 187 193 280 425 437
73 83 103 194 231 245 278 463
140 205 223 232 256 364 407 495
47 56 94 268 403 416 435 489
12 135 176 228 314 393 396 419
166 172 219 268 284 294 433 477
41 51 103 112 168 183 253 478
19 58 64 93 94 281 310 394
76 119 170 193 205 255 415 462
17 52 202 221 252 258 341 427
18 161 173 238 329 354 369 456
108 136 345 365 432 439 443 464
133 149 214 244 285 309 360 369
71 143 198 291 300 372 388 491
15 64 135 208 277 388 391 470
228 274 280 300 437 452 453 491
22 186 194 257 267 296 301 378
149 151 177 288 297 365 430 438
33 49 67 401 415 447 456 459
3 42 267 299 374 399 413 429
44 179 189 233 387 391 419 448
266 336 360 404 420 429 473 487
39 45 82 83 186 312 370 495
2 26 58 90 125 161 396 435
194 245 263 293 329 390 458 488
1 101 169 349 365 436 437 462
37 50 102 104 116 296 402 456
36 140 181 196 258 356 369 432
5 22 45 59 143 156 179 283
52 55 91 101 133 156 243 250
18 21 133 197 212 322 370 460
18 22 123 170 244 256 398 426
27 108 157 225 330 437 452 495
18 57 64 126 135 202 265 485
171 198 218 267 353 359 457 473
30 89 189 197 237 273 284 499
7 27 110 187 198 213 390 394
4 49 77 85 99 149 215 305
33 35 48 82 159 290 311 480
350 405 417 420 424 439 447 484
31 37 45 213 346 487 493 497
109 166 177 218 288 334 335 341
6 171 243 290 299 372 451 498
8 75 76 248 268 329 412 416
14 24 112 265 277 303 359 368
93 112 134 260 342 361 431 433
119 141 280 332 333 437 470 492
60 85 197 311 388 412 417 492
24 90 91 159 222 385 414 432
52 159 309 343 347 379 404 469
60 69 140 144 199 204 316 451
9 44 126 199 222 334 364 449
89 173 202 254 296 415 416 481
67 99 152 192 226 259 266 409
21 46 121 229 268 311 378 393
38 42 58 144 215 377 390 468
117 156 160 267 338 368 375 442
209 225 242 262 269 343 364 466
88 160 202 257 283 357 387 447
1 17 201 235 267 441 467 498
21 117 130 167 213 283 371 445
54 72 109 121 229 280 354 405
6 65 67 120 131 188 254 411
39 150 232 236 295 319 401 473
7 110 210 236 298 315 334 495
20 53 83 136 208 264 327 368
85 110 126 177 234 354 386 419
79 97 159 211 304 364 379 401
20 33 180 193 228 283 367 463
32 159 322 334 336 340 371 488
8 43 50 178 293 401 423 428
45 101 123 182 227 270 276 294
51 66 89 104 172 225 278 478
6 40 116 122 175 229 327 426
8 108 182 217 247 306 414 446
65 106 156 297 326 353 420 431
20 25 58 68 130 303 422 434
4 102 126 188 454 469 475 489
10 39 140 237 250 288 448 456
52 152 289 333 373 389 399 442
84 85 165 181 360 383 427 438
141 168 208 232 233 263 337 447
7 25 37 104 107 195 200 260
2 5 34 53 388 418 453 484
18 63 101 189 316 351 379 402
76 115 135 136 210 400 452 478
103 109 161 188 309 360 364 462
131 172 180 261 307 350 379 388
128 188 240 343 400 401 424 451
228 266 270 271 310 318 484 487
11 25 108 228 269 338 350 376
12 62 209 284 329 402 412 452
57 59 215 364 369 427 429 473
15 29 63 82 114 127 288 474
77 166 204 208 240 265 283 453
21 29 66 111 165 275 336 480
21 100 122 181 182 184 339 344
2 142 149 253 421 441 475 497
32 98 127 217 266 299 380 406
23 51 129 240 319 346 399 426
24 33 47 120 277 281 308 452
35 41 97 150 233 296 370 489
176 219 275 280 325 348 382 389
49 113 132 139 174 188 195 470
129 131 173 261 266 310 403 411
53 83 165 234 313 337 408 410
119 225 295 381 449 465 481 492
25 27 102 157 230 351 355 362
25 35 49 53 263 341 435 458
60 63 68 95 113 295 435 459
119 123 148 226 229 280 345 365
126 203 212 246 270 392 431 437
33 42 213 262 284 377 480 493
0 163 303 309 320 399 434 454
89 144 215 334 404 412 414 424
55 81 130 230 255 291 402 482
114 127 140 245 275 346 410 426
83 136 169 183 208 360 396 499
3 75 240 325 420 423 435 460
36 128 144 174 196 272 304 307
15 47 176 183 325 376 377 449
0 52 124 173 248 297 350 384
184 252 285 289 298 306 317 387
55 66 145 218 229 231 322 374 398
72 116 160 195 207 260 265 308 343
2 101 118 179 185 211 217 364 441
122 155 162 174 250 302 459 483 493
21 73 104 137 293 310 407 448 460
22 70 97 125 143 148 309 316 327
5 34 54 91 164 341 373 405 476
101 106 168 241 260 308 322 376 466
1 95 290 344 352 359 371 437 457
122 142 163 230 385 397 406 419 477
60 109 240 250 254 330 335 425 435
41 176 177 259 274 351 358 384 419
23 44 67 137 193 227 248 294 411
3 41 80 97 104 133 149 184 358
18 74 106 131 234 311 335 345 448
145 194 197 230 261 327 331 340 471
50 85 127 155 277 301 341 362 481
11 76 150 236 310 354 436 449 462
90 94 113 114 126 149 171 279 451
63 96 108 110 118 164 220 276 327
14 229 248 430 438 472 477 488 496
23 42 74 129 136 203 219 286 429
3 51 192 248 285 314 446 477 492
18 201 210 239 294 301 309 423 477
2 4 35 62 76 119 202 240 465
28 76 81 137 243 284 384 478 490
6 42 75 101 210 338 372 396 401
234 239 275 314 316 354 408 412 438
12 27 142 174 280 297 304 353 416
32 51 92 130 134 213 320 408 452
17 53 57 200 240 247 249 270 369
162 205 215 219 292 340 368 372 417
17 146 159 336 388 407 454 485 489
37 66 180 208 220 287 359 398 496
29 151 169 174 180 271 346 406 433
81 91 144 156 183 253 284 483 497
84 107 122 143 242 254 261 444 453
14 35 50 99 209 232 253 419 423
31 33 144 183 193 368 374 488 496
80 256 287 305 332 394 403 434 464
40 180 280 346 380 452 464 482 484
26 65 142 304 349 422 462 476 484
7 57 79 119 205 255 338 361 378
69 71 221 235 277 278 435 479 494
51 68 79 227 330 364 375 400 460
22 35 84 316 318 359 381 452 470
58 182 185 186 235 266 289 369 474
110 186 212 223 270 273 308 423 492
106 121 156 160 201 205 273 300 349
51 63 88 123 145 264 276 373 390
168 205 233 258 320 366 368 369 456
100 133 142 192 273 439 444 464 483
107 131 244 250 308 316 473 486 492
6 129 187 203 341 396 406 411 479
7 37 80 133 221 267 381 393 427
60 144 183 245 318 414 447 470 491
46 53 58 60 83 326 408 435 481
106 151 220 226 251 279 327 367 425
0 27 133 188 203 233 256 282 293
53 99 215 230 304 413 443 444 461
21 55 110 119 148 156 231 272 413
91 98 132 184 229 337 423 458 462
3 35 60 93 104 196 239 324 447
52 129 140 169 171 184 218 315 371
60 84 147 154 297 349 361 371 385
23 63 144 218 269 276 298 362 488
0 32 46 51 76 101 356 391 474
40 41 147 190 202 249 272 335 363
2 42 183 185 372 401 462 471 476
66 158 162 254 334 403 425 466 470
45 83 84 101 164 273 298 322 326
13 35 63 69 191 220 260 276 422
193 248 283 332 362 403 418 485 497
54 69 92 199 222 277 343 367 402
23 166 172 354 357 380 389 401 417
43 87 207 208 248 253 306 343 360
2 55 69 114 146 233 308 358 424
39 47 119 191 241 245 283 360 404
23 50 76 103 203 225 254 387 471
64 167 179 185 369 371 380 404 420
26 29 49 121 128 169 243 295 365
41 43 94 232 278 316 363 406 483
93 114 140 162 180 276 396 444 477
84 106 200 224 241 248 282 366 479
25 38 95 166 286 326 351 358 361
36 44 46 61 89 165 310 402 485
18 35 86 87 165 209 239 346 455
123 182 274 322 367 404 417 490 498
64 201 274 289 293 312 340 405 491
15 59 205 224 263 264 349 404 409
46 95 143 247 299 441 475 478 482
67 91 189 242 246 250 268 272 443
192 253 260 279 281 282 302 328 359
10 20 21 31 82 302 340 347 352
58 73 90 120 271 383 395 478 491
6 41 60 81 87 172 241 250 436
57 67 176 343 423 431 470 478 484
133 256 269 308 312 316 331 375 396
0 57 131 233 239 249 256 335 351
64 72 91 173 202 217 236 251 477
11 64 86 103 158 301 347 462 494
140 272 278 308 338 341 354 367 388
20 55 115 179 252 361 395 457 469
39 175 204 379 432 470 477 481 493
40 111 282 283 290 389 406 421 462
2 141 152 201 205 208 371 415 444
8 21 99 123 341 383 385 430 496
26 36 126 157 250 291 351 425 485
93 134 171 290 294 312 482 486 496
64 127 162 191 268 316 326 339 345
63 109 147 200 241 265 298 309 358
61 86 117 119 133 154 242 260 481
15 40 50 65 276 279 289 296 480
7 104 251 257 275 296 385 410 451
53 83 118 130 193 259 329 340 341
11 106 122 165 254 277 346 374 449
29 36 77 166 218 310 313 417 420
6 65 84 135 144 148 157 268 333
90 163 184 197 236 311 326 404 427
77 132 172 186 236 363 409 422 493
24 29 127 159 177 339 398 463 498
28 105 227 293 312 364 393 427 493
11 47 160 290 397 409 454 491 497
71 146 189 192 230 250 361 487 491
35 171 210 283 301 433 476 485 490
125 148 184 305 320 334 360 375 446
10 46 56 106 117 159 394 411 430
252 281 290 332 335 341 366 405 469
75 106 155 157 210 233 312 408 467
80 198 280 365 405 407 432 437 450
25 144 232 301 334 347 403 404 421
29 88 182 226 314 399 450 456 470
54 57 73 105 124 134 138 180 327
12 34 73 170 191 235 303 481 492
28 29 47 61 89 265 308 322 350
121 193 236 357 382 386 412 449 469
29 56 88 93 116 183 275 360 409
153 166 190 269 315 380 388 437 489
103 292 315 377 390 437 448 460 491
4 104 129 167 187 191 442 451 473
109 115 157 179 233 234 330 337 352
28 172 198 297 328 368 394 483 488
0 18 27 32 382 437 456 466 476
57 76 99 153 251 272 309 439 451
41 80 134 258 275 282 365 372 439
171 192 221 225 312 319 343 410 474
46 208 239 273 278 351 366 479 493
8 49 108 173 175 259 427 433 447
39 49 323 401 441 442 474 494 495
19 57 76 101 113 216 261 396 452
38 127 311 322 345 364 372 413 431 478
55 98 130 132 181 237 310 409 428 439
10 35 70 77 94 159 291 316 334 485
84 211 223 236 324 334 397 436 468 484
49 126 272 313 324 343 344 351 398 448
52 128 177 225 286 295 389 413 491 499
151 241 258 309 392 415 419 420 480 494
89 128 162 178 181 203 238 240 481 497
6 11 47 77 150 279 343 438 479 493
1 77 135 162 174 186 217 322 349 472
2 3 66 143 157 176 285 326 327 391
36 115 116 140 232 289 310 373 388 449
15 50 121 173 180 303 374 405 459 493
18 36 159 223 226 235 254 350 415 436
64 97 112 160 202 255 310 358 391 479
49 57 64 224 238 241 262 308 417 477
56 191 255 276 315 338 350 461 464 491
62 113 129 229 311 341 357 408 446 492
8 27 68 111 125 152 197 220 439 467
23 139 234 249 269 343 392 412 414 436
134 155 169 181 183 205 222 325 366 426
25 50 249 255 257 322 360 393 423 460
16 200 260 274 340 423 462 479 492 498
20 39 128 129 171 176 252 263 287 495
19 26 63 80 86 145 210 400 474 488
11 15 59 73 124 125 146 150 436 468
98 139 249 299 306 317 326 430 461 477
59 215 259 299 312 319 338 412 420 486
50 66 80 82 101 174 320 346 413 490
28 46 137 143 231 235 381 388 432 445
48 49 91 98 115 159 208 231 364 384
12 15 20 37 126 160 278 357 373 495
3 24 34 67 196 351 372 409 488 492
3 55 122 272 381 386 405 423 440 495
22 116 140 238 251 265 328 358 419 485
19 41 127 190 212 223 358 365 425 481
254 267 283 298 315 337 396 401 421 439
39 57 99 149 187 314 317 343 378 497
33 35 177 287 309 329 338 388 407 464
21 22 31 131 243 297 307 378 397 414
14 70 209 230 279 287 314 452 462 491
23 101 119 138 298 346 403 433 435 491
1 97 130 189 289 332 335 349 358 384
60 140 235 237 333 348 392 412 435 456
28 93 129 160 263 318 337 414 427 441
127 136 140 146 199 236 250 268 290 308
8 19 20 88 170 184 211 303 326 405
75 167 258 275 364 411 412 413 486 495
18 68 262 268 282 283 289 297 374 404
4 102 104 151 195 219 264 296 453 458
107 108 131 217 301 305 328 335 350 409
8 63 101 347 355 418 430 438 470 490
57 59 126 151 178 211 220 227 413 497
6 25 50 84 89 96 209 277 314 439
29 48 87 134 150 155 188 305 318 320
109 163 179 214 272 295 350 388 422 463
39 60 88 92 97 147 257 328 341 490
292 329 335 338 352 423 442 475 477 497
8 20 43 56 71 76 136 464 478 485
15 145 155 157 233 314 326 473 490 492
88 89 104 116 123 225 229 290 292 464
30 55 87 131 157 190 192 220 256 399
24 30 85 173 186 189 264 369 476 477
80 116 135 164 240 327 367 455 464 485
46 94 175 215 231 246 282 350 364 467
2 22 48 122 176 214 220 225 254 325
38 41 208 268 329 343 409 415 464 467
27 28 61 187 203 223 298 330 393 397
14 26 121 215 322 337 366 391 479 490
49 63 134 244 264 341 372 393 418 464
4 75 146 175 202 270 273 306 320 367
9 21 101 139 252 254 352 428 442 485
103 117 123 179 253 262 334 368 372 462
155 181 187 223 228 229 311 359 390 420
52 87 139 155 164 193 225 253 414 465
30 44 70 141 216 287 297 298 481 484
3 14 38 59 110 136 175 186 393 442
49 58 168 244 247 284 289 291 420 477
17 63 136 297 307 332 336 363 377 428
34 61 214 232 340 343 346 391 414 462
2 15 32 45 152 205 207 258 363 430
140 192 259 296 304 335 370 402 410 446
0 32 63 72 86 121 194 338 387 454
13 31 87 210 327 328 329 331 406 453
152 154 324 325 354 356 360 367 384 456
35 48 80 112 269 277 304 344 396 488
79 199 325 408 412 421 422 444 453 468
62 110 181 232 247 274 303 361 431 490
23 188 217 218 300 329 442 455 489 493
26 28 36 164 168 231 256 276 307 388
23 71 111 165 178 246 421 428 435 458
27 287 298 333 403 426 468 479 485 499
21 29 45 83 128 252 319 344 350 436
67 103 183 220 360 383 399 429 462 464
5 7 22 73 81 88 106 204 401 491
66 123 153 157 211 327 332 387 462 475
70 86 90 201 254 289 303 418 445 449
129 158 174 214 217 269 338 341 363 406
45 52 74 138 151 161 228 405 415 444
33 51 85 151 197 296 348 414 447 473
24 44 84 95 232 240 241 259 353 491
75 116 174 176 196 340 379 387 398 476
79 129 130 131 139 187 205 209 222 482
15 30 104 114 122 150 246 421 480 483
39 105 165 251 263 333 435 438 447 475
50 118 135 254 311 348 351 394 448 458
13 40 42 98 156 159 172 202 334 483
115 174 242 253 288 302 318 324 337 460
16 32 210 249 255 269 300 303 384 411
59 135 163 165 273 312 431 461 493 497
29 177 228 341 349 360 390 486 487 488
134 161 193 224 266 267 276 323 441 452
5 75 86 98 102 112 184 344 436 466
63 104 109 114 169 288 291 315 458 476
91 221 246 306 322 330 358 437 450 461
4 27 94 108 184 223 258 284 328 395
31 141 151 182 204 247 252 457 476 493
1 162 226 260 321 332 368 402 462 477
32 51 82 120 137 139 232 235 268 428
17 67 136 179 281 340 373 394 476 497
11 26 31 39 136 360 382 388 455 491 496
8 109 291 315 317 333 391 398 463 475 482
35 65 71 87 142 283 291 313 353 475 484
63 97 121 180 243 251 303 404 405 460 468
64 79 102 122 142 218 246 351 364 374 489
66 95 108 133 148 157 170 183 246 493 495
32 219 316 322 345 376 386 430 437 462 486
1 12 91 166 190 228 246 417 445 449 460
5 8 28 47 132 140 146 348 412 413 469
96 144 229 255 272 383 414 427 429 437 460
51 92 133 162 171 175 217 406 436 484 498
7 57 59 71 73 93 173 184 366 475 499
85 141 206 361 378 379 400 413 415 441 487
23 26 93 109 144 259 280 310 325 361 388
38 104 278 321 341 388 400 431 452 486 493
25 109 138 275 308 312 317 326 373 411 451
48 50 60 108 135 221 314 386 403 449 452
44 113 122 170 209 240 269 345 373 485 492
175 182 183 201 204 225 234 254 344 389 419
8 66 94 111 115 150 156 176 193 305 361
2 19 41 105 129 174 208 221 230 319 448
11 13 19 78 89 176 311 338 349 374 471
10 57 95 122 157 176 193 240 278 283 328
36 51 61 71 73 150 158 247 283 341 493
19 29 125 223 227 269 275 396 441 474 493
6 70 132 158 159 231 259 318 454 459 486
56 217 264 268 284 344 352 403 424 431 442
6 71 103 126 148 304 310 368 387 427 464
3 77 159 276 308 312 323 331 351 394 463
122 136 162 164 200 204 326 365 414 432 484
110 148 163 212 242 246 403 418 428 465 486
33 48 153 194 206 251 302 408 445 461 475
12 100 146 199 204 208 250 251 345 440 490
91 149 153 183 197 214 255 359 391 453 491
126 132 160 209 247 249 260 285 349 357 419
29 31 49 53 77 246 268 294 329 456 470
17 30 35 81 109 116 135 143 194 259 395
47 57 62 79 169 180 189 202 401 438 454
41 80 98 163 164 315 424 425 457 467 472
41 72 104 128 200 243 369 405 482 490 493
4 71 81 108 184 201 235 258 279 371 407
37 94 112 122 185 234 259 322 325 392 423
88 89 92 154 226 253 333 345 347 410 454
34 47 52 63 78 96 207 222 245 368 416
8 75 87 253 332 375 393 400 460 475 493
57 72 81 84 85 108 218 228 251 281 396
26 66 86 100 205 225 252 338 374 402 447
15 18 159 182 201 234 295 303 340 407 457
32 49 150 171 179 213 227 305 430 434 499
20 52 61 119 163 168 194 304 306 430 477
11 131 253 290 301 318 374 382 455 481 487
16 46 47 60 73 81 116 118 294 373 419
112 116 178 197 231 235 288 335 409 458 476
10 11 51 58 104 130 177 179 219 315 373
6 24 69 183 219 309 333 364 462 466 493
18 55 121 333 343 360 366 404 430 457 496
0 102 148 176 190 224 247 278 291 352 417
15 105 115 170 188 386 405 406 430 452 460
29 69 118 157 247 274 395 424 444 476 482
18 25 117 131 134 186 200 241 430 455 495
76 153 177 195 200 228 317 321 323 337 381
8 62 116 121 168 204 268 291 410 413 452
181 187 197 200 201 278 283 328 354 368 472
25 83 135 146 264 326 327 379 394 395 400
74 124 220 266 306 343 363 437 455 464 466
29 36 52 71 212 298 360 371 382 426 463
34 55 130 196 283 298 319 363 438 481 497
23 57 121 124 286 384 385 401 407 446 491
25 35 45 54 71 263 364 410 458 476 499
30 77 107 246 314 318 319 388 397 413 436
8 14 17 18 67 130 320 352 359 415 474
41 66 105 146 212 274 328 353 363 377 490
66 153 160 191 285 300 351 397 426 427 499
38 48 96 101 107 155 183 298 299 442 454
20 121 153 195 210 212 226 327 389 461 478
24 35 44 128 225 242 261 298 333 347 459
20 83 84 110 180 315 368 398 423 450 460
6 17 21 101 108 136 200 211 257 283 432
24 70 263 275 301 342 344 374 437 480 488
36 49 51 78 83 84 98 175 265 460 486
11 19 106 222 223 238 294 354 364 371 451
62 216 241 250 267 303 313 333 389 410 471
62 92 129 134 148 161 223 349 352 355 447
2 48 65 75 103 179 219 362 432 474 477
77 135 163 173 184 214 240 319 344 354 394
6 43 65 95 218 321 360 465 479 487 489
15 47 102 118 185 197 285 293 360 370 421
221 255 272 279 281 322 326 394 411 412 426
129 166 205 229 283 285 333 364 384 426 433
9 45 142 248 260 318 329 336 342 386 403
3 20 67 100 168 228 310 353 367 393 496
20 78 137 275 294 334 386 396 414 420 446
15 33 90 170 202 229 235 262 374 453 466
157 192 215 257 285 333 338 354 397 454 469
33 56 92 93 148 161 202 314 356 415 475
60 63 117 130 155 206 217 303 341 461 475
3 70 71 117 121 146 174 303 344 389 486
110 177 215 254 350 394 430 438 472 482 488
22 122 170 211 235 290 293 314 449 479 494
4 5 122 252 254 281 288 296 330 402 447
143 172 211 260 265 270 286 345 369 390 490
6 84 87 228 241 286 303 353 385 473 488
4 7 32 123 193 218 244 294 328 345 421
22 137 266 269 301 314 316 392 396 416 493
208 251 321 322 330 337 341 352 414 460 461
27 44 139 153 159 270 298 348 357 433 436
7 144 173 236 306 312 441 443 461 485 491
4 46 61 65 84 214 288 375 395 396 485
44 46 120 184 238 249 294 345 346 387 454
11 41 74 96 225 298 304 374 395 406 461
5 15 114 142 174 194 306 325 369 453 493
69 94 96 156 167 179 194 304 308 395 472
51 120 133 362 377 380 385 396 412 422 432
60 130 209 223 233 235 238 256 305 379 485
58 82 92 99 170 199 334 336 350 362 434
73 91 125 147 185 186 243 368 403 409 445
13 19 103 179 223 237 325 389 462 474 477
16 63 77 128 177 272 283 305 373 404 421
47 63 80 88 98 114 117 159 310 405 452
38 61 77 135 162 210 225 279 310 369 456
36 46 55 219 238 271 273 320 452 454 470 480
92 93 103 198 200 316 366 393 397 427 462 480
8 63 75 81 109 175 177 193 195 289 333 389
8 54 70 77 103 140 157 187 227 293 313 424
0 2 62 107 139 166 228 283 373 394 398 407
20 31 91 105 132 148 150 176 382 425 460 466
50 98 118 158 189 221 315 356 360 415 469 496
46 52 115 246 277 310 344 356 371 432 474 479
40 69 84 142 218 284 348 379 391 423 427 467
1 8 12 56 84 96 166 220 244 273 347 414
23 35 47 97 105 161 244 272 274 356 403 428
29 58 61 99 115 131 251 256 302 461 475 481
65 67 87 107 118 206 211 238 408 442 447 465
5 7 78 152 178 184 195 232 248 262 298 462
10 64 103 112 138 213 276 290 295 343 385 421
59 61 93 136 163 180 189 307 380 395 413 452
53 55 71 247 275 296 306 314 337 343 352 366
2 117 153 169 200 203 261 263 269 418 476 480
145 198 265 278 294 301 318 341 351 367 451 463
16 44 65 75 182 209 223 301 317 388 442 454
88 95 97 119 190 231 267 320 324 381 467 481
4 169 196 273 313 325 364 398 422 450 468 486
34 94 105 139 180 199 231 303 308 342 361 405
83 103 110 158 190 199 226 383 402 404 410 458
47 54 65 75 76 78 103 105 270 283 403 458
151 173 209 266 267 314 340 381 444 459 477 486
7 15 25 46 116 130 135 138 249 304 367 422
57 69 88 99 190 219 311 315 331 354 415 493
4 29 41 74 89 132 140 152 165 275 310 472
20 25 39 92 175 212 242 300 301 306 449 461
11 118 176 228 251 252 260 279 285 324 397 448
4 43 94 111 128 131 266 277 351 362 380 433
29 114 144 194 236 241 248 260 311 352 436 437
31 87 93 167 191 196 281 342 344 454 456 489
102 160 177 226 229 240 280 337 379 430 442 472
7 51 82 124 169 192 195 201 247 251 442 452
40 68 85 101 137 156 160 199 420 430 466 494
4 16 135 153 179 203 212 216 270 288 292 320
9 109 120 140 368 376 407 417 425 481 483 497
93 140 162 179 237 241 323 388 414 419 430 498
89 95 198 200 211 223 228 257 287 310 368 476
18 35 37 39 66 69 70 169 214 285 359 465
8 74 118 149 250 254 377 404 424 465 474 483
65 122 204 224 264 287 289 329 332 365 423 465
97 173 212 230 263 268 295 347 363 459 473 489
34 92 112 239 315 318 371 413 414 478 483 491
2 53 109 255 260 288 316 333 479 481 484 488
4 13 66 108 161 217 307 368 427 437 455 456
17 59 87 127 144 167 185 212 298 343 371 397
80 97 187 226 308 319 329 342 384 389 416 455
85 90 100 233 269 275 295 387 404 425 449 480
146 187 239 283 293 326 348 361 378 401 438 463
36 47 182 232 250 258 259 317 323 332 397 412
1 108 131 136 211 241 244 400 439 470 481 495
53 122 158 185 202 204 251 336 354 369 459 487
0 33 139 140 178 235 265 386 438 453 464 467
18 29 38 55 106 110 144 269 319 468 473 499
21 40 65 72 77 179 216 226 269 377 428 429
68 118 122 143 152 215 236 289 317 403 470 489
39 40 62 105 137 253 274 308 368 410 482 492
81 141 161 252 280 286 330 369 377 397 413 419
28 69 106 160 163 181 235 283 294 329 452 495
66 125 166 220 257 273 276 291 295 297 319 395
59 133 153 176 177 195 231 248 349 358 471 478
10 21 114 126 202 263 322 328 333 340 346 384
37 41 45 68 153 218 227 312 334 355 406 411
32 90 98 113 175 243 274 302 314 333 337 479
6 41 99 162 196 200 201 276 313 333 469 498
27 32 46 173 179 213 248 277 320 356 372 401
32 39 187 215 272 280 292 396 399 415 428 458
34 113 224 238 298 314 332 347 352 439 490 499
22 97 106 129 194 232 293 304 355 420 467 484
1 126 140 148 234 241 250 262 284 337 352 355
23 74 128 138 240 252 256 285 338 340 450 468
35 281 307 310 333 346 348 410 420 429 471 485
123 226 278 284 306 362 372 394 422 437 440 493
62 65 109 115 212 226 239 249 305 377 395 444
34 57 58 60 66 139 215 220 310 340 372 484
152 200 203 204 218 264 273 319 356 424 433 464
45 57 122 158 184 190 209 220 306 386 411 445
175 190 257 276 286 333 343 398 400 410 449 499
2 49 95 128 142 268 306 335 400 424 438 498
59 63 75 112 168 187 266 328 362 372 425 429
17 103 158 213 224 321 340 386 430 453 469 487
16 134 169 186 193 304 321 362 363 387 451 465
9 55 74 175 224 299 312 317 319 372 386 447
24 28 58 103 164 201 219 304 364 374 394 428
104 117 140 147 177 179 230 282 333 377 383 395
162 175 210 214 248 302 369 390 398 459 483 484
5 78 99 173 184 266 299 329 367 397 428 488
34 60 139 143 157 207 227 252 443 462 482 487
47 68 86 115 135 261 301 321 357 381 410 484
4 38 48 66 87 113 138 188 246 364 383 386
46 112 191 250 286 330 368 374 433 437 482 498
47 71 119 133 138 158 182 245 250 396 436 443
73 80 194 221 229 232 248 270 279 388 407 456
17 30 82 191 233 303 308 331 333 347 356 473
4 44 48 78 135 147 196 210 314 377 398 485
44 47 88 185 217 235 300 323 361 398 451 498
113 161 163 217 231 349 357 373 376 420 457 476
64 277 284 302 321 382 416 426 430 476 483 498
73 91 127 159 163 171 205 228 264 390 396 490
18 34 91 223 239 244 306 357 376 415 417 419
19 43 49 158 167 186 239 309 339 403 471 485
43 107 128 133 195 198 246 298 346 397 464 481
88 114 125 160 183 228 242 264 290 311 342 450
33 97 124 145 227 248 266 338 345 379 391 494
71 94 201 229 243 271 284 290 337 363 380 491
7 42 77 107 145 171 224 231 268 306 351 373
9 41 110 138 185 207 277 415 417 418 452 478
18 40 51 59 150 194 225 252 292 359 423 456
71 93 98 160 205 231 265 335 338 378 434 476
15 32 66 73 150 236 238 265 288 411 433 450
45 83 146 208 212 272 300 371 390 420 434 438
19 48 51 84 165 168 219 220 240 299 361 477
60 117 138 149 165 175 182 217 369 376 405 440
45 59 156 158 162 170 180 227 290 303 449 467
55 73 99 104 105 186 198 306 345 447 453 483
62 110 152 243 249 281 432 455 461 469 484 499
25 28 41 99 178 214 251 252 308 423 480 495
15 24 149 204 237 244 303 347 366 379 434 435 497
25 86 164 206 303 329 373 381 388 393 394 409 432
18 52 60 152 154 185 289 306 367 420 441 490 493
13 50 63 118 199 226 227 345 368 374 404 466 499
29 55 69 93 117 141 219 242 245 258 338 422 431
16 19 136 171 189 215 242 276 282 322 340 405 480
1 33 161 193 230 245 265 282 287 300 314 337 422
3 4 9 48 154 165 204 255 272 409 429 434 476
80 115 119 144 169 259 276 362 366 384 441 466 485
9 19 74 87 102 132 200 250 266 279 280 360 394
135 149 162 173 182 186 252 254 332 412 447 448 449
30 87 124 175 230 238 239 345 362 381 411 438 455
115 132 177 189 212 245 372 392 400 415 417 482 498
9 24 27 127 174 235 243 252 274 324 345 381 449
17 21 83 132 145 230 232 272 279 414 426 431 473
27 39 44 77 149 192 201 214 331 405 413 467 471
54 95 122 156 168 178 200 228 244 399 472 481 494
0 1 7 120 178 250 258 291 327 345 365 383 489
25 37 121 149 202 204 240 260 292 312 368 370 380
6 25 38 39 270 282 295 344 379 398 451 463 491
40 41 72 93 277 307 418 435 461 477 482 486 494
102 154 186 236 258 302 373 422 430 431 481 496 498
11 34 135 183 222 262 325 331 383 429 438 440 460
9 31 150 193 198 278 328 332 349 412 424 448 467
6 60 101 134 137 185 233 234 298 324 356 388 408
9 32 73 111 199 230 232 233 313 365 367 376 492
1 9 47 50 72 77 247 251 264 359 365 406 452
28 48 76 80 126 189 245 314 341 362 383 405 457
52 105 119 125 211 212 223 280 305 345 437 456 487
10 38 56 68 103 208 326 332 354 402 414 482 483
9 36 59 162 187 208 239 255 278 291 367 410 494
1 40 67 72 156 214 223 264 289 304 380 386 415
40 120 145 170 204 205 233 239 263 279 337 338 378
88 110 165 192 230 257 274 288 296 310 383 384 397
14 47 141 201 213 227 242 258 313 379 393 427 452
19 92 148 151 155 173 210 262 281 282 289 456 482
58 87 155 160 174 200 216 253 304 316 364 430 439
13 18 20 92 93 141 181 212 270 294 349 370 391
1 50 58 64 138 192 228 245 246 316 327 348 367
0 9 51 60 98 112 148 281 331 381 484 489 491
9 10 30 102 138 198 316 340 343 358 416 430 466
101 149 190 199 212 227 256 305 313 329 399 441 460
65 107 124 185 225 262 296 355 384 403 424 444 445
21 24 33 47 91 120 125 308 311 389 425 440 481
56 83 165 175 214 357 373 377 391 415 424 459 480
17 63 137 188 216 224 274 279 309 367 373 385 482
58 75 85 155 166 230 241 314 443 445 470 471 498
18 57 138 152 159 175 213 235 273 321 425 443 485
18 71 192 261 263 289 324 363 382 416 443 456 475
14 63 64 77 121 183 227 250 293 317 368 452 473
49 123 216 224 233 243 294 295 304 428 456 482 497
49 78 91 161 163 187 211 236 250 252 371 412 446
54 60 77 93 117 123 213 234 283 331 380 398 482
22 85 99 212 232 250 294 298 352 378 410 466 490
52 91 128 139 156 170 179 206 223 314 413 417 436
39 175 199 202 219 247 250 252 276 287 340 359 440
76 82 104 128 153 156 160 289 325 380 433 440 476
14 38 61 66 75 133 154 206 296 327 331 387 420
99 104 132 144 181 184 208 223 233 252 254 311 447
5 66 71 79 113 189 190 206 349 395 410 420 468
26 42 48 75 114 161 207 231 262 293 326 465 466
4 16 40 50 55 59 135 214 277 284 322 436 476
7 16 41 64 120 189 200 221 232 251 346 401 463
74 130 200 238 245 251 261 278 337 338 367 387 463
18 27 55 62 69 163 166 174 286 313 331 361 434
54 97 115 186 187 202 205 212 286 305 355 438 468
13 38 62 243 250 268 301 341 373 375 434 442 469
36 55 72 119 139 303 325 343 350 388 416 433 469
4 29 38 205 265 269 355 367 383 395 438 480 499
14 58 121 132 158 178 272 308 362 394 449 477 480
17 125 209 234 264 297 321 338 375 379 412 462 466
57 71 140 144 150 168 191 391 411 428 466 479 492
27 36 93 221 225 361 383 387 421 428 449 477 485
1 13 70 236 287 295 311 315 395 403 471 472 487
43 52 107 114 142 159 176 190 206 328 333 344 452
73 80 126 182 207 260 296 307 312 317 328 455 468
119 144 146 167 170 211 260 263 301 309 389 427 451
18 47 61 66 70 106 112 200 227 236 252 400 413
33 64 76 96 98 167 251 303 383 386 432 461 482
33 52 122 205 219 303 341 342 354 366 383 411 491
30 53 57 124 152 156 170 171 199 249 322 413 437
11 17 122 204 230 241 320 331 348 353 379 447 455
40 114 159 161 180 236 273 294 311 362 382 461 489
16 109 121 135 244 264 293 367 439 456 469 470 471
6 41 69 106 137 155 262 307 318 346 352 386 404
77 131 145 160 273 275 325 392 399 417 469 484 496
11 63 81 129 145 275 307 338 376 407 423 449 479
57 113 172 225 247 279 345 349 362 367 438 454 491
14 16 22 26 63 200 239 290 295 302 366 406 436
11 13 18 53 90 91 98 150 240 290 317 430 451
13 42 64 84 128 189 358 362 390 403 442 470 489
12 93 160 168 249 271 298 304 306 337 387 414 424
23 55 65 84 132 139 140 217 255 259 338 423 426
36 48 89 125 139 189 301 311 374 382 391 399 478
25 96 143 160 174 231 284 389 414 448 458 482 484
90 98 143 221 248 253 297 329 422 431 442 460 490
16 25 85 88 94 100 104 166 246 327 376 449 474
21 76 152 169 224 233 294 368 370 390 394 459 494
8 26 47 51 98 190 240 289 296 380 398 428 493
54 115 153 164 182 320 369 382 388 405 409 438 480
9 76 84 129 203 247 280 366 436 442 447 471 478
9 17 22 29 98 117 139 271 278 291 375 422 493
30 46 51 59 105 186 280 289 290 299 394 420 443
20 97 160 184 242 250 269 280 282 409 424 425 447
44 46 49 94 174 200 212 323 376 403 459 490 494
2 43 100 187 191 246 325 328 336 348 375 395 491
10 23 25 39 77 113 218 260 320 370 424 434 497
62 88 142 186 214 244 274 287 315 396 401 453 498
14 50 61 84 111 266 271 289 339 358 390 409 499
50 181 209 253 268 282 308 339 386 413 422 461 476
118 119 127 130 166 177 245 277 320 325 345 485 486
13 48 63 102 103 115 159 167 175 195 207 248 413
21 47 52 57 213 227 250 253 296 383 411 427 475
1 35 108 143 177 182 277 352 375 393 395 412 443
73 124 131 132 143 176 276 306 308 318 394 430 432
24 37 123 160 161 164 210 228 234 281 283 340 365
43 75 78 125 139 146 148 160 161 213 403 421 423
9 43 45 60 118 127 232 261 273 304 385 441 483
34 182 185 201 283 309 386 387 391 400 401 417 463
74 160 214 217 231 237 257 277 322 344 409 444 459
93 153 177 194 244 270 338 367 414 418 422 454 461 473
34 98 140 150 207 240 341 369 372 380 408 430 449 460
11 72 107 144 172 262 283 289 299 326 328 370 382 398
34 40 48 49 92 94 100 103 121 261 270 283 354 426
27 41 150 156 181 231 252 282 303 305 401 446 489 499
2 48 69 73 147 163 202 240 266 304 326 357 386 437
5 9 52 119 203 229 240 296 304 352 358 422 428 435
74 85 106 109 163 170 206 208 253 280 281 342 381 384
135 137 149 157 169 214 299 302 320 345 411 433 441 449
72 86 140 212 246 292 296 358 363 388 407 408 435 459
61 107 117 119 121 126 214 219 258 338 357 380 421 444
19 74 85 88 110 174 284 312 325 328 358 366 436 468
8 173 174 232 258 262 290 362 366 406 442 451 487 495
0 2 84 188 197 210 247 385 415 420 439 457 467 493
0 4 20 25 37 126 134 146 189 221 228 441 485 496
3 45 46 47 74 177 200 209 261 329 361 430 454 483
21 30 37 63 98 124 142 165 200 212 236 320 472 475
75 118 119 138 155 170 216 221 313 336 360 381 397 490
0 128 162 167 199 283 314 315 345 346 381 402 439 473
105 120 142 202 221 229 232 281 301 307 341 394 396 426
87 89 138 157 159 160 197 199 224 267 284 302 328 461
30 32 45 60 80 207 254 262 270 296 445 448 459 465
38 39 53 84 114 161 178 227 261 271 422 476 496 499
78 89 115 121 143 175 207 232 354 381 405 483 484 499
8 39 106 132 143 260 286 332 391 400 405 432 491 498
18 21 43 62 67 245 263 275 404 453 464 476 481 490
14 25 57 92 138 172 311 327 341 359 361 408 442 476
10 29 75 119 241 246 249 273 297 301 310 422 448 490
36 100 188 191 214 242 248 249 283 293 327 349 372 375
11 22 62 156 176 181 195 201 220 287 393 409 479 499
31 101 220 222 225 250 252 290 357 388 422 426 435 447
4 92 215 222 238 246 299 353 376 387 422 458 495 498
8 82 111 163 173 183 224 252 258 264 266 281 400 440
0 31 67 98 102 201 232 253 289 298 395 424 433 461
12 29 39 55 56 98 119 125 186 243 266 336 417 444
47 53 88 93 127 149 150 163 178 299 317 402 447 496
13 112 147 199 234 236 260 270 282 299 316 449 457 459
64 83 89 112 125 146 214 224 238 240 245 293 349 356
54 117 164 220 224 274 290 321 368 385 392 406 472 481
50 66 127 175 216 273 291 313 327 345 379 391 418 421
47 78 122 160 184 270 299 362 372 397 402 405 432 456
38 96 138 139 286 305 309 325 345 368 389 392 405 442
20 90 97 180 242 245 249 278 283 285 298 330 422 498
20 43 88 158 186 223 244 305 320 322 337 407 427 478
13 48 53 149 204 209 234 369 393 431 452 474 489 490
11 65 71 91 134 154 160 216 228 234 239 337 391 478
45 87 96 138 199 219 229 231 240 254 331 359 378 453
19 93 171 176 211 226 243 258 371 384 414 437 456 479
0 74 94 115 120 166 174 266 295 304 389 451 473 487
46 111 117 142 184 239 242 255 260 275 279 397 418 429
73 106 137 187 215 222 225 293 388 411 425 471 481 494
8 33 71 78 79 99 104 134 157 173 209 282 320 416
62 63 86 117 136 142 158 187 298 328 354 380 390 394
107 118 170 176 212 287 300 334 342 392 413 447 461 470
43 59 112 142 161 191 247 252 262 309 311 373 427 496
84 118 126 169 170 175 190 202 215 216 266 348 353 491
1 8 119 149 165 194 219 221 226 246 353 365 371 393
31 48 75 88 106 192 249 265 332 361 431 450 469 471
27 34 37 61 120 219 223 229 231 303 308 313 451 466
32 65 88 106 180 193 201 212 214 230 237 311 334 381
4 27 66 94 188 215 220 262 344 376 382 429 489 495
12 16 38 61 110 131 167 224 242 268 408 417 469 477
10 39 48 69 89 92 95 143 207 300 312 354 369 384
8 12 36 37 63 104 148 202 230 261 338 365 369 413
47 53 59 108 109 121 172 241 243 247 353 417 423 432
79 119 121 142 211 216 241 276 310 344 370 407 448 496
13 34 83 102 162 171 244 261 269 297 314 363 401 498
17 21 86 189 222 239 268 282 301 305 380 404 466 491
1 20 71 76 98 114 149 165 167 245 257 290 364 460
58 96 134 245 270 273 311 337 367 368 417 434 472 480
21 92 99 122 144 185 188 204 255 260 292 321 411 476
6 12 15 44 62 70 159 204 275 279 348 362 404 492
11 32 76 142 155 188 199 211 217 229 259 339 371 420
34 115 120 169 183 198 204 252 273 288 293 297 346 349
135 158 185 254 297 324 348 352 364 372 378 392 419 477
5 141 143 175 215 247 310 320 348 357 435 441 449 458
108 123 131 171 182 238 255 284 394 396 426 449 481 495
0 35 167 182 311 385 422 427 434 438 464 475 476 482
34 40 89 153 157 204 233 261 291 295 296 302 457 478
8 46 50 103 108 187 248 262 343 407 442 449 460 483
143 174 230 274 321 328 334 348 395 424 425 454 489 490
83 156 161 188 196 225 330 343 358 399 434 460 461 480
47 66 107 153 192 193 221 253 273 313 322 340 343 417
11 25 104 107 140 218 238 264 267 302 323 359 413 421
46 64 85 92 101 103 118 163 164 204 307 323 352 416
45 51 167 172 193 261 309 314 334 353 360 379 474 493
19 92 119 146 215 217 229 238 259 294 451 472 476 494
41 62 82 210 219 228 252 283 291 346 351 363 418 431
16 51 58 74 143 166 169 284 290 313 385 386 396 411
1 4 25 34 38 111 223 284 286 323 344 364 371 467
13 40 42 45 55 93 115 229 231 259 272 398 428 433
11 78 164 177 204 216 314 359 360 394 409 435 438 488
60 93 179 205 249 318 323 357 379 419 438 441 444 453
2 7 24 49 54 90 92 187 288 311 314 318 392 471
88 98 122 123 199 204 235 261 301 323 328 371 423 463
3 11 38 53 59 107 153 188 257 270 303 394 408 496
84 131 169 179 206 250 299 318 349 382 421 424 441 451
0 57 191 214 257 264 320 406 409 424 443 449 451 479
74 114 115 173 190 259 267 284 302 326 366 411 423 437
9 11 29 72 297 351 375 387 391 395 445 447 458 478
15 42 67 78 93 131 148 172 182 211 267 393 395 433 454
25 38 108 199 208 255 325 352 353 374 381 417 464 470 488
28 58 91 144 150 188 196 204 284 306 319 331 339 410 449
43 63 84 95 114 118 208 264 371 402 417 473 484 487 491
14 24 46 53 57 91 141 149 181 292 322 351 376 384 443
12 26 62 91 101 135 178 270 294 297 318 321 446 474 477
59 76 84 89 119 190 199 209 277 295 320 339 466 469 475
9 12 51 70 79 99 104 195 227 280 297 302 312 341 497
5 19 29 52 161 163 175 211 255 311 330 335 349 372 394
9 41 88 125 202 217 227 284 311 352 375 381 397 436 446
8 19 89 102 116 211 232 264 398 402 424 439 452 455 464
1 32 34 79 89 134 168 198 209 252 292 302 311 338 464
9 78 82 95 102 103 111 236 258 259 272 340 402 416 439
9 22 49 89 108 143 195 217 244 262 310 355 391 426 427
30 78 107 124 147 152 196 287 317 394 426 442 443 446 485
8 44 84 101 102 118 130 146 156 183 281 349 475 487 491
21 25 94 103 116 119 126 158 189 253 337 366 386 421 449
21 29 40 131 137 238 270 275 281 283 285 287 294 318 422
91 125 127 153 197 201 229 245 351 370 377 388 394 461 464
19 33 78 88 111 133 144 190 191 242 263 308 337 384 493
4 25 30 50 185 203 230 300 335 372 390 400 408 481 496
41 61 83 112 262 313 317 333 347 350 360 404 410 449 493
4 21 27 33 49 126 166 239 255 268 316 400 469 481 494
6 34 45 64 104 219 237 246 260 323 347 357 376 398 442
12 20 41 49 71 98 116 126 167 181 212 389 478 484 493
40 57 63 139 144 150 165 169 170 194 266 336 354 366 469
9 30 45 48 106 151 199 238 344 345 407 455 467 495 496
8 32 56 116 122 184 212 252 304 328 334 338 339 344 360
62 102 121 132 167 230 235 258 270 288 295 328 330 403 439
46 50 108 122 191 194 197 224 225 235 274 283 332 493 497
10 32 110 123 127 176 209 220 360 384 441 442 452 458 468
144 201 203 212 244 264 275 341 373 385 394 431 440 486 497
3 46 72 117 163 223 259 266 281 309 333 415 427 467 498
101 145 146 151 158 160 201 212 231 282 283 403 437 442 465
9 21 141 144 222 261 283 336 361 379 400 404 408 433 498
76 102 172 174 190 192 198 236 272 291 440 444 445 463 487
48 56 79 80 97 106 118 156 187 226 232 307 311 323 380
16 79 90 115 134 173 227 313 338 340 346 376 458 460 497
40 44 50 124 125 132 145 170 189 258 297 395 411 447 494
0 60 113 233 297 308 343 352 380 386 425 427 446 468 472
13 62 73 96 100 124 159 203 221 231 277 351 382 416 462
98 107 145 150 201 241 281 334 337 399 436 454 455 472 491
2 48 72 96 116 158 202 222 230 255 274 301 303 325 457
26 90 164 188 193 238 260 294 318 340 373 430 455 466 487
26 103 125 170 189 228 249 264 377 380 440 455 462 466 472
45 94 133 152 270 289 317 346 369 383 415 418 438 443 477
1 25 52 82 94 120 189 196 207 237 261 294 311 317 433
18 20 25 51 61 249 262 313 324 325 327 378 409 441 487
17 19 21 32 46 125 135 158 251 276 286 301 365 391 416
60 77 78 113 128 132 148 152 193 232 342 419 448 455 494
5 28 64 67 178 181 191 226 234 257 284 344 381 392 444
26 28 37 76 118 145 228 238 273 292 319 367 419 438 453
13 37 82 148 190 194 216 263 270 279 310 321 394 409 430
39 94 115 150 189 221 240 262 270 282 324 344 382 409 439
79 95 104 116 226 291 299 318 327 407 411 422 431 449 481
52 91 135 224 239 251 256 262 271 285 391 403 419 436 491
8 76 94 95 122 149 160 174 201 218 255 261 300 311 413
14 35 48 96 149 152 207 208 215 263 266 293 322 422 462
44 55 58 99 100 135 149 180 195 196 202 238 263 264 384
31 33 60 70 122 148 228 257 267 308 326 377 405 415 489
19 21 66 84 90 161 261 290 317 319 362 415 420 477 484
43 85 102 204 247 292 299 316 347 359 366 369 381 455 463
20 22 30 45 73 97 127 138 193 210 332 377 387 426 484
60 93 120 199 208 214 225 329 336 338 383 420 430 439 467
28 39 120 122 143 213 234 254 258 261 324 385 389 433 494
6 24 49 70 113 137 154 156 187 198 315 331 336 417 494
28 30 75 128 129 150 155 184 231 254 353 376 409 444 494
34 118 132 163 195 204 208 211 266 268 314 422 425 440 441
10 115 150 158 161 166 198 206 247 320 400 412 423 485 486
118 157 168 257 313 316 320 323 335 343 355 429 479 482 489
24 38 98 148 180 195 211 215 227 229 271 279 321 356 497
19 36 42 81 139 150 179 204 221 264 281 302 303 364 406
17 40 61 73 105 126 130 132 190 209 251 345 361 386 409
10 37 103 183 188 288 290 292 294 335 351 425 430 445 449
21 58 110 127 129 189 306 338 349 399 407 408 413 441 458
110 115 136 204 223 230 323 331 395 398 441 452 494 495 496
31 77 133 169 171 211 248 283 301 322 391 444 445 449 493
43 95 113 125 138 143 189 227 272 308 320 382 407 411 476
49 111 112 132 197 228 256 301 310 366 387 400 477 495 496
1 41 65 112 133 134 142 148 198 202 206 292 301 347 453
9 17 80 87 206 228 274 278 320 338 367 376 441 471 475
6 14 40 64 136 150 161 297 336 352 355 407 420 426 454
1 15 37 222 226 237 258 276 286 287 324 331 419 459 496
4 95 99 121 263 269 274 286 311 324 326 370 382 445 464
30 102 226 236 258 313 339 350 413 453 458 464 466 478 486
7 103 141 183 218 261 267 282 313 314 366 387 398 411 494
36 67 195 199 205 239 242 262 303 332 384 412 432 444 481
25 30 108 186 207 216 233 243 245 256 308 339 348 459 480
19 92 142 151 192 215 245 286 412 435 441 453 455 456 466
27 51 55 84 168 196 219 287 303 340 352 432 448 470 474
129 134 147 183 185 215 228 238 269 284 297 350 359 459 464
10 130 132 176 199 211 213 217 248 249 333 424 474 483 494
49 60 118 121 124 141 168 176 187 190 244 298 340 414 498
8 91 127 195 207 233 236 250 272 373 400 406 414 460 469
41 48 49 62 134 140 222 301 336 397 403 421 456 467 493
104 149 201 205 214 220 255 265 344 348 372 439 445 452 475
43 67 105 176 182 244 249 252 270 325 337 402 407 478 486
16 47 68 112 119 234 304 331 339 440 459 477 485 487 492
22 65 125 150 173 253 314 360 364 421 433 447 452 469 497
10 18 71 89 124 160 234 250 292 311 312 353 377 410 486
10 63 65 93 106 194 221 258 263 265 293 320 322 342 350 403
42 67 180 227 229 296 334 340 358 371 393 414 428 459 487 497
3 32 42 115 132 245 266 296 299 385 397 433 445 463 478 497
30 40 41 57 78 156 164 211 214 232 297 299 332 411 461 489
35 61 80 107 129 136 170 224 229 251 254 388 414 415 463 489
6 15 46 131 145 150 164 191 263 348 355 378 385 391 430 486
0 12 123 139 165 196 230 276 380 394 412 429 444 459 462 483
47 54 61 75 97 114 131 184 207 223 268 280 332 437 448 499
45 57 58 134 154 156 173 187 287 294 305 306 459 484 485 494
27 97 128 138 145 153 185 307 359 380 389 393 406 418 489 495
33 101 118 129 158 167 237 251 325 333 334 339 356 397 407 467
52 72 117 151 180 181 205 252 277 282 315 327 328 334 454 490
14 29 37 67 88 91 101 107 257 286 336 338 348 423 425 492
23 32 39 50 55 81 100 137 160 206 245 336 343 354 397 425
25 137 143 168 208 225 232 258 263 276 341 394 396 409 443 444
13 23 114 133 145 186 225 240 299 304 317 328 354 356 366 421
23 42 45 231 283 288 290 307 330 348 379 386 398 447 454 460
16 60 70 92 165 201 221 236 237 252 278 282 310 326 402 468
27 33 115 150 164 185 187 196 246 290 299 305 383 392 416 493
13 45 120 139 156 165 170 179 256 270 320 335 447 455 483 498
46 62 71 143 162 206 207 217 251 272 285 297 301 309 379 382
43 74 200 226 228 238 278 280 291 353 378 402 421 428 440 489
195 287 297 299 310 312 341 346 348 354 384 397 421 447 473 483
7 14 49 93 131 183 186 194 208 225 236 283 395 424 497 499
6 50 69 74 173 191 196 295 305 326 363 395 396 398 444 454
19 95 104 158 179 196 234 264 273 299 301 305 358 438 456 472
16 17 20 52 67 74 152 180 223 243 271 327 383 441 443 490
54 115 116 125 160 163 241 251 254 320 358 390 423 424 464 492
4 23 36 54 115 179 207 224 239 258 315 352 411 430 479 496
20 48 58 89 107 170 175 181 235 288 296 305 354 364 401 426
42 88 95 144 172 199 200 225 242 256 302 328 366 423 457 489
16 70 238 293 313 315 337 369 379 405 419 438 444 479 480 492
22 24 118 138 153 159 170 218 221 248 278 307 325 387 446 457
9 84 166 168 186 196 197 206 207 330 350 398 429 451 476 489
42 48 171 184 192 215 233 303 308 309 345 369 381 390 414 466
15 66 72 103 154 159 172 258 279 300 307 319 360 372 413 484
85 101 111 114 116 178 183 233 251 266 305 320 355 371 412 491
17 23 45 50 59 123 136 144 168 195 222 317 342 373 400 421
40 50 119 136 137 206 270 313 327 336 346 357 376 422 430 449
34 57 85 118 144 154 169 191 201 214 295 354 367 419 435 438
14 61 66 110 146 197 204 219 223 270 298 323 324 392 445 455
37 98 150 168 251 277 278 316 409 423 445 454 463 471 478 487
14 24 51 70 79 144 214 237 245 265 267 278 312 318 331 428
5 70 106 120 127 138 183 187 248 278 300 326 441 443 481 482
16 74 143 169 177 179 207 267 297 333 336 364 384 399 400 492
6 17 49 51 61 86 162 194 204 294 309 322 367 406 454 497
20 50 54 65 78 87 116 117 153 208 212 237 390 393 444 459
15 119 144 149 204 264 271 273 295 316 317 326 384 397 405 435
7 18 74 78 96 121 174 221 230 270 290 326 418 427 443 447
23 81 130 131 191 193 269 272 282 365 382 413 451 464 474 499
11 20 21 43 78 105 162 184 227 266 293 311 333 374 441 498
11 48 118 183 200 204 247 266 286 293 298 335 405 465 485 492
3 14 33 73 134 198 199 203 276 278 300 403 411 424 474 484
26 78 99 170 181 183 235 246 267 290 293 319 363 403 404 490
19 65 106 118 152 174 178 190 229 230 246 250 274 320 383 488
6 50 94 167 221 232 233 241 279 280 289 290 325 371 396 454
48 138 146 203 222 262 303 326 338 372 376 432 439 446 477 493
0 3 42 58 59 81 157 208 230 265 290 296 328 349 395 475
22 24 27 69 96 101 104 146 233 248 252 256 275 417 479 480
54 60 230 242 273 274 281 297 319 355 360 397 401 402 414 474
28 41 77 129 152 179 234 272 310 320 385 399 415 446 454 458
22 75 87 139 157 171 182 195 212 237 241 255 314 333 381 482
31 34 54 67 70 106 112 120 200 215 250 268 299 340 436 480
12 43 44 49 61 134 202 216 236 241 253 261 367 417 443 487
1 77 95 108 132 152 197 199 203 280 282 337 374 398 411 490
44 52 71 104 117 136 142 153 160 229 374 396 421 427 460 478
43 72 73 105 144 148 198 216 272 281 296 320 343 381 387 482
1 6 84 111 121 180 210 211 215 254 308 315 364 405 428 440
37 48 57 70 71 116 141 147 290 295 297 305 383 397 440 472
23 28 118 122 244 252 261 263 269 275 302 310 425 454 466 471
2 23 64 134 141 178 213 286 305 315 322 339 383 430 450 456
5 13 50 53 70 85 98 107 231 264 303 348 381 423 439 474
4 34 37 104 128 178 181 208 252 263 264 347 363 384 392 433
39 125 186 214 237 255 257 271 285 286 303 396 401 435 437 494
16 38 128 194 200 204 226 293 311 329 341 343 384 411 435 468
28 71 73 130 305 309 324 330 343 357 366 375 412 433 482 489
3 39 54 63 75 87 96 109 173 214 233 272 274 320 433 474
69 81 90 92 157 188 218 234 263 340 384 428 447 473 481 492
4 51 53 96 114 117 128 195 232 266 328 369 375 388 441 447
18 49 54 85 119 126 137 229 263 275 287 316 321 424 426 487
18 61 69 88 97 125 161 167 175 178 297 329 367 415 447 458
35 77 97 101 112 181 186 230 257 303 324 355 367 385 435 460
3 18 30 116 126 155 161 176 207 225 371 392 397 410 426 491
1 44 47 77 104 107 153 254 299 303 335 340 346 360 390 455
18 26 27 40 48 60 74 118 146 156 202 247 291 293 331 461
0 60 71 80 85 115 130 135 148 190 207 213 274 320 404 456
92 157 160 176 203 208 213 226 321 322 342 373 418 448 451 462
16 17 18 36 46 55 71 120 146 168 174 227 274 411 432 475
64 167 210 291 295 321 326 339 347 355 356 371 375 384 416 464
21 58 69 169 260 265 298 306 314 366 390 417 420 427 471 484
11 19 39 67 144 149 155 180 212 224 245 250 287 377 440 470
36 52 101 123 135 163 185 224 254 262 275 310 368 376 455 478
22 29 32 143 177 222 239 245 256 272 285 332 346 421 456 470
7 25 41 95 111 163 177 273 287 324 363 368 396 417 446 468
1 3 42 48 117 119 167 177 192 223 242 277 289 339 443 470
29 53 81 93 117 195 196 284 306 389 416 419 457 459 488 494
75 81 128 148 149 172 194 216 230 307 325 329 432 436 475 497
48 72 113 133 137 169 235 258 259 265 344 363 381 387 406 446
3 78 106 115 116 206 249 258 261 287 323 357 384 431 485 494
11 59 73 96 133 192 212 218 259 275 351 352 431 438 448 496
2 11 52 56 120 138 186 211 225 231 272 295 304 367 370 422 430
28 56 91 116 158 172 205 213 222 240 308 336 355 386 396 444 452
11 34 80 147 184 195 247 252 325 350 392 420 435 449 459 474 498
14 44 52 72 83 99 202 246 262 275 331 372 426 435 469 489 494
55 108 177 178 222 233 256 281 314 338 346 409 430 433 470 489 491
21 84 99 149 187 197 199 215 216 242 252 281 289 318 375 391 467
38 103 107 112 136 164 195 219 256 276 277 285 291 306 362 393 468
37 56 104 106 107 135 159 175 215 229 238 266 380 382 388 422 479
10 58 61 66 74 76 106 172 192 278 298 315 420 427 451 458 480
2 4 51 62 119 133 153 170 240 317 335 346 382 390 395 442 490
14 42 103 112 167 207 235 248 257 277 307 328 333 363 366 387 438
11 97 112 119 214 217 225 226 229 232 262 272 344 409 471 480 499
60 64 70 106 130 148 190 209 219 220 236 300 351 369 459 481 484
133 136 175 176 186 231 246 267 356 402 405 411 415 423 432 461 489
7 12 70 71 72 224 250 256 258 289 300 301 334 336 350 387 411
128 159 197 259 269 280 287 295 302 323 365 382 410 435 459 472 494
23 62 66 88 96 204 208 233 315 316 335 356 367 389 423 472 492
39 175 187 248 297 313 323 334 362 366 382 396 407 409 434 435 441
55 74 133 193 222 269 272 274 313 333 344 345 387 404 409 432 457
13 14 53 59 79 117 188 198 206 210 324 414 426 435 457 482 489
1 78 114 129 131 135 211 244 248 282 320 358 394 413 438 445 463
53 134 179 187 189 252 277 289 290 304 323 328 376 403 419 455 465
5 60 78 79 165 272 293 301 310 345 361 369 373 401 426 467 473
22 35 55 81 114 175 256 286 301 302 309 335 336 401 403 455 456
44 57 93 104 105 143 151 162 240 246 285 341 381 394 404 447 488
59 134 136 139 215 218 228 235 261 303 372 382 400 446 470 476 497
37 44 121 136 174 184 206 214 255 257 285 293 327 353 388 427 483
74 83 125 139 174 177 205 239 255 260 285 297 370 406 438 474 475
6 25 98 119 180 198 207 256 285 346 388 423 426 473 481 492 494
0 46 52 60 66 80 99 150 194 216 282 334 343 373 378 461 471
46 58 91 99 130 145 160 198 313 326 382 393 398 415 432 472 481
14 71 97 107 260 269 282 313 319 323 363 368 383 396 402 406 495
82 87 115 120 135 167 272 281 308 316 353 355 394 406 425 430 458
102 131 172 174 213 228 245 262 291 298 299 329 349 370 422 429 454
147 168 169 180 205 253 303 315 333 348 396 414 429 439 442 478 481
23 56 59 99 145 149 186 226 255 289 293 302 402 410 439 455 478
32 70 73 102 126 144 145 168 171 182 232 305 376 386 446 476 496
77 90 97 128 154 216 220 269 286 339 366 382 390 414 472 478 480
33 44 88 132 169 195 213 280 282 295 351 356 423 431 445 473 480
17 41 42 50 60 74 80 119 188 234 285 359 379 386 426 435 466
52 66 124 140 143 147 167 180 202 270 273 311 337 338 392 419 487
3 55 143 148 158 161 168 175 191 203 237 265 278 308 379 385 422
104 153 154 177 189 256 317 318 336 337 341 358 360 432 435 476 491
9 31 59 91 131 135 151 163 264 361 383 409 426 440 454 471 491
45 50 62 127 184 226 273 297 355 356 363 387 398 418 450 456 496
3 9 47 49 69 91 132 161 177 183 186 232 358 393 408 414 496
4 13 41 49 122 171 181 207 252 264 312 327 351 371 408 411 449
8 12 30 48 57 98 102 126 173 242 303 327 339 343 362 393 414
68 69 152 161 167 173 208 233 255 260 314 331 374 392 460 480 483
21 66 82 185 201 230 238 264 306 336 375 377 429 447 451 479 482
18 43 70 91 116 121 124 155 157 231 232 284 355 405 455 475 490
48 59 191 233 236 243 281 300 321 332 347 375 386 408 418 438 459
57 68 95 131 175 183 215 235 251 261 290 297 330 358 404 414 450
81 118 140 202 219 231 232 237 271 277 291 374 391 410 419 461 487
2 9 20 81 116 118 126 128 142 147 257 289 344 376 412 429 451
30 95 135 201 204 220 221 233 244 261 283 290 300 343 383 385 465
21 38 62 63 72 88 130 157 167 242 268 345 349 355 374 398 410
2 68 88 147 185 191 208 215 232 327 334 350 378 407 414 431 444
35 38 42 45 66 84 110 283 316 338 342 356 390 440 454 455 496
18 47 129 154 165 221 227 243 254 298 320 329 341 346 356 408 424
68 97 104 194 198 210 275 292 293 305 337 367 384 397 459 481 485
11 57 93 165 173 275 303 318 367 369 372 375 377 403 418 473 493
24 31 33 39 51 163 183 190 232 240 308 323 326 350 387 443 455
84 109 146 152 223 263 269 280 295 326 355 369 381 392 467 474 484
10 40 51 54 74 104 179 225 304 337 370 378 384 404 421 422 481
6 25 28 36 50 52 59 218 232 334 336 351 369 424 455 460 467
86 142 196 200 202 222 252 266 337 341 401 413 416 433 456 463 491
54 62 63 78 156 199 226 274 297 332 353 372 373 402 420 444 494
25 29 58 72 100 107 124 156 159 169 222 240 286 329 431 444 460
51 88 151 177 197 210 221 240 252 283 286 303 310 384 430 436 492
57 59 69 71 86 94 100 101 121 124 252 303 322 350 387 446 448
2 19 88 135 221 237 244 247 269 279 308 316 396 448 459 461 465
19 32 87 113 122 126 129 145 193 270 284 361 414 417 431 438 447
106 122 133 172 182 196 226 239 250 345 359 386 387 392 407 466 497
48 53 95 120 123 138 142 185 234 280 305 329 334 345 354 364 432
40 68 113 115 131 137 141 156 160 190 195 220 348 376 404 426 455
4 70 147 173 215 246 260 264 272 364 381 386 419 443 463 465 486
19 41 114 118 152 154 162 184 224 233 243 253 254 264 273 305 449
8 28 53 78 86 122 251 267 286 393 397 406 413 435 437 447 496
11 19 42 89 117 181 234 252 277 330 336 353 372 419 449 472 498
41 44 55 88 102 123 126 137 151 152 268 274 300 306 328 402 424
20 31 33 37 39 91 117 189 192 237 243 309 324 358 390 406 487
6 28 52 120 132 146 159 166 250 259 280 294 359 401 415 472 497
10 95 97 98 111 202 219 286 357 370 440 463 475 478 480 496 498
7 11 17 49 80 97 135 137 145 161 179 199 229 330 390 454 463
116 124 129 147 148 150 169 215 256 277 290 366 411 470 472 490 493
42 108 137 139 226 238 297 328 396 418 420 425 458 466 467 475 487
13 68 71 87 126 166 171 174 233 239 319 325 365 419 431 460 475
1 29 44 59 82 85 102 159 160 175 233 340 375 403 411 455 479
10 62 146 147 165 176 188 199 220 257 264 311 327 349 381 411 443
40 45 111 138 141 147 156 172 184 225 226 254 277 297 326 385 469
4 79 147 169 206 279 298 301 317 352 408 415 422 424 460 469 473
13 21 34 99 162 164 168 223 239 264 299 343 347 376 395 468 489
29 72 123 170 176 180 249 264 277 297 322 339 372 395 455 466 474
20 35 51 134 143 258 264 314 351 382 412 424 433 463 470 473 478
21 112 156 194 195 213 216 220 244 255 318 355 373 409 423 469 473
46 72 86 126 138 171 175 239 273 281 297 303 337 340 346 367 455
10 32 45 46 47 83 119 237 290 295 298 327 360 372 397 419 440
14 45 49 117 140 142 167 216 217 241 272 362 398 409 416 447 483
39 59 76 93 129 133 165 213 215 279 282 346 393 422 454 470 494
16 35 79 87 109 169 195 200 211 215 243 248 277 288 332 413 433 436
2 56 72 73 141 147 173 197 239 248 265 270 284 325 376 378 383 407
9 17 104 143 144 193 200 218 242 281 349 382 411 424 427 437 490 492
12 18 33 49 108 114 179 180 189 193 228 244 260 282 306 355 387 458
12 24 27 62 105 112 117 130 136 177 203 207 316 349 383 438 470 484
5 14 66 83 109 129 139 165 174 224 407 416 420 432 445 450 460 468
11 12 22 115 123 175 200 249 323 324 330 338 387 396 401 410 435 482
10 18 19 80 88 130 140 143 148 188 255 328 382 403 407 432 464 485
20 94 133 179 256 269 280 291 296 308 328 359 374 421 439 444 448 452
0 6 13 25 51 98 146 206 219 238 262 295 303 335 409 458 465 475
66 85 97 131 146 187 189 273 305 306 323 375 382 401 414 445 470 492
31 37 56 77 120 124 153 173 184 235 309 314 329 331 364 390 402 447
68 70 72 81 86 108 110 131 197 203 253 278 310 353 381 383 461 481
1 37 63 76 81 156 213 218 235 256 297 305 325 380 389 391 473 479
19 27 49 127 153 159 199 202 216 248 268 273 282 302 344 375 418 451
6 88 122 155 176 186 251 258 290 294 296 311 319 321 358 406 443 445
63 73 117 138 171 183 216 222 229 242 273 283 294 319 349 399 462 488
59 67 100 117 136 138 144 152 240 245 260 270 291 341 369 407 443 455
5 47 81 89 151 156 170 174 200 210 241 265 283 301 352 368 449 474
15 30 36 91 129 142 165 231 259 279 285 309 312 314 373 412 415 420
2 8 16 29 63 66 118 130 161 179 345 360 375 390 442 446 468 472
60 63 84 101 120 122 153 156 167 205 209 255 262 275 334 390 393 499
28 40 129 132 143 158 245 247 257 289 294 358 361 363 374 403 477 495
7 81 123 140 151 234 256 276 315 320 329 332 357 375 392 416 439 472
43 61 83 88 111 157 169 189 193 236 296 300 322 323 452 488 492 499
44 111 113 114 184 204 265 268 269 286 291 292 295 309 378 468 479 485
64 124 144 151 153 156 159 164 181 190 273 286 312 349 366 446 456 470
3 5 22 52 60 65 185 187 248 329 333 337 354 365 374 422 424 435
39 59 73 99 106 116 174 231 242 262 288 314 388 405 408 434 446 487
82 86 109 122 176 194 221 247 272 279 283 284 315 318 325 355 403 436
7 14 34 38 40 59 68 80 147 185 195 199 200 238 289 347 385 454
0 15 23 39 93 135 138 145 154 171 186 262 270 374 441 442 447 496
23 30 120 146 148 161 162 165 172 192 236 246 260 273 352 355 368 395
81 82 95 104 131 149 169 234 241 249 258 293 312 345 358 393 407 498
13 17 25 138 165 203 274 298 300 320 331 358 420 438 447 464 470 493
5 33 90 102 184 268 296 309 323 376 383 393 396 444 471 480 482 487
89 98 171 178 180 184 205 211 219 220 231 244 265 301 311 325 390 397
68 73 106 117 162 185 240 271 283 312 339 372 376 378 402 406 409 422
4 89 108 140 167 283 318 359 379 390 404 408 413 425 449 452 491 493
39 78 119 129 153 165 209 214 218 242 244 264 280 306 404 453 469 496
14 27 34 43 55 98 130 145 225 229 238 255 282 290 299 306 332 492
22 36 38 116 136 162 182 185 217 266 283 330 354 367 425 459 480 493
13 46 59 102 107 180 187 293 320 325 365 367 423 431 432 466 468 469
4 33 48 79 91 149 181 187 238 279 287 305 306 371 378 421 443 473
2 28 52 56 62 69 80 105 174 193 228 236 258 374 391 405 436 491
26 30 33 38 54 63 76 77 78 104 126 160 177 239 359 383 385 487
12 13 118 179 187 195 202 203 252 267 288 311 332 358 395 398 404 451
13 22 45 79 126 138 152 176 204 240 260 279 292 307 397 399 454 489
14 69 72 85 143 157 230 269 276 292 298 305 324 345 394 401 440 470
12 66 77 90 92 117 125 129 149 153 220 230 303 343 370 469 473 474
31 63 85 124 128 137 166 209 217 240 275 296 320 347 379 407 455 478
4 6 100 258 291 323 351 369 378 401 416 418 420 424 444 464 476 498
51 97 101 173 185 198 205 209 247 276 282 298 362 363 371 433 454 456
11 35 37 72 113 150 180 186 223 345 407 412 421 440 467 471 479 490
111 123 124 130 135 168 179 181 224 234 271 273 358 359 373 412 421 424
49 60 94 97 101 122 159 216 247 254 255 281 341 374 378 383 407 470
3 52 72 90 131 191 197 201 223 237 247 358 360 386 420 451 466 476
18 49 80 84 113 122 151 185 201 239 251 302 329 362 366 388 403 458
13 81 138 139 195 222 286 291 305 320 327 336 361 368 401 417 455 498
38 42 74 76 110 153 180 216 288 309 327 330 366 405 426 451 460 471
10 27 67 98 100 129 134 155 157 169 189 191 198 278 289 350 484 489
20 83 88 104 146 188 202 242 252 254 315 336 337 428 448 487 489 492
21 50 87 98 104 110 118 128 132 141 155 207 211 256 270 320 464 486
19 57 102 113 141 164 203 259 268 312 315 324 329 359 378 418 473 499
40 193 241 248 275 282 304 335 340 356 363 398 404 429 439 443 458 489
29 42 52 97 139 171 194 213 219 262 281 284 288 291 302 317 374 416
47 51 65 74 103 130 133 158 174 191 256 283 290 400 437 450 473 475
7 48 58 89 104 167 214 229 237 241 274 284 326 389 402 436 438 487
5 10 57 137 141 150 177 268 279 332 370 410 437 442 443 448 465 494
11 82 100 112 164 185 190 198 222 244 258 283 287 309 336 362 429 472
64 117 119 126 161 163 176 192 207 235 307 329 346 351 405 433 452 473
7 22 26 101 111 113 180 220 223 277 311 333 370 371 378 389 400 432
27 58 112 122 137 162 189 239 242 249 271 295 384 388 432 477 478 489
9 89 133 148 185 237 255 261 274 284 290 306 388 397 405 433 438 439
4 31 38 67 75 81 99 139 152 209 222 238 239 276 304 324 337 370
3 18 23 49 102 130 131 139 141 178 191 319 337 344 387 426 454 492
2 59 74 79 93 101 112 114 153 185 191 234 235 270 286 418 439 472
70 97 106 130 138 158 211 238 265 289 302 303 323 382 397 438 462 468
30 33 117 122 124 130 134 206 223 237 238 306 341 354 389 443 449 459
73 152 237 249 292 295 299 351 362 369 371 396 409 411 414 424 459 486
49 104 114 124 125 144 189 199 222 239 244 259 318 328 336 353 366 455 459
63 71 74 83 101 140 143 149 164 182 187 196 292 381 382 412 460 474 495
71 75 80 104 108 136 153 164 202 215 231 240 267 329 333 377 398 468 478
5 55 61 98 109 176 192 195 207 271 293 307 309 347 352 386 394 424 439
0 8 10 24 66 79 150 230 250 296 339 346 347 363 365 378 381 402 462
8 23 57 74 83 135 163 176 197 228 256 291 304 310 360 367 396 409 476
8 16 22 34 104 114 174 211 268 326 333 339 354 367 368 378 432 450 456
27 103 142 182 221 253 277 330 351 358 365 367 397 401 425 426 427 491 492
4 81 94 127 179 224 239 246 301 305 327 374 376 422 452 455 478 493 494
0 118 123 131 136 193 282 305 315 326 340 359 371 396 415 430 442 458 476
0 30 31 55 65 73 82 156 164 184 203 339 377 399 439 477 483 490 494
31 37 38 51 55 57 68 108 128 147 255 261 273 314 354 370 400 416 448
23 31 50 75 191 220 239 240 270 274 276 313 335 400 406 475 478 481 483
7 44 51 121 177 203 233 248 269 272 278 291 297 384 386 399 410 450 462
9 23 27 102 121 154 186 192 245 283 289 297 299 305 373 382 427 469 474
110 172 237 240 243 245 260 281 313 316 340 368 373 392 412 441 450 457 479
24 169 174 175 208 214 281 282 286 292 298 324 391 393 407 417 451 477 486
11 78 110 116 164 173 181 184 213 238 263 336 349 374 379 385 420 470 474
60 69 90 104 133 169 187 215 218 244 262 269 272 289 347 394 409 449 450
37 61 80 139 149 170 186 202 220 265 290 339 356 372 382 387 420 447 490
1 78 115 121 199 245 274 283 300 307 308 340 359 369 373 425 450 461 486
1 9 14 48 74 82 89 185 203 223 267 268 297 356 386 392 425 488 492
62 76 109 120 125 131 144 229 265 305 326 352 354 366 402 456 492 495 498
3 6 8 20 47 53 72 92 96 103 215 230 240 310 424 435 459 484 499
8 132 135 138 140 161 257 282 331 379 389 418 423 426 448 449 450 458 482
9 63 80 92 139 166 170 196 222 240 259 279 374 404 410 432 462 471 488
10 27 43 58 110 126 136 206 225 301 362 371 422 429 436 454 455 482 483
18 41 58 96 115 138 151 193 203 273 335 357 430 433 445 461 474 495 499
35 74 165 174 277 281 319 322 330 376 391 408 413 428 440 449 461 480 491
40 50 61 128 139 143 194 242 259 260 275 314 327 410 425 428 445 461 491
32 34 62 111 140 148 151 193 240 291 310 328 366 403 413 444 446 454 458
9 36 129 176 217 237 254 261 267 304 344 355 394 416 435 438 471 490 494
9 62 78 114 203 215 238 256 277 314 320 324 380 413 441 447 465 472 494
98 115 129 145 151 156 166 167 190 197 210 258 280 321 342 411 424 451 477
2 6 82 112 114 121 142 145 168 178 180 206 264 300 361 367 370 410 438
11 27 101 118 177 203 224 255 266 286 289 293 345 354 388 389 439 472 498
8 27 64 148 156 197 200 204 262 270 274 276 278 291 363 399 424 452 475
57 64 130 151 157 173 176 187 211 228 254 256 258 261 308 347 392 397 406
53 68 123 163 164 193 195 208 214 220 250 308 309 313 351 357 367 418 449
21 43 82 126 148 164 169 170 208 209 286 293 322 344 353 386 391 402 491
11 53 61 102 119 125 154 169 170 197 206 236 332 360 364 380 433 477 499
1 24 36 72 93 120 155 173 183 207 284 290 296 329 348 364 375 391 487
17 62 75 85 93 103 104 105 129 140 166 372 383 387 412 442 456 477 491
4 13 81 99 126 140 160 197 202 234 256 269 277 286 325 333 338 381 392
38 50 72 74 104 113 130 176 306 308 316 340 404 421 426 429 452 469 487
0 11 205 247 292 302 323 326 335 347 356 367 373 388 394 409 434 457 460
8 30 37 86 94 120 129 182 200 216 282 299 333 379 390 399 408 416 433
17 39 74 107 112 123 159 209 235 261 265 317 318 324 351 358 374 429 477
35 64 123 124 126 131 171 172 186 214 223 232 277 288 297 326 374 389 443
0 36 45 72 83 88 135 140 145 190 269 280 301 308 327 338 367 401 443
7 32 78 94 143 149 191 206 227 241 242 255 261 303 317 411 460 481 490
0 64 68 81 91 96 185 189 218 242 245 255 272 282 303 308 401 432 438
36 59 61 83 109 128 154 155 185 249 326 357 390 461 463 466 474 478 498
2 7 68 126 175 210 251 269 270 273 294 307 310 342 354 444 457 474 481
17 21 62 93 145 157 272 312 313 346 373 387 406 432 445 453 456 462 492
8 44 72 102 112 120 140 166 193 196 244 253 329 358 368 372 379 479 488
8 11 36 47 76 83 100 112 197 232 235 324 395 419 428 434 438 454 456
22 53 90 91 113 146 160 178 180 208 218 280 345 353 381 423 424 433 439
2 14 26 31 194 217 239 245 257 268 278 345 354 375 399 417 418 421 479
33 36 42 56 75 109 148 268 272 322 387 403 412 418 423 438 462 475 498
49 107 109 142 148 217 218 234 261 298 320 322 323 334 341 382 396 463 473
49 188 219 221 226 294 311 319 320 329 331 352 361 383 393 425 462 486 492
27 96 116 123 171 219 220 224 235 258 268 285 319 332 334 365 413 462 498
17 25 29 38 45 50 72 82 155 170 223 277 279 324 402 410 423 427 491
17 39 43 44 48 106 109 141 144 158 221 228 268 406 434 442 458 469 470
4 32 36 39 41 67 88 101 142 145 162 257 268 297 366 371 391 392 437
15 46 120 138 161 188 190 241 249 263 337 351 380 407 430 436 439 442 454
69 124 129 141 155 166 175 218 219 255 267 272 321 324 371 445 455 459 480
32 76 89 94 96 113 158 196 235 248 318 328 343 357 439 445 450 455 478
16 18 31 78 128 132 137 162 216 228 305 349 363 375 380 426 444 475 482
20 60 71 82 85 89 138 183 191 216 264 308 349 393 402 421 433 439 472
13 38 46 64 127 183 186 249 255 256 269 290 296 299 380 440 451 482 484
13 36 45 105 159 179 198 252 307 314 334 383 385 390 391 404 409 440 476
4 6 13 25 38 133 167 204 254 262 265 277 278 296 360 415 420 434 451
9 26 109 163 171 199 223 242 260 265 334 337 356 385 396 454 465 488 494
33 50 67 114 126 135 153 156 160 206 232 251 291 305 312 372 411 446 492
93 145 159 184 224 225 229 246 248 269 276 341 347 355 376 401 406 443 448
28 29 39 43 139 187 218 227 275 288 333 343 347 366 374 378 431 457 498
5 21 57 93 166 187 210 242 244 264 309 341 375 420 434 461 476 482 491
9 21 36 39 152 156 182 184 245 246 255 317 340 356 369 376 379 425 446
3 14 26 34 41 66 71 106 108 138 181 216 324 371 399 410 411 421 441 443
4 5 7 14 18 25 66 71 160 201 288 417 435 439 441 447 448 450 467 490
21 37 46 56 61 90 122 142 191 197 220 229 263 276 318 374 403 405 422 467
34 45 56 96 97 115 120 124 248 294 301 319 335 364 376 391 392 434 435 457
40 48 60 62 65 71 99 121 191 195 218 289 316 342 390 417 428 473 479 494
14 46 77 132 138 185 186 209 216 217 265 328 343 376 435 440 468 472 473 489
29 41 68 69 99 101 120 143 144 158 163 201 297 301 334 345 430 431 441 468
51 63 64 106 151 197 201 240 250 263 282 302 316 329 387 394 426 439 446 483
8 27 58 105 106 164 167 191 219 242 300 305 317 331 347 422 441 466 481 493
47 57 90 111 147 227 239 241 277 283 287 381 406 421 429 463 479 484 489 491
47 109 120 134 150 188 199 207 217 220 226 247 341 372 378 413 451 453 476 481
58 70 83 95 154 174 250 262 275 294 312 341 355 360 375 376 416 421 437 438
1 2 38 45 52 56 78 88 98 110 120 140 221 256 300 347 351 369 449 470
14 17 101 117 118 129 135 137 173 220 246 295 352 404 423 464 465 473 482 486
0 28 32 34 55 104 163 200 206 234 284 297 314 348 363 365 399 401 427 481
4 21 106 162 179 183 191 195 208 226 268 277 303 326 348 360 400 440 449 472
70 140 160 170 222 245 257 263 277 298 328 330 355 374 376 379 395 424 435 481
48 96 129 221 243 279 303 307 321 357 377 378 382 395 402 404 412 433 446 474
12 37 41 98 110 123 148 151 152 178 186 187 201 226 252 340 349 361 399 482
51 107 127 161 187 222 236 260 270 279 284 312 316 318 326 327 343 383 401 483
23 55 69 87 120 141 164 177 190 226 251 270 293 315 328 373 383 384 402 432
21 75 111 195 204 229 246 270 311 343 387 413 414 424 429 432 446 450 488 494
88 97 100 178 199 224 228 280 295 311 316 339 365 371 390 397 398 426 473 483
13 23 49 69 127 142 174 189 212 222 236 276 281 285 293 373 415 455 465 473
39 45 59 60 113 152 156 174 223 231 250 252 282 286 318 338 371 437 444 474
25 244 328 356 369 370 372 376 401 419 425 426 428 432 434 448 449 476 487 489
18 20 33 40 80 110 147 159 185 224 261 275 365 379 411 445 457 458 466 482
21 26 44 74 92 153 165 178 184 190 216 251 279 290 307 334 339 398 437 468
11 15 44 52 55 74 99 120 127 131 161 246 247 254 297 309 317 341 411 413
2 4 63 66 80 128 136 228 307 312 322 365 384 395 396 414 424 438 468 484
29 40 85 119 177 189 225 226 245 348 349 355 357 373 395 401 402 422 433 440
7 27 87 103 104 116 128 133 196 233 246 311 316 359 371 398 440 445 490 498
17 58 59 60 74 89 90 105 124 132 145 247 268 311 336 368 434 444 462 490
10 30 46 75 89 144 163 222 228 229 259 266 299 400 410 431 438 481 489 499
61 62 94 123 150 168 182 190 257 281 305 307 316 336 365 390 407 410 446 472
60 151 165 176 262 282 319 344 363 367 374 377 379 384 405 410 440 455 474 480
2 25 26 29 60 151 258 268 291 295 297 352 403 415 419 439 465 473 475 476
9 28 37 77 91 111 140 144 164 177 187 221 245 265 314 366 395 402 447 497
22 43 70 114 170 175 244 250 283 287 313 316 342 380 401 406 427 464 475 483
0 90 92 136 172 210 214 235 239 264 288 291 301 306 353 368 379 398 431 440
17 57 73 95 137 171 201 212 236 326 328 361 389 404 420 448 460 486 497 499
0 17 45 53 58 84 93 94 220 229 258 291 315 345 391 422 432 442 456 473
2 12 21 32 34 43 80 92 136 144 160 162 163 232 298 309 312 389 415 489
9 37 51 89 137 173 178 211 250 288 337 420 421 427 436 437 438 463 473 495
41 50 58 60 75 82 116 129 140 158 195 228 284 327 353 377 444 467 474 484
50 87 109 111 127 137 162 181 182 199 224 237 257 279 353 369 374 396 438 473
4 21 32 55 110 192 229 292 308 318 327 329 344 353 375 392 400 417 439 451
26 68 83 93 114 128 137 168 186 205 241 242 278 344 356 363 383 396 397 439
9 84 129 204 220 244 301 319 328 331 336 338 411 416 418 422 434 444 451 472
42 97 104 106 116 124 134 137 145 151 155 170 193 317 325 344 347 355 377 386
52 67 87 140 143 166 168 203 247 249 258 269 276 286 330 333 375 410 474 494
64 66 85 88 94 103 132 134 166 183 239 259 346 350 359 384 430 448 454 475
18 55 62 109 133 159 167 209 246 259 260 269 272 335 346 365 379 454 474 486
1 17 22 31 35 43 56 76 77 81 83 128 153 170 190 218 233 372 430 445
24 30 76 106 123 128 143 171 198 202 226 259 263 270 300 301 352 427 432 472
8 26 72 127 144 165 182 205 226 248 306 350 386 395 401 416 429 437 460 490
23 39 41 72 92 239 294 316 329 349 372 417 423 428 430 433 436 469 472 499
104 111 124 155 209 242 270 305 322 348 358 377 397 411 416 435 443 453 461 474
4 45 92 127 140 173 194 233 269 301 322 332 379 384 401 438 454 463 471 483
15 24 26 28 56 84 90 95 116 218 228 246 265 282 321 336 352 431 469 487
11 13 24 58 60 66 162 208 274 332 337 342 378 387 395 428 431 484 489 494
50 72 87 90 107 121 216 225 226 246 259 262 273 280 286 325 335 337 340 426
26 35 56 79 84 100 108 114 117 214 249 269 277 317 331 340 389 473 478 498
19 31 38 62 184 187 214 284 313 320 349 353 362 371 374 383 393 403 436 446
6 9 27 53 79 134 141 201 284 347 351 354 372 392 415 447 472 476 486 487
31 42 48 78 104 165 184 197 199 226 278 308 356 371 375 379 412 417 449 498
38 42 43 49 54 60 62 63 71 84 145 148 191 264 275 285 411 455 480 496
20 31 47 80 124 140 158 211 213 216 218 230 254 283 293 387 388 430 468 472
32 54 74 77 88 97 99 172 203 210 261 318 357 391 392 398 436 471 474 491
56 62 73 110 191 208 263 280 281 297 332 356 357 362 447 452 469 471 489 493
14 29 130 131 158 180 182 225 271 276 295 305 307 319 324 325 342 360 389 484
1 28 31 59 67 94 153 163 209 267 285 293 303 353 372 373 431 432 458 493
21 98 107 129 133 135 160 161 192 240 242 254 285 302 410 420 448 470 475 484
81 83 97 109 130 137 158 164 195 196 237 274 320 359 363 368 369 399 487 493
23 97 117 147 153 160 169 186 192 212 216 224 240 253 291 304 408 441 460 464
11 29 34 140 167 184 187 255 280 297 300 325 349 390 397 401 403 426 458 472
33 87 107 118 125 142 209 232 245 291 319 367 397 411 423 456 469 478 492 499
34 35 82 109 132 136 141 170 191 212 213 230 246 283 358 375 443 451 480 487
2 3 21 35 46 48 87 105 127 161 194 202 211 217 234 258 277 290 400 491
35 85 112 133 135 179 193 194 239 246 268 274 299 313 365 434 447 458 462 465
