166 237
180 264
424 492
73 120
204 226
26 113
218 286
61 71
373 421
227 297
421 435
67 133
65 127
28 49
197 250
183 309
348 358
394 495
250 328
82 135
206 322
179 261
189 212
153 156
246 287
465 495
403 424
268 310
460 477
5 83
341 448
426 472
216 261
41 121
70 86
244 295
227 309
26 165
369 409
339 401
243 294
276 299
460 483
359 497
11 13
100 136
28 104
482 493
66 155
356 399
397 418
424 495
372 480
84 112
77 134
222 240
189 190
81 112
376 395
86 151
231 323
0 154
59 119
376 461
23 128
336 399
90 148
172 213
430 465
284 321
339 393
428 430
13 64
362 468
332 482
188 253
286 307
175 274
462 495
258 305
205 321
141 143
271 298
144 165
341 370
179 256
36 159
415 494
256 302
215 296
5 107
402 490
226 249
192 278
350 410
344 488
225 233
332 410
223 226
414 497
385 489
30 39
336 345
221 323
440 467
231 242
56 59
111 161
199 226
283 299
283 288
109 118
216 231
183 239
87 99
374 499
373 422
37 139
348 450
256 296
403 445
1 160
239 240
430 444
17 126
36 51
285 306
24 136
238 290
301 306
354 483
264 273
384 413
228 275
219 248
102 116
24 120
27 131
32 44
2 22
281 323
50 150
339 433
117 144
344 441
366 487
459 470
181 311
427 445
80 97
333 419
3 64
167 184
138 150
239 294
171 328
396 435
21 54
99 109
81 133
382 455
332 458
337 355
341 432
218 323
278 328
365 461
264 317
282 305
187 253
207 310
11 92
205 217
226 281
232 250
228 296
248 317
339 390
241 259
203 327
194 256
368 468
73 153
392 463
412 477
193 308
181 300
31 155
451 490
205 275
54 94
186 308
7 114
399 495
411 478
274 305
181 208
180 310
374 412
40 139
118 137
296 309
301 312
48 142
300 328
64 104
354 451
51 110
408 463
350 408
220 300
342 431
336 454
439 453
376 441
193 291
378 469
121 133
367 389
337 398
60 121
308 329
218 225
45 60
24 112
89 126
9 23
167 248
188 331
175 261
339 467
38 140
195 231
175 196
69 130
24 148
188 222
206 326
234 287
73 108
6 24
40 57
232 288
231 245
169 329
195 238
219 248
381 432
183 242
411 460
435 492
347 349
177 225
467 468
361 373
371 395
60 94
373 453
226 234
36 115
226 268
362 468
338 415
172 208
362 422
32 43
393 408
441 471
225 293
187 251
301 304
355 494
441 489
347 484
368 486
72 92
454 482
145 155
52 131
173 309
60 61
198 278
285 300
378 459
193 255
207 315
350 382
414 469
277 301
52 87
71 99
157 163
488 491
388 411
394 434
11 149
180 221
200 309
290 328
117 150
211 250 280
181 309 409
118 138 189
29 64 85
332 355 441
145 147 244
170 195 285
241 259 344
242 373 391
313 381 421
8 93 122
159 163 426
18 217 317
347 412 437
32 75 449
100 199 239
418 461 487
338 367 395
10 124 232
104 141 455
50 82 352
91 183 193
79 372 385
206 403 452
117 151 387
196 281 376
0 113 413
172 355 437
11 96 165
45 122 264
6 55 69
1 33 350
60 135 404
222 230 331
103 184 188
49 54 371
1 57 220
26 158 428
35 352 390
185 294 326
48 94 145
74 126 234
2 35 211
69 429 434
214 254 283
80 163 225
134 274 284
22 48 385
61 98 325
141 201 231
204 216 326
23 74 110
84 239 259
139 350 426
98 140 301
213 278 281
291 400 495
29 123 267
16 123 483
16 30 56
275 367 425
33 128 485
193 307 431
10 26 289
194 209 453
128 198 216
193 220 275
32 160 481
269 326 475
110 166 195
229 240 271
197 232 240
245 283 308
198 328 329
147 422 450
92 150 323
132 189 201
140 158 227
184 245 293
143 221 316
198 289 291
171 247 411
2 13 77
369 410 474
36 419 460
173 301 302
197 255 266
282 286 393
166 172 176
195 378 400
14 90 362
271 306 410
157 232 238
20 80 221
9 33 71
349 361 442
56 118 338
184 292 374
122 214 316
116 193 319
27 337 487
10 39 113
42 60 454
210 229 436
91 123 280
6 239 246
182 253 296
408 421 495
77 259 323
166 212 237
356 384 439
289 381 432
185 208 345
328 383 459
181 207 368
202 346 404
189 219 452
3 484 491
50 104 281
101 406 434
56 60 121
225 369 436
236 264 492
182 463 475
32 93 151
122 377 379
72 427 498
15 105 387
18 29 97
185 285 392
35 120 331
102 200 284
194 202 378
30 76 157
188 287 325
210 412 448
361 379 492
220 282 349
256 413 489
31 107 395
236 267 276
176 237 400
340 442 473
17 138 349
82 371 436
62 106 327
273 406 453
89 152 487
290 422 477
366 379 394
226 254 426
215 356 399
175 176 449
127 164 205
167 217 330
445 470 483
11 410 421
87 105 293
31 348 393
207 212 307
181 182 307
174 248 292
273 381 464
71 371 396
174 210 326
268 379 476
111 276 282
46 94 164
312 351 364
76 171 226
22 32 487
335 359 386
185 261 275
334 370 431
46 65 85
19 30 41
140 187 193
292 293 294
59 133 318
354 374 413
83 145 315
29 112 443
20 41 122
384 431 448
383 452 492
142 396 450
116 140 150
225 233 247
47 163 200
386 453 459
319 356 364
207 408 463
78 105 278
57 99 358
146 154 316
20 153 388
184 427 488
25 61 110
29 90 130
56 99 116
0 126 291
270 290 486
100 114 293
379 400 420
4 129 178
48 101 352
244 318 447
197 198 353
146 206 288
79 91 336
420 470 481
124 137 468
212 296 414
267 356 404
18 152 363
66 161 407
199 299 331
88 175 188
198 201 278
83 170 237
3 38 44
8 105 375
83 335 363
36 47 53
53 78 435
177 429 464
377 418 470
240 251 320
186 312 331
218 273 409
372 376 420
43 131 197
11 49 383
233 435 450
122 142 152
154 492 498
415 416 445
35 172 298
382 456 457
48 339 487
16 251 271
67 116 357
47 54 471
199 402 425
258 404 442
24 36 324
196 247 495
370 378 487
8 11 348
3 104 194
87 133 217
64 106 379
35 113 442
60 182 299
41 55 90
42 338 350
280 328 417
431 451 477
5 44 70
16 335 416
16 59 89
71 109 299
24 53 352
0 81 291
10 110 376
13 92 469
4 80 477
244 311 356
78 92 453
409 421 425
40 172 199
72 202 249
414 424 459
38 227 237
362 407 499
379 410 450
357 358 402
269 293 421
44 95 450
264 395 497
53 120 251
365 392 470
253 275 304
15 119 260
269 378 457
179 247 248
9 54 246
183 250 283
85 223 314
168 240 279
73 84 320
338 401 473
324 451 452
43 82 152
102 155 498
201 259 412
99 367 472
201 231 260
147 442 494
282 309 345
177 216 302 380
40 94 351 410
72 344 383 444
17 93 316 377
26 35 118 140
269 270 295 374
143 164 386 420
51 338 378 460
10 73 422 446
86 195 381 385
10 76 115 457
250 389 402 456
24 57 292 329
62 66 91 395
230 295 379 454
4 31 161 291
202 258 319 409
250 371 384 395
146 332 380 398
173 188 251 403
291 386 402 485
36 42 350 367
41 375 378 421
186 257 281 417
345 374 454 465
341 383 404 491
18 104 185 203
101 371 398 485
202 239 240 247
7 251 369 475
104 249 273 321
231 385 449 457
305 398 423 429
382 417 468 493
139 257 441 450
121 124 205 278
26 201 221 230
38 113 126 277
91 120 359 468
275 280 307 358
8 20 349 449
15 121 222 370
129 424 455 459
118 271 360 437
64 353 384 405
170 216 354 361
211 253 458 474
17 48 71 425
120 440 463 485
366 386 448 486
262 337 347 465
368 405 450 470
108 274 278 397
37 85 88 136
39 169 239 292
13 76 123 214
50 171 372 387
57 180 256 408
37 82 83 323
37 54 218 313
178 193 196 274
50 131 178 391
27 146 148 398
105 375 390 440
180 207 442 468
307 338 349 468
189 314 366 432
74 175 338 439
27 86 120 138
66 328 380 478
17 91 290 425
1 33 78 434
210 240 311 327
37 68 69 203
73 93 140 343
55 174 216 414
21 64 82 413
96 170 199 257
43 97 152 363
42 45 165 307
50 70 348 368
182 351 396 422
191 341 388 493
157 378 417 422
7 23 65 119
26 40 42 112
113 155 307 463
109 169 317 483
20 133 256 310
33 200 384 401
244 311 333 457
217 228 277 399
11 271 419 459
256 375 443 486
265 291 298 463
247 303 360 458
0 9 143 229
184 187 279 350
225 268 332 463
185 300 314 445
91 103 344 411
188 236 412 470
106 244 288 310
182 207 233 307
45 78 365 391
89 111 221 322
16 56 142 265
188 301 325 389
283 285 320 392
193 283 311 474
198 207 221 272
17 254 298 305
158 271 341 447
3 30 105 111
70 197 241 244
38 76 181 296
143 218 332 394
146 375 403 463
29 123 158 429
188 272 408 422
6 86 390 489
130 284 348 369
40 94 344 430
97 281 415 479
53 184 248 496
335 402 426 494
35 63 160 309
14 157 325 350
124 154 360 468
71 190 373 387
164 228 391 422
99 348 372 384
5 122 317 484
24 264 317 487
74 78 367 449
146 155 273 339
9 228 232 314
164 270 347 457
11 109 137 415
258 333 347 432
232 236 255 426
340 360 400 455
12 95 376 419
158 227 245 333
175 227 313 331
14 208 232 360
58 65 173 386
204 233 271 333
306 400 459 463
44 216 348 499
71 290 395 469
46 139 350 439
1 32 55 441
369 372 382 428
207 231 476 494
341 387 451 467
90 289 305 488
191 193 207 394
74 182 361 448
13 104 131 235
77 101 149 328
27 72 447 495
62 77 146 403
237 250 251 452
79 175 181 191
68 306 448 464
260 268 312 375
247 410 474 491
67 83 401 489
74 96 149 302
49 50 54 254
20 35 184 371
0 5 16 186
19 111 320 473
230 434 439 444
222 312 431 492
62 234 258 262
288 333 359 361
17 18 212 327
45 84 207 259
179 199 335 364
197 264 277 307
96 131 390 466
87 209 290 491
17 65 87 409
203 269 326 434
45 245 246 443
40 149 226 227
33 57 164 394
27 57 121 410
97 181 190 198
116 134 151 433
353 358 427 434
1 88 148 324
59 117 135 163
342 343 434 467
30 304 441 472
59 61 152 465
100 381 469 475
99 139 432 447
76 189 213 290 438
199 249 362 481 485
12 86 157 334 400
87 111 414 419 442
6 119 161 272 358
4 13 42 100 191
11 104 171 351 469
175 241 254 301 419
273 287 338 387 424
388 420 426 458 467
30 83 99 200 272
50 66 132 158 160
14 236 276 285 293
16 278 309 356 383
13 74 133 277 482
59 191 226 276 316
154 310 348 375 401
13 104 116 135 262
85 194 244 282 308
130 228 230 310 335
129 173 202 316 352
110 148 163 290 378
44 100 109 301 402
104 105 215 305 322
65 113 181 306 371
52 61 387 413 442
203 224 393 444 462
128 273 345 433 445
79 169 210 213 285
37 161 176 281 403
8 24 45 158 255
41 186 259 275 279
25 49 75 138 477
47 133 156 393 427
53 237 248 276 499
176 249 274 279 372
48 111 122 266 435
12 166 227 331 384
146 177 190 322 371
96 310 411 422 433
115 229 356 392 463
78 169 319 359 476
41 141 266 351 443
11 35 72 279 404
56 354 381 436 474
38 206 281 284 344
8 17 122 228 334
17 72 79 385 495
23 149 221 327 451
30 48 167 219 257
143 155 282 349 430
103 408 423 462 466
220 258 299 415 468
82 89 93 154 470
219 231 267 334 355
80 148 248 343 358
280 291 333 351 450
358 449 452 475 495
255 402 437 454 488
68 197 361 422 432
32 76 84 248 389
35 40 144 192 294
225 303 358 454 486
68 75 76 115 281
17 64 138 151 459
26 69 162 419 437
5 36 87 113 158
16 53 54 205 236
57 126 341 442 444
141 217 288 358 460
154 286 335 417 439
88 131 434 450 460
20 76 95 443 444
122 166 196 233 414
8 330 356 474 487
195 215 251 311 338
89 216 276 291 333
156 182 258 315 414
20 136 137 188 385
116 219 276 299 311
1 67 137 158 335
123 180 226 287 423
90 216 302 429 447
44 110 311 322 399
112 282 297 361 365
57 66 75 203 313
254 278 366 421 444
34 102 321 358 488
169 214 303 313 443
83 173 190 240 328
182 213 301 308 376
189 199 200 301 421
105 121 226 305 464
58 94 223 298 405
3 19 34 187 326
118 142 418 434 495
7 21 33 34 290
155 184 193 263 329
165 234 238 364 413
16 44 83 153 164
20 37 85 388 484
94 113 143 344 483
4 143 254 255 303
107 147 174 176 267
204 208 265 398 470
22 71 369 404 475
46 389 408 491 496
79 139 219 318 421
16 333 339 378 404
170 179 347 386 458
8 12 68 255 420
159 332 344 349 390
15 202 309 371 408
26 46 103 165 286
9 105 270 425 461
38 82 123 488 491
36 99 170 229 272
127 214 231 387 488
114 143 211 410 496
59 92 214 322 366
71 168 249 307 332
24 185 186 412 494
239 249 364 368 430
46 78 167 175 257
1 65 197 264 374
21 142 150 324 381
12 96 281 290 293
97 239 259 360 477
76 159 274 362 495
184 204 228 279 429
74 201 260 336 483
8 58 195 306 489
86 88 90 94 368
31 84 147 249 275
50 164 189 283 471
10 94 142 201 492
42 218 282 285 383
70 338 355 471 495
64 117 357 439 454
274 279 319 338 463
86 157 256 395 494
31 430 439 442 487
57 117 289 395 424
35 91 110 117 267
157 168 201 273 327
0 21 39 366 446
25 173 252 378 442
223 372 378 430 481
143 256 363 374 477
27 45 278 329 338
55 159 331 355 493
212 332 333 382 468
262 306 405 474 480
13 57 267 455 460
19 67 425 455 460
57 308 325 412 496
34 114 151 283 326
18 37 39 138 211
107 349 402 423 486
5 197 307 332 463
305 308 309 375 437
100 219 237 406 452
115 179 190 231 401
97 138 206 449 490
190 227 323 333 409
98 186 220 303 327
196 233 247 325 381
128 214 242 385 450
31 201 239 347 410
18 181 250 348 417
63 70 112 294 346
180 259 283 419 423
116 149 336 455 472
348 402 411 417 442
226 367 389 415 420
30 55 136 309 493
27 85 91 203 434
123 343 344 422 463
112 129 134 325 351
172 203 423 427 456
215 294 393 401 423
8 43 61 318 331
10 189 211 217 490
12 18 338 425 471
38 65 128 141 233
192 303 389 431 488
65 128 339 350 434
5 78 123 234 370
93 123 459 477 483
25 176 349 474 487
43 130 178 185 451
85 237 238 346 460
31 136 190 209 330
94 408 426 476 480
156 390 417 461 481
110 175 363 369 436
97 258 317 337 458
285 346 396 400 428
257 288 312 320 436
16 245 286 350 358
76 123 201 375 440 489
31 32 48 116 310 392
61 226 294 342 421 498
18 127 144 165 193 388
123 166 209 316 340 495
65 89 359 404 424 462
87 185 194 265 356 460
26 68 232 235 353 441
7 152 216 230 268 328
7 82 142 381 428 485
99 128 144 204 384 450
63 71 231 428 448 479
267 293 356 380 467 471
169 357 390 396 428 487
3 53 81 173 276 370
209 263 317 328 395 424
230 269 273 322 366 462
36 66 311 326 338 464
90 98 203 274 310 325
111 116 158 193 374 437
359 372 380 439 457 458
79 204 242 391 427 466
14 245 301 466 498 499
27 148 207 323 410 495
80 183 246 294 336 369
79 92 221 302 338 442
51 88 95 259 320 438
28 31 77 93 108 401
176 184 366 375 405 455
17 23 54 120 123 172
83 87 139 174 178 224
20 94 171 186 306 347
65 146 188 373 390 394
54 173 241 258 379 411
23 63 145 167 275 469
71 81 356 377 410 433
40 48 75 129 423 437
33 153 235 335 371 479
208 289 307 347 387 447
34 114 232 323 332 395
51 94 236 253 418 451
219 262 286 359 449 480
134 219 222 269 270 469
129 139 243 275 281 446
99 340 361 480 484 496
205 225 236 285 427 441
18 69 101 166 192 460
90 212 241 273 338 342
18 103 306 356 361 475
190 195 211 240 245 494
233 346 360 374 393 408
71 91 209 495 496 499
33 55 132 412 413 437
9 46 73 218 293 365
17 53 312 347 375 435
153 204 223 258 379 400
24 150 189 285 302 352
45 67 75 347 374 404
75 90 229 332 341 444
145 211 262 345 346 461
79 105 252 260 310 328
34 57 85 183 279 299
9 177 236 262 297 351
57 68 143 152 217 219
124 135 140 240 398 486
68 87 275 282 312 347
113 137 158 379 449 477
17 127 252 310 367 374
275 290 305 394 414 444
39 278 397 413 418 462
283 304 330 344 348 442
89 174 224 267 329 340
48 130 150 263 318 345
45 220 262 383 391 459
3 11 333 342 367 445
66 262 333 336 359 411
41 356 358 368 453 486
257 333 339 357 408 424
19 220 338 369 409 434
120 342 428 451 472 478
19 32 43 142 205 209
52 115 224 271 443 457
5 69 166 226 295 324
165 285 299 312 375 393
30 100 169 190 257 409
0 58 77 138 263 371
179 225 296 347 445 481
141 164 185 319 470 472
38 90 188 352 415 448
22 151 285 322 332 348
19 124 212 333 385 400
56 128 135 166 381 454
1 252 282 326 332 440
84 98 152 188 247 249
87 248 298 320 338 373
9 35 141 245 252 260
177 268 278 340 342 434
11 179 214 268 293 316
97 230 254 395 419 494
146 157 224 236 276 379
36 95 103 131 174 325
65 181 404 468 483 495
59 108 145 162 367 416
3 56 137 381 391 433
120 193 195 269 277 386
120 199 239 283 285 379
168 243 307 429 436 498
52 92 219 261 278 359
23 59 150 436 450 499
24 90 142 224 341 465
38 90 233 393 451 494
110 206 248 258 322 448
186 280 336 338 382 426
113 348 377 379 403 476
22 100 181 434 442 496
8 107 171 219 304 402
72 153 196 223 416 451
244 269 279 343 403 482
44 289 397 441 468 471
32 170 288 299 414 496
20 333 429 450 467 497
40 292 416 427 435 487
46 64 247 258 308 490
203 268 322 338 403 475
25 71 114 345 389 396
18 308 349 370 426 437
102 200 231 260 261 403
2 83 302 344 443 466
37 46 287 396 467 478
161 240 371 377 400 420
105 127 148 206 361 496
224 349 380 385 425 461
174 253 344 386 401 410
109 224 247 317 318 404
101 148 175 208 240 257
75 230 250 269 313 342
202 243 269 421 490 495
52 53 96 121 345 470
0 55 157 217 220 441
88 157 367 390 424 441
161 246 252 293 326 493
87 175 347 404 483 495
98 270 288 412 435 477
15 59 112 145 359 372
120 199 240 242 356 444
1 64 110 116 293 458
52 88 97 288 303 462
5 14 384 392 404 451
62 150 152 163 173 286
46 88 138 227 244 377
12 256 263 328 351 487 488
182 216 227 254 272 291 323
395 399 409 420 462 481 497
44 66 91 271 304 315 469
18 108 225 280 369 387 468
119 169 239 308 324 340 455
4 18 72 124 242 371 465
37 55 161 194 224 383 390
6 56 76 130 258 319 401
130 178 183 216 371 412 479
25 286 355 356 394 426 488
131 187 222 247 259 406 421
38 44 119 208 312 324 383
12 163 171 222 239 384 496
29 41 236 398 406 453 486
225 313 314 316 322 383 403
1 16 40 91 138 165 251
13 109 146 166 299 447 449
109 144 211 261 329 349 367
15 21 28 289 356 395 413
111 319 354 359 363 427 461
84 126 154 206 245 308 451
11 33 50 67 92 103 135
4 80 246 263 332 435 465
48 120 148 219 341 490 495
93 96 159 241 394 409 468
17 199 276 341 381 392 400
24 80 148 193 299 377 433
25 30 113 149 345 418 430
171 174 192 214 252 330 353
11 192 243 258 427 464 474
70 100 203 241 332 412 464
38 74 84 140 289 303 425
62 125 128 157 430 443 444
59 114 129 438 445 459 469
296 301 308 310 437 492 497
22 34 158 202 211 488 492
20 76 91 395 452 471 484
23 230 291 318 392 452 455
6 144 181 299 303 482 491
94 152 227 260 365 369 492
177 184 189 199 253 267 361
6 98 151 199 343 380 460
27 174 202 268 395 401 485
8 39 51 57 230 386 390
203 336 346 367 374 384 438
15 106 150 182 227 239 271
7 128 141 226 255 441 465
137 175 205 221 255 363 463
34 111 142 182 226 265 332
37 61 127 168 343 365 473
12 129 162 181 279 351 430
161 166 177 254 256 308 401
63 149 258 280 363 401 485
19 88 106 130 154 235 301
142 161 169 311 372 473 491
191 258 275 343 345 346 352
22 32 76 211 331 406 446
42 54 161 390 417 430 436
55 69 88 277 288 403 430
53 82 135 152 377 437 496
0 215 219 254 262 329 347
62 70 96 126 177 200 223
175 339 385 399 420 442 443
84 96 303 309 322 482 495
58 116 182 244 263 298 386
179 238 288 397 417 423 445
210 264 295 312 414 492 495
14 21 239 382 393 394 446
18 129 292 335 345 375 478
111 131 134 176 227 345 488
1 69 224 316 402 422 436
47 51 72 353 386 433 435
75 176 204 237 276 280 327
103 155 182 205 214 331 408
19 87 184 281 287 322 326
1 34 70 77 383 385 396
16 21 60 140 278 281 429
95 132 175 228 272 275 416
29 121 210 321 323 367 428
15 56 62 147 370 403 468
34 101 136 371 397 450 477
7 67 79 94 118 133 462
74 207 208 349 399 415 453
8 105 177 317 345 359 477
128 252 292 338 399 433 465
45 105 129 262 423 470 499
28 39 141 309 346 402 453
192 332 343 350 372 443 485
78 91 134 199 257 276 493
37 162 188 229 259 281 404
163 176 265 289 306 391 394
30 90 99 117 118 365 457
27 82 143 195 208 237 395
17 21 52 137 157 260 279
124 167 169 196 316 336 341
125 139 155 236 323 401 483
35 119 256 346 404 429 499
92 150 295 350 420 481 492
3 15 48 60 182 313 408
112 190 229 249 370 371 457
66 175 217 264 319 372 461
54 182 183 192 209 261 482
9 127 190 208 314 484 496
46 55 58 89 334 353 359
71 101 126 207 216 220 400
21 105 108 162 164 176 485
146 159 276 336 430 433 499
19 40 68 107 217 290 291
43 89 157 215 230 302 413
153 166 167 250 309 369 404
21 24 71 102 315 390 431
11 122 137 382 386 451 485
85 225 368 433 463 474 499
27 106 254 326 327 354 400
5 51 85 141 142 152 290
146 196 222 256 361 375 410
30 155 302 311 412 455 463
69 91 170 198 260 276 314
1 25 80 138 306 364 430
72 111 119 339 422 455 463
88 184 186 219 252 296 482
19 81 125 268 369 380 384
219 248 315 372 413 435 478
15 174 287 309 376 450 460
65 68 107 273 383 466 496
215 236 261 302 317 408 489
17 88 204 215 342 376 462
2 8 110 133 158 162 481
31 178 202 339 421 434 452
42 224 261 375 421 462 473
3 17 40 50 200 479 482
13 137 142 218 283 300 476
7 11 203 397 412 491 495
89 157 163 183 365 386 430
153 336 357 433 446 468 487
21 40 429 455 483 485 493
75 105 137 215 417 451 493
6 15 48 89 120 131 476
137 154 229 295 323 472 497
20 156 261 317 424 425 433
46 159 165 186 233 329 355
54 95 162 197 225 416 425
12 61 79 165 265 284 387
178 194 307 318 343 384 482
188 327 375 395 400 436 447
39 185 245 261 269 458 474
111 231 371 414 429 437 498
148 176 242 245 248 250 322
45 59 86 94 196 222 270
46 186 187 238 264 312 353 438
36 269 290 345 379 425 440 494
0 30 34 72 127 150 264 297
49 103 196 231 252 277 428 432
29 43 90 102 403 413 446 456
15 21 109 125 230 399 424 493
78 124 140 200 298 343 406 417
74 88 129 205 379 403 436 484
23 124 247 281 294 319 398 495
96 133 215 241 275 305 426 483
2 150 171 261 269 347 389 493
30 108 176 177 227 231 326 354
42 155 158 166 306 402 460 486
97 121 156 225 286 340 383 431
2 18 85 188 303 313 428 469
29 120 164 201 360 423 430 470
11 73 127 285 295 378 473 493
41 62 271 290 325 371 452 473
4 120 167 178 214 287 291 393
2 129 175 309 333 365 398 473
63 181 198 283 314 358 378 382
64 82 110 259 361 408 416 498
51 56 119 206 235 273 416 418
41 70 83 96 143 163 324 469
71 78 156 268 290 395 427 448
92 173 212 361 411 412 466 493
3 130 145 242 289 387 418 443
104 236 241 310 315 351 398 477
21 113 259 285 335 356 453 464
88 101 281 359 390 432 453 455
22 29 34 65 70 141 153 458
12 20 89 166 298 310 313 329
49 57 203 272 302 328 375 468
2 87 94 144 178 243 255 341
90 179 198 285 287 306 330 376
31 206 293 317 338 342 458 476
38 51 336 377 432 453 454 456
13 46 82 120 156 161 191 383
50 122 144 212 329 338 375 384
152 156 185 258 280 337 338 369
10 12 50 97 257 298 458 476
39 115 136 145 167 226 291 438
53 58 80 86 107 113 179 265
12 44 66 82 134 385 387 462
222 233 250 308 342 355 362 432
121 197 231 259 299 339 346 400
33 80 166 244 278 300 321 440
18 40 43 139 142 164 240 391
97 191 310 322 331 371 423 430
40 168 215 223 245 290 354 430
21 36 81 171 231 267 271 394
166 168 233 239 308 323 335 349
16 218 265 333 335 338 418 428
202 211 224 274 298 300 378 482
1 12 37 98 173 234 240 258
62 138 214 260 388 444 452 472
23 31 48 51 68 92 347 386
39 138 191 215 291 449 451 493
72 169 184 206 239 336 434 479
25 27 62 101 210 212 237 388
16 63 150 287 366 432 457 473
9 15 50 60 135 143 161 277
68 173 222 234 373 412 482 493
14 60 62 69 249 304 332 343
9 142 318 348 425 439 442 471
72 113 196 274 401 431 451 490
86 93 155 243 430 434 462 469
1 36 76 180 305 332 445 456
18 123 127 235 257 392 482 488
20 24 70 224 266 361 446 489
99 185 340 416 418 432 440 454
59 81 191 207 224 290 408 448
14 66 107 163 217 304 360 482
228 233 317 367 377 392 394 406
34 35 85 193 212 403 412 466
63 68 144 193 375 403 453 493
44 248 253 264 302 429 446 465
36 51 107 176 193 209 261 262
137 190 194 280 303 320 343 380
53 93 209 285 304 307 464 472
80 98 102 128 144 145 390 499
47 208 236 244 302 313 473 494
71 93 112 118 124 193 285 426
28 57 65 163 223 268 302 424
9 30 111 237 251 276 308 312
9 33 110 151 274 321 336 465
16 22 33 73 282 297 323 370
50 99 155 228 241 281 308 396
13 231 339 369 398 413 415 471
148 212 348 390 398 407 418 458
37 100 116 145 179 369 428 471
19 67 79 132 280 292 352 464
129 170 194 217 225 279 287 301
3 48 67 100 168 347 353 472
14 45 74 149 166 261 311 419
1 38 134 135 205 212 345 361
14 95 109 229 238 420 454 494
19 20 29 34 110 256 298 329
41 60 101 138 312 460 481 482
2 4 17 63 87 110 344 427
10 145 191 204 224 276 438 461
8 75 84 125 183 374 412 425
18 73 161 178 190 247 263 431
24 39 47 348 350 375 407 484
1 93 203 206 264 478 479 484
12 146 157 284 286 354 412 464
63 64 140 156 190 259 372 418
12 81 136 244 349 398 428 437
29 55 65 110 114 181 231 263
37 70 95 105 126 135 195 345
32 36 146 315 339 347 373 461
52 91 223 249 256 460 475 496
70 138 150 172 242 258 325 455
6 13 47 63 111 149 285 381
9 228 259 285 304 386 487 498
50 84 169 177 210 230 238 343
29 51 133 134 288 301 325 427
7 70 209 223 279 392 410 442
61 91 107 115 179 274 397 476
11 43 62 187 212 240 362 438
96 123 172 274 334 338 463 476
57 164 264 332 375 376 437 458
47 61 191 304 312 328 390 448
53 87 132 183 239 242 247 411
60 135 142 188 197 282 296 366
136 182 194 228 245 284 293 405
56 140 167 219 294 362 417 497
128 132 166 225 386 416 462 497
16 20 23 127 129 210 284 398
56 98 165 270 275 279 328 334
166 229 305 315 320 324 343 406
70 109 158 214 260 338 450 457
57 104 182 194 372 423 460 481
5 156 202 299 363 409 452 481
99 228 406 410 443 478 491 492
43 65 93 125 128 145 158 319
38 53 168 172 192 232 265 473
11 35 195 396 397 419 424 436
8 27 135 350 354 388 439 472
10 49 143 260 316 328 361 382
6 36 83 135 174 253 386 390
111 137 154 161 239 274 282 377
35 43 53 87 262 345 454 464
8 38 82 265 271 307 314 372
66 167 241 353 355 382 469 477
28 73 136 409 417 432 463 487
171 187 306 308 342 372 374 396
15 61 76 96 156 348 465 472
54 93 108 153 163 263 282 349
102 103 133 167 203 228 301 381
63 69 84 150 159 166 374 389 415
26 57 122 148 241 258 282 287 336
19 80 82 102 255 336 426 438 463
48 59 167 172 209 241 270 279 368
40 191 192 229 366 405 426 452 465
32 189 194 224 265 352 370 497 499
12 29 118 136 300 349 363 415 459
63 90 235 236 244 301 433 436 451
101 174 178 210 213 313 339 397 411
22 40 69 141 197 227 259 363 385
69 94 124 284 374 409 412 417 459
74 75 78 98 133 236 311 315 415
131 137 169 172 216 254 271 432 489
37 92 106 216 279 309 371 383 477
16 68 73 75 119 296 354 396 453
98 145 157 162 319 388 452 481 486
144 160 282 351 370 383 476 480 484
1 4 142 272 288 295 322 466 496
1 136 158 213 358 362 369 455 456
40 103 217 239 278 335 373 471 487
103 106 184 301 309 364 374 405 413
58 80 164 316 407 429 434 457 465
109 160 172 174 216 338 481 493 494
10 31 56 93 110 267 355 434 498
37 41 84 143 174 244 271 286 447
19 34 69 296 359 387 409 422 470
10 35 134 138 164 231 385 427 461
28 38 73 97 115 240 246 248 318
28 81 98 99 103 113 175 326 378
7 41 89 109 291 303 330 364 382
63 75 140 178 237 295 309 336 397
56 93 159 282 379 426 455 457 463
26 39 137 144 160 163 377 441 481
5 55 168 174 345 349 351 418 436
5 8 155 260 292 364 378 430 495
7 58 120 202 288 304 325 327 392
24 115 140 156 236 261 278 352 359
48 52 163 252 254 336 414 451 479
27 106 205 207 350 360 366 387 439
7 91 148 194 256 370 433 450 478
17 84 92 113 140 290 300 340 427
9 160 168 184 186 296 314 318 482
33 70 85 100 164 187 199 202 495
44 49 54 143 306 372 377 434 485
41 53 55 77 120 139 176 214 448
51 265 283 284 308 326 335 427 450
58 152 225 252 284 336 400 404 482
19 48 167 184 219 223 383 397 496
75 76 124 223 266 337 349 449 450
1 23 103 123 190 193 275 352 378
56 111 140 149 229 239 301 308 311
77 166 200 206 217 323 325 404 464
103 134 150 183 253 288 341 428 446
76 83 96 184 194 236 251 314 485
55 92 155 247 248 264 369 400 454
44 69 70 75 110 232 288 436 468
12 106 240 268 298 308 381 450 467
101 155 165 222 270 327 353 462 490
41 103 147 155 187 281 307 474 480
38 81 163 236 334 338 344 438 459
28 136 144 154 165 232 253 348 478
34 41 180 208 232 241 278 314 363
136 234 265 371 391 417 424 470 478
36 126 152 215 221 241 351 371 425
85 89 149 188 237 255 314 350 421
31 43 79 97 275 363 381 386 443
117 245 310 333 347 368 454 460 467
20 39 43 55 83 104 124 477 495
60 115 216 288 329 342 363 416 499
3 48 158 234 307 315 330 428 478
4 49 55 79 90 166 331 337 474
52 153 154 203 218 313 397 405 455
15 113 213 234 250 334 428 450 464
1 27 41 45 75 250 350 458 499
78 104 110 111 148 297 343 372 411
26 206 220 358 365 384 399 403 482
5 17 41 140 192 274 377 429 470
12 45 88 345 364 390 396 479 488
6 29 36 47 63 70 141 227 487
136 146 202 302 319 345 367 415 439
58 62 63 86 124 315 385 400 476
104 185 232 256 278 335 407 453 469
28 106 117 134 220 228 386 456 463
23 40 253 308 312 401 458 497 498
43 58 231 277 317 334 369 440 469
9 106 120 176 264 311 343 363 456
7 53 113 118 127 145 163 257 414
46 92 130 209 241 251 265 379 481
42 83 90 141 166 262 335 419 444
67 93 161 209 286 331 366 420 448
41 68 167 204 258 298 339 379 425
2 78 101 113 142 144 191 416 419
8 52 101 179 204 205 467 477 492
55 86 136 149 231 372 390 461 473
2 106 124 169 229 326 348 400 401
5 78 229 252 345 412 431 457 464
90 253 302 343 356 376 413 444 476
87 229 262 268 287 331 442 475 481
9 66 275 300 361 455 456 458 493
60 63 105 204 233 299 340 380 464
41 49 60 66 151 326 382 429 451
33 71 227 257 336 357 437 450 460
45 260 297 351 382 384 414 437 446
117 145 158 183 236 285 336 421 499
86 189 244 273 307 349 365 442 491
100 241 278 286 299 359 387 391 439
20 139 179 251 273 333 417 460 481
30 97 119 168 383 389 409 472 497
124 136 178 215 231 241 258 285 371
1 157 165 209 301 386 422 427 468
19 57 153 184 225 252 283 370 461
85 93 96 97 201 234 247 277 304
53 72 151 176 273 360 383 399 403
200 234 238 385 388 391 398 439 467
35 87 123 191 198 290 299 319 384
7 86 87 106 178 276 307 364 374
11 23 27 87 115 130 153 340 361
87 109 132 149 224 243 262 381 425
11 26 46 125 297 330 339 344 400
39 56 86 107 164 216 242 302 377
45 96 101 172 180 184 205 222 418
15 27 32 92 206 232 392 424 465
27 125 153 188 196 266 343 359 407
44 217 233 256 263 325 354 360 498
45 95 190 193 201 248 259 261 299
8 59 71 177 358 380 415 416 444
50 69 159 162 233 269 415 454 487
41 98 135 150 300 334 432 460 464
14 27 39 145 166 167 171 243 358
52 115 160 172 178 287 318 354 368
15 65 158 230 296 306 314 329 490
88 204 205 240 254 313 338 441 471
90 126 137 228 237 335 351 384 464
39 49 85 89 128 191 228 298 334
150 169 170 196 232 348 356 395 497
13 39 100 131 162 257 374 439 461
42 119 235 285 296 412 422 448 457
81 90 92 155 175 314 361 390 415
2 3 55 196 230 251 355 361 485
122 198 230 314 327 356 367 450 483
14 45 122 227 304 388 424 438 457
183 192 221 244 264 269 334 374 487
66 135 237 251 290 352 365 472 476
17 85 211 227 262 287 434 462 465
64 71 118 293 409 422 443 456 460
140 237 309 338 355 379 401 459 488
40 155 246 331 356 391 442 449 483
17 109 179 205 226 283 370 450 459
95 152 174 281 356 413 423 428 488
6 22 72 196 228 276 314 331 420
1 146 183 231 303 354 361 431 480 489
62 192 218 237 248 297 333 359 395 401
19 40 130 320 354 411 440 455 469 498
189 223 298 350 359 363 367 393 415 496
187 193 227 266 331 334 478 486 487 495
41 46 87 168 201 213 284 382 384 394
64 197 213 232 267 336 362 436 471 494
37 126 179 187 266 293 334 350 364 407
68 147 153 154 182 207 238 258 388 441
18 89 103 179 247 252 256 296 331 490
15 16 24 31 102 304 333 341 413 471
4 12 60 80 157 184 272 424 436 472
22 83 101 119 120 150 162 178 294 393
6 7 10 18 28 117 168 193 359 455
9 53 55 112 294 387 390 391 426 492
23 30 33 132 152 201 271 319 422 499
67 69 71 75 262 271 322 360 400 460
19 159 226 394 439 455 456 463 467 493
85 144 153 241 250 279 304 386 412 499
82 190 198 203 291 305 336 378 463 489
75 158 188 224 270 341 376 397 437 484
17 34 80 111 129 143 277 364 431 464
61 156 180 196 204 213 331 390 395 427
8 43 51 211 217 219 253 267 299 429
2 100 128 268 311 323 347 353 410 415
159 208 215 245 310 328 338 378 434 442
29 30 45 62 64 72 189 203 239 462
8 18 20 26 34 112 164 285 400 419
64 226 242 308 346 408 474 482 489 496
6 71 94 161 174 202 327 390 413 475
140 153 173 188 193 315 318 330 451 474
3 17 97 108 182 201 270 283 424 444
15 72 90 132 178 198 230 246 262 382
34 73 120 138 169 211 312 457 463 476
57 71 95 136 168 205 250 384 399 416
18 90 93 116 126 127 242 249 394 496
32 73 135 173 236 238 347 366 436 456
8 38 51 65 159 173 310 420 422 454
62 74 278 320 344 362 365 383 403 411
2 33 58 89 266 303 307 330 393 419
22 73 145 147 181 272 354 367 380 442
119 222 239 274 281 292 336 396 411 467
72 114 120 153 254 281 293 320 335 342
3 47 49 139 219 235 432 453 468 490
78 86 91 134 140 214 239 276 381 387
44 56 85 121 144 198 234 254 329 370
15 37 43 136 231 248 363 429 437 465
28 29 115 142 196 253 332 342 353 488
46 61 141 155 197 266 292 327 363 478
70 76 194 195 267 268 280 289 305 444
4 183 212 233 239 241 388 445 450 499
39 55 138 155 179 224 248 264 269 271
55 136 140 193 197 227 245 289 337 476
135 252 294 315 363 377 399 456 457 466
25 26 213 223 231 281 368 389 432 443
5 78 157 175 261 335 388 399 441 446
0 11 130 134 151 279 357 382 423 425
43 75 83 177 187 271 277 296 383 417
2 3 75 77 178 184 234 285 309 327
8 11 116 117 158 277 283 297 369 476
77 91 148 172 217 294 380 381 410 482
81 125 130 168 214 262 336 384 388 408
40 56 169 216 314 398 406 417 441 498
21 58 165 238 267 275 284 370 422 439
3 115 133 137 160 174 264 268 335 351
32 96 110 120 146 228 258 270 334 457
6 41 144 258 311 342 349 360 364 376
135 172 217 223 231 345 348 357 370 415
182 255 264 267 272 287 377 440 443 493
53 148 149 161 234 326 366 369 431 443
7 13 54 144 182 189 239 403 468 494
104 260 272 280 358 380 397 424 467 494
14 40 55 83 151 161 180 285 421 487
5 37 168 169 183 198 282 393 454 456
4 99 202 288 332 333 347 389 443 446
9 21 109 132 166 223 385 418 473 483
11 61 64 88 107 212 419 430 463 499
113 172 209 233 242 314 349 388 474 478
43 148 161 191 235 377 413 441 461 470
9 90 100 160 164 208 254 293 348 371
25 263 280 302 422 441 454 460 490 494
16 68 126 205 235 397 444 459 463 481
32 59 132 170 288 326 398 437 454 492
102 111 124 161 204 241 289 303 325 343
21 23 259 262 268 339 386 434 452 490
34 135 151 335 352 363 397 461 468 492
118 217 239 241 247 342 361 401 454 461
15 54 61 74 127 187 230 255 443 476
15 23 84 89 108 142 153 295 347 455
60 112 130 156 213 249 266 366 380 498
6 19 59 73 84 114 119 280 361 469
114 145 157 163 183 284 350 371 401 429
6 20 64 220 225 236 279 305 383 437
24 96 195 216 229 277 289 304 444 492
51 68 125 191 243 307 326 328 422 434
19 40 57 76 94 133 250 395 421 444
55 109 203 208 256 293 341 349 380 493
62 261 268 346 365 381 387 426 430 454
7 67 131 154 159 200 207 324 369 471
68 91 123 342 350 354 388 428 429 468
15 24 42 126 134 168 263 292 469 478
9 99 129 180 206 342 402 434 481 496
18 46 184 190 203 240 319 362 416 494
31 61 151 224 254 273 292 312 354 409
41 92 124 130 153 181 208 213 251 467
54 153 195 198 210 213 250 280 416 447
178 244 324 336 394 402 451 459 493 498
5 95 115 191 229 252 317 355 450 474
118 162 164 180 181 271 408 456 474 479
30 80 88 139 141 223 314 389 400 431
13 95 98 154 204 252 271 276 367 375
97 145 167 179 202 210 280 282 312 402
124 191 198 269 296 341 366 391 482 492
36 71 153 207 249 298 385 430 443 449
132 252 300 315 355 374 403 466 481 494
8 120 177 256 261 316 377 388 397 433
50 135 240 298 351 397 423 449 464 490
9 76 101 130 198 263 304 335 395 441
19 102 135 138 144 178 227 287 406 426
29 128 148 167 197 213 220 376 388 447
1 52 101 155 221 224 250 295 359 417 479
29 37 48 50 138 173 241 289 333 400 460
13 25 82 136 144 258 315 338 419 420 480
5 60 73 76 117 171 187 200 236 391 393
64 72 100 105 117 182 200 269 322 325 497
18 51 77 80 85 138 154 282 334 395 478
55 86 88 89 118 172 181 210 221 408 428
14 47 76 86 221 322 331 428 466 469 495
11 22 90 176 184 233 298 352 367 402 487
53 124 183 226 299 310 327 423 430 436 485
69 90 96 106 130 139 207 283 325 386 481
10 105 141 176 217 279 304 316 341 380 386
21 37 57 129 136 201 212 243 248 264 429
6 108 110 122 279 339 403 407 411 417 452
17 71 78 206 237 239 254 334 433 477 495
30 88 146 248 303 322 331 386 410 470 489
52 76 111 133 161 192 261 337 360 442 470
104 123 124 129 138 165 300 307 370 463 485
39 66 112 136 155 206 252 290 312 361 433
46 65 95 115 133 189 227 285 355 385 481
30 109 183 212 225 229 284 297 330 361 427
63 116 171 180 200 308 311 370 403 469 497
8 46 51 69 93 115 140 338 355 407 445
18 76 212 224 232 249 250 278 384 401 414
91 98 102 179 228 249 256 291 378 404 462
15 28 84 100 140 145 235 349 351 366 421
31 51 102 104 134 146 152 324 343 418 426
47 92 99 128 286 338 342 423 427 429 476
31 69 82 172 186 188 212 253 263 371 374
11 12 13 26 60 86 152 261 285 394 399
44 113 131 221 239 318 361 380 396 443 498
47 67 85 119 155 323 334 414 440 476 487
40 55 71 81 224 291 299 309 313 380 436
35 86 132 134 150 177 223 277 279 329 491
10 47 87 99 104 197 286 291 374 418 421
70 78 110 225 229 259 283 285 319 381 439
90 130 134 136 152 162 175 228 235 246 485
15 44 66 68 76 157 358 379 435 471 477
10 22 59 113 163 187 216 235 248 376 411
10 217 274 345 374 382 396 406 471 480 495
147 187 240 254 300 321 332 358 441 458 488
122 201 206 304 325 342 349 389 445 448 490
46 98 109 151 219 254 269 273 313 441 498
58 62 98 144 156 178 251 272 293 357 372
12 46 79 189 235 263 268 269 304 305 449
29 52 113 144 185 220 231 267 285 324 496
3 6 102 164 169 240 262 318 447 467 486
22 59 81 101 145 213 214 290 332 344 452
93 120 126 152 155 250 286 341 370 447 494
26 71 87 111 153 180 261 275 307 324 388
47 91 99 165 166 196 222 256 285 369 370
12 45 154 195 225 280 328 446 454 485 487
5 84 247 310 328 341 365 407 422 478 494
20 76 94 146 155 281 349 363 405 414 423
123 138 240 257 276 281 293 299 311 360 382
169 186 191 232 272 287 309 350 367 404 409
7 49 61 93 167 231 321 353 420 426 482
2 40 49 60 107 233 322 386 414 437 450
135 177 203 212 249 267 313 363 382 423 491
40 56 167 218 221 234 262 290 319 325 383
89 90 101 142 171 298 322 382 437 459 473
39 74 114 146 171 174 191 216 286 327 336
32 168 177 187 202 253 315 338 351 408 474
18 24 32 56 71 134 169 173 247 330 488
34 36 96 99 164 189 216 229 342 446 452
35 50 54 64 84 118 126 286 310 400 438
3 4 36 55 120 167 248 251 271 294 482
62 93 127 131 167 189 219 276 450 482 494
23 68 135 140 254 261 323 353 412 453 474
46 141 217 230 262 293 317 339 347 371 485
41 43 160 217 343 365 410 416 423 433 452
40 61 64 65 126 148 155 299 318 346 451
33 51 53 61 181 193 248 310 326 402 427
28 36 161 173 196 249 264 300 415 429 468
12 193 221 321 323 335 370 381 389 423 433
24 44 189 197 233 275 329 354 388 443 490
28 94 172 197 215 265 288 300 308 392 448
138 191 219 233 239 346 361 390 399 400 490
45 81 89 105 193 205 229 324 368 414 479
94 120 156 193 257 274 278 291 403 404 495
137 177 206 209 250 254 287 292 322 376 377
19 20 75 81 109 115 199 330 345 467 481
25 39 40 335 344 355 385 407 409 429 436
18 62 73 93 148 194 289 326 481 496 499
171 176 235 236 241 270 274 363 365 433 446
12 39 127 270 317 355 396 415 457 488 493
67 86 91 98 182 240 248 303 332 436 491
85 118 142 162 222 223 386 403 410 463 489
44 192 242 248 264 286 372 392 394 411 453
13 73 103 184 239 277 375 407 447 476 490
45 58 70 173 197 202 224 325 329 381 389
17 140 303 355 409 432 459 461 489 490 495
2 203 230 239 271 298 307 343 349 466 470
39 96 98 120 152 155 251 367 408 478 489
1 4 80 104 218 294 295 320 337 366 402
51 56 125 126 183 260 272 390 446 460 466
43 89 134 152 198 217 219 246 327 333 440
2 18 22 81 268 325 354 356 364 428 476
42 62 114 157 161 227 228 261 315 316 387
126 143 159 193 226 230 236 267 334 427 484
62 195 213 244 247 257 262 272 410 431 478
16 96 135 147 219 341 349 374 376 415 492
70 139 212 218 221 266 267 279 292 490 492
84 131 135 171 208 297 317 386 403 448 499
18 26 35 52 127 258 289 319 394 479 491
7 136 178 237 244 316 330 377 382 399 494
39 56 60 71 124 135 148 166 313 370 476
113 206 207 212 218 248 262 336 386 422 468
29 46 54 58 82 106 159 165 182 231 490
7 193 253 278 333 335 354 457 464 478 494
66 157 189 325 366 376 381 399 425 439 469
13 88 112 123 144 171 191 246 302 318 447
11 43 66 108 201 205 289 304 339 360 498
121 210 230 276 296 302 314 366 372 432 465
78 81 88 134 186 243 357 360 405 413 492
15 45 68 75 91 203 209 224 230 341 404
21 44 56 61 65 116 148 211 247 255 447
2 53 77 159 183 200 201 267 321 395 481
11 98 196 308 338 397 434 466 473 475 481
90 101 175 220 304 309 311 324 345 354 415
8 22 169 179 188 219 350 360 376 413 419 473
67 192 229 273 283 301 305 313 389 409 459 465
37 85 204 218 219 247 256 292 311 408 430 455
172 215 239 275 277 287 314 356 379 386 461 475
58 91 123 177 190 239 243 268 296 388 431 454
75 91 136 159 201 227 259 274 295 424 461 479
34 42 70 73 171 305 375 401 427 435 436 451
163 199 211 265 316 370 371 414 415 448 474 479
11 15 52 73 98 125 266 384 428 432 467 486
16 31 141 154 187 227 277 412 442 452 478 484
17 81 90 214 258 270 323 331 349 358 427 496
60 87 127 144 162 234 261 265 308 366 433 450
76 107 124 153 221 237 322 345 413 435 471 477
25 27 94 209 231 234 267 338 353 375 484 497
61 69 242 259 276 281 324 329 331 395 401 494
21 70 80 106 108 139 177 218 374 405 478 480
77 137 155 235 268 284 358 367 395 416 437 440
71 85 108 172 199 239 273 293 319 410 421 442
5 30 34 226 232 255 263 278 299 303 311 426
13 22 75 111 269 337 382 391 408 421 445 482
26 58 86 139 265 267 268 316 332 350 446 480
132 195 205 212 226 245 258 336 348 375 440 469
76 97 110 114 133 224 241 255 283 359 393 432
16 48 168 239 334 343 347 388 423 444 449 490
22 95 121 137 142 170 292 299 368 414 434 499
48 52 79 125 140 153 237 245 271 320 435 467
13 140 210 306 309 342 368 424 453 472 477 481
62 182 184 206 318 320 328 348 357 365 366 454
33 39 82 103 122 140 223 273 323 405 479 484
10 26 41 170 171 209 234 241 306 364 421 445
72 178 230 313 364 379 387 389 393 417 443 465
51 67 82 84 123 213 230 267 298 324 353 451
34 80 142 150 155 191 216 270 317 327 338 482
60 110 111 115 203 266 307 313 401 414 423 475
36 85 87 92 119 160 167 250 356 366 427 493
54 68 301 345 349 362 377 391 426 451 460 488
45 101 110 129 137 168 241 312 331 335 441 449
0 57 60 83 132 150 153 185 200 393 442 494
68 102 112 166 215 255 273 310 338 439 464 475
1 10 51 100 102 159 189 252 281 286 410 459
134 140 180 230 296 299 321 338 467 469 471 482
14 32 36 46 67 209 211 325 344 351 366 445
5 8 55 112 144 211 243 348 353 393 445 479
42 45 65 95 196 266 324 378 416 448 465 471
130 156 221 227 249 275 291 300 360 375 383 485
108 177 184 201 205 258 263 269 283 430 452 484
14 27 49 95 106 257 264 267 280 357 361 441
17 22 36 53 251 271 291 324 344 349 354 453
33 72 129 140 161 362 373 375 420 455 486 492
165 170 183 197 202 230 231 263 266 320 371 425
17 39 46 91 111 137 144 193 312 387 393 483
31 39 88 141 155 221 356 365 369 405 446 457
54 79 97 118 164 314 328 387 398 417 439 492
1 19 24 63 115 134 136 159 167 341 452 470
20 41 61 115 122 228 244 285 403 464 468 470
6 9 17 146 192 227 252 316 356 420 462 476
108 191 201 218 239 253 278 291 315 418 422 499
3 59 67 89 108 110 137 144 189 432 461 468
17 36 39 135 171 206 252 257 403 472 479 497
41 69 189 218 247 248 287 330 339 368 378 472
25 120 167 235 242 276 282 286 316 373 387 471
32 72 92 123 138 173 212 229 232 371 390 484
104 135 186 188 274 310 403 410 413 448 452 495
5 107 128 202 211 281 291 348 401 415 425 442
12 54 135 225 243 372 404 410 412 414 457 488
16 22 59 155 159 295 324 362 393 434 452 472
48 88 94 203 278 321 374 384 424 432 447 488
12 15 45 92 94 97 257 288 292 298 408 463
10 119 121 256 276 332 343 359 398 478 489 495
47 127 142 168 192 198 318 332 373 440 458 487
43 74 89 123 229 302 360 370 429 432 453 480
43 101 107 124 155 169 245 255 258 374 398 455
66 69 153 182 224 294 301 318 331 363 387 448
62 129 178 259 272 288 331 343 438 456 475 492
110 112 221 300 309 350 374 405 418 441 481 495
103 174 198 201 211 232 237 246 321 335 434 482
27 89 90 132 166 183 214 302 331 459 475 499
21 23 91 137 190 318 335 373 417 444 467 478
115 122 228 230 232 259 268 393 449 452 459 470
86 120 220 291 294 295 324 389 394 426 443 470
111 134 136 181 199 285 354 364 369 385 409 449
48 209 237 366 372 434 448 468 474 478 494 497
15 32 113 164 195 205 365 374 411 414 428 470
73 140 171 218 223 255 267 360 409 445 472 493
23 52 102 107 114 152 172 173 250 258 269 407
24 68 109 126 185 222 240 247 389 402 426 437
8 25 94 97 163 189 193 229 250 317 329 411
13 16 39 40 46 48 58 89 103 242 260 295
5 114 117 122 189 202 203 204 320 389 432 478
72 94 122 136 188 258 265 283 324 390 439 450
22 69 77 93 118 121 210 237 281 308 314 315
36 112 145 150 154 160 240 261 305 312 314 462
90 163 170 193 277 291 330 342 365 455 473 499
99 201 218 219 288 330 347 389 395 397 447 462
29 52 195 252 269 313 325 372 381 483 485 490
14 22 28 70 180 190 267 386 406 425 428 430
30 71 91 101 171 195 199 265 274 276 307 345
30 59 72 127 164 265 305 445 465 472 476 480
54 75 99 149 179 216 255 299 330 388 391 419
23 101 116 160 252 303 349 351 381 394 435 474
71 109 165 189 228 235 236 262 317 321 408 432
12 50 144 176 220 229 269 307 324 334 413 429
45 90 109 124 173 194 226 240 262 425 435 482
58 59 80 98 128 200 202 252 269 365 384 446
29 77 96 197 318 387 388 406 413 441 473 494
50 122 132 137 159 194 240 258 280 285 402 489
11 73 154 233 246 281 331 339 341 343 372 499
36 42 66 77 84 241 286 336 380 398 470 482
74 117 132 148 166 225 337 347 424 465 485 498
63 94 169 210 248 264 268 287 309 348 371 396
12 74 81 188 233 239 262 264 291 292 382 477
140 166 175 184 355 358 371 385 399 403 414 453
17 56 83 184 211 242 257 293 356 401 426 470
39 60 122 140 148 197 268 269 350 451 463 471
4 33 96 125 172 186 198 226 309 349 416 497
3 96 127 184 203 209 238 339 375 381 462 476
28 106 178 198 218 342 414 446 481 485 489 494
13 17 147 180 225 229 235 311 322 355 448 457
2 58 76 90 175 183 184 187 294 351 417 479
48 111 125 132 195 324 336 348 363 369 451 497
9 68 95 150 200 213 227 285 330 425 432 443 456
83 133 151 159 187 286 326 353 379 420 441 470 485
11 69 101 107 140 180 219 269 284 305 381 417 441
45 63 152 160 169 187 190 242 270 302 308 381 468
32 50 70 116 289 296 298 389 404 426 440 443 481
30 147 196 202 243 247 268 291 357 425 426 428 484
79 89 179 190 288 336 351 383 385 425 447 461 494
59 69 87 95 114 138 183 198 244 377 385 389 488
7 16 38 68 71 92 110 254 343 355 433 470 491
11 43 91 114 147 162 176 219 326 336 370 392 468
15 19 20 122 237 251 273 346 361 397 411 473 496
73 154 159 189 195 305 372 374 398 401 466 482 488
30 44 49 282 293 338 341 357 364 453 473 480 499
5 42 49 87 89 90 200 237 281 350 357 406 471
47 57 100 129 216 258 265 313 336 338 353 387 488
45 77 123 136 158 179 194 249 252 289 308 409 459
42 70 111 118 246 288 292 301 354 441 449 460 479
1 25 78 118 229 265 310 345 377 400 442 469 474
8 36 88 109 136 140 141 216 294 379 443 474 484
44 58 107 110 205 252 294 299 303 380 438 484 490
49 53 128 171 196 240 305 344 356 382 389 402 455
53 70 85 86 130 252 281 291 307 308 334 378 383
11 17 178 199 204 219 304 377 412 421 427 428 433
0 14 83 97 111 116 218 254 349 357 403 425 436
0 57 134 169 194 240 289 292 310 362 373 462 499
4 15 22 93 103 148 164 225 243 285 296 354 364
152 225 232 255 275 310 338 349 357 361 379 401 406
7 21 133 147 217 219 250 265 345 396 468 479 493
3 18 74 109 144 157 219 274 368 420 449 458 496
2 11 17 93 123 129 140 151 196 221 251 308 362
31 75 94 110 136 211 219 286 359 377 388 469 498
48 51 59 213 219 295 316 342 378 379 416 423 431
5 19 59 104 154 180 212 287 331 382 387 465 474
35 54 76 102 152 167 217 258 281 384 455 488 489
2 11 25 105 143 203 273 341 362 462 469 479 483
48 65 101 103 208 229 255 301 333 359 380 381 396
4 35 49 186 187 221 277 279 311 337 386 394 436
29 67 113 149 168 271 281 289 379 382 412 428 457
54 65 73 86 102 160 169 180 243 257 326 459 462
6 26 67 147 311 333 342 373 386 423 426 455 466
3 64 113 126 192 200 229 330 380 404 405 434 448
125 158 203 254 284 316 326 385 409 443 467 475 496
3 148 158 161 187 202 272 278 283 362 365 374 416
63 70 78 194 216 254 258 288 359 382 421 459 499
52 63 76 142 189 221 242 277 293 363 384 409 445
17 48 104 195 209 267 321 344 377 418 443 465 495
0 11 49 58 118 135 194 258 264 292 360 370 423
69 104 109 119 188 255 264 394 472 482 483 487 493
29 147 205 213 216 253 257 322 409 417 427 428 474
60 88 163 215 231 271 301 315 328 361 432 457 467
105 150 195 243 246 316 336 347 369 382 420 434 495
17 50 51 82 148 149 223 245 248 264 340 464 474
62 251 269 270 279 301 303 341 344 352 359 387 454
43 48 105 116 239 240 250 252 253 254 317 398 446
59 61 220 231 264 349 360 367 383 388 461 475 497
0 9 24 26 36 85 96 131 148 264 304 310 325
81 95 159 197 224 237 243 284 353 365 405 456 499
6 23 59 159 266 272 301 302 308 323 351 366 440
62 67 212 245 260 265 303 315 340 417 425 482 495
78 143 176 190 191 214 249 293 303 347 371 459 494
1 14 107 115 130 158 244 279 284 291 365 390 414
51 86 115 161 220 231 247 282 309 310 326 364 376
5 60 77 125 140 159 179 221 377 413 414 425 464
23 57 60 71 87 173 178 257 281 321 369 430 464
2 45 65 82 124 153 165 314 417 422 434 489 490
11 58 76 106 169 211 212 314 321 339 424 443 489
172 189 212 268 283 296 299 311 342 396 438 444 462
1 13 40 44 63 85 124 128 129 140 218 393 449
48 213 231 244 247 305 312 322 383 391 395 401 426
7 18 40 50 63 103 145 205 271 275 288 289 421
66 79 100 107 118 128 181 197 322 333 353 442 461
5 15 26 32 120 149 206 251 302 307 310 382 424
47 98 112 135 139 142 181 187 204 208 321 323 487
5 45 55 89 217 218 224 275 318 377 401 406 483
24 123 195 208 238 242 293 326 414 421 451 461 491
82 89 145 246 331 340 395 430 444 448 454 469 486
23 26 37 39 47 55 59 107 184 217 293 306 394
52 77 98 104 156 173 216 249 300 324 459 467 487
8 63 72 88 97 168 183 328 382 416 454 468 490
80 99 254 274 275 297 301 330 336 360 370 400 436
50 56 61 90 118 217 288 289 291 331 448 462 466
37 52 79 130 242 249 250 307 314 320 459 480 488
9 24 39 126 142 237 307 328 333 376 446 485 493
20 28 29 36 48 85 196 245 286 294 330 351 422
89 95 96 113 158 185 208 269 304 367 421 464 468
36 95 197 257 261 295 297 303 390 413 450 490 493
44 76 78 142 173 210 238 251 288 294 310 337 416
63 71 77 123 142 156 184 206 354 377 380 385 401
50 52 70 82 106 116 187 195 196 307 318 365 389
77 212 234 247 282 310 313 336 369 406 412 446 452
17 38 46 207 225 306 330 338 346 356 377 458 494
5 36 106 191 225 230 284 304 324 326 358 400 480
61 65 99 101 124 131 187 217 293 304 311 383 433
85 123 131 146 291 308 315 368 389 409 428 466 494
2 11 20 21 185 229 284 317 326 385 388 417 463
1 34 40 131 155 176 211 227 256 310 317 341 420
2 79 109 143 148 150 275 280 367 402 420 450 460
49 54 157 276 278 327 340 381 388 389 403 419 464
60 160 167 170 186 209 242 271 285 321 331 410 474
92 109 120 155 189 190 193 218 256 284 301 316 358
23 34 35 70 92 115 163 190 279 305 308 325 499
54 91 128 174 176 270 286 294 309 314 325 424 471
39 101 128 164 180 230 236 320 348 355 357 390 463
5 72 78 83 112 120 166 212 253 290 487 490 497
33 39 57 87 102 212 249 266 271 296 307 368 409
2 11 77 124 150 156 157 249 269 282 367 383 459
10 42 47 92 146 184 198 322 437 441 457 467 472
6 51 65 68 186 215 289 363 380 383 406 410 467
19 56 118 131 195 303 311 351 358 392 442 469 494
25 38 58 59 93 107 113 155 333 346 395 432 440
9 12 71 80 113 164 185 226 285 297 356 392 485
26 50 116 134 140 312 327 336 423 429 433 446 461
23 35 49 59 74 111 126 139 271 330 332 342 422
1 13 54 55 173 186 209 252 272 411 464 477 486
11 24 45 104 167 262 311 326 374 383 427 438 495
24 33 45 66 110 119 122 220 243 284 295 378 429
52 130 172 180 183 185 269 273 369 384 404 413 488
8 12 80 95 131 178 267 280 290 390 434 435 459
1 19 27 38 51 61 96 193 223 230 232 274 476
67 86 103 110 192 209 231 237 347 351 391 426 451
28 58 65 84 87 91 193 209 251 275 326 334 340 450
93 118 207 218 232 247 335 336 353 392 433 437 439 444
2 22 26 129 165 191 212 227 230 239 298 342 397 447
58 78 83 93 96 160 232 287 290 328 403 426 459 461
54 82 93 109 133 152 191 261 282 305 385 390 414 428
4 83 102 141 157 208 266 332 347 390 394 434 435 454
10 36 42 46 84 86 169 174 212 275 336 434 464 481
7 25 27 58 134 136 237 239 243 327 369 484 487 491
64 66 71 93 139 141 153 186 258 277 411 413 481 490
8 39 47 63 77 93 106 145 151 169 271 293 332 380
48 55 92 94 102 126 181 239 298 305 321 441 454 493
71 92 118 156 165 184 230 248 260 270 340 457 468 471
31 65 113 128 170 214 218 257 281 331 375 464 488 492
59 83 93 129 204 219 255 342 368 384 387 445 471 484
15 18 29 36 41 107 134 165 167 200 250 308 327 333
23 43 69 77 90 96 108 121 143 235 282 291 386 453
27 32 35 143 227 273 417 425 429 449 461 467 471 491
76 158 168 181 188 206 244 296 302 347 381 419 428 473
15 54 110 135 231 234 301 333 335 349 352 362 488 498
45 133 187 216 272 316 319 320 372 375 384 399 400 416
22 26 73 124 209 215 222 243 246 283 293 365 426 442
10 111 116 120 163 218 250 279 286 344 387 397 471 474
44 136 173 242 252 263 290 304 349 351 352 388 452 493
31 93 117 121 129 160 245 271 288 309 315 399 438 484
82 113 151 210 228 298 328 347 374 379 412 414 419 455
46 62 82 105 155 185 272 296 307 339 359 364 435 479
69 78 79 92 99 109 120 169 173 240 277 354 389 426
6 36 43 51 60 142 167 201 307 325 346 361 395 486
103 128 184 197 213 231 239 340 364 428 435 469 491 498
1 42 91 136 159 188 212 242 244 319 321 366 433 450
3 9 60 71 125 138 179 305 339 376 404 441 447 493
26 29 34 40 95 121 147 166 171 341 379 380 423 488
16 66 181 281 290 338 370 399 412 446 455 464 474 493
4 75 101 105 242 282 293 381 399 422 423 427 431 497
47 50 93 205 218 245 253 315 351 357 367 392 434 477
4 13 19 51 137 141 174 199 230 257 284 412 421 444
87 117 196 201 329 343 356 359 363 381 438 451 457 480
1 87 88 96 135 182 183 207 326 339 346 432 491 496
10 81 82 132 147 198 236 243 293 312 391 415 420 433
60 101 131 170 183 199 243 345 366 388 411 440 451 457
28 80 106 117 122 162 169 184 216 293 302 304 368 377
38 134 163 188 231 262 317 349 353 404 441 443 450 455
8 69 100 167 300 327 331 340 374 379 386 464 476 486
32 55 119 120 200 206 263 267 274 318 376 433 451 499
2 20 44 85 133 194 270 283 292 319 367 397 432 461
34 49 75 82 110 113 173 234 244 331 355 403 475 496
10 23 111 148 168 179 197 200 219 251 252 347 360 410
2 3 50 180 212 248 305 310 405 441 446 458 476 484
29 60 63 134 135 179 198 255 259 316 318 379 451 476
6 36 111 124 140 161 186 270 274 282 293 297 332 385
21 53 88 108 111 252 277 335 359 368 378 418 423 439
11 14 24 99 124 132 169 209 310 349 395 419 421 462
48 134 211 232 236 246 252 281 291 293 294 402 435 439
10 21 78 111 153 204 239 300 327 339 381 394 406 458
62 67 72 79 181 207 228 264 289 334 393 405 478 493
1 86 97 128 140 162 192 241 349 402 406 421 478 497
55 59 81 102 152 203 277 300 301 342 355 385 428 465
58 93 112 182 219 225 226 260 264 270 300 368 390 450
30 38 99 123 140 149 220 286 307 357 360 391 414 417
3 17 50 68 115 156 259 272 289 409 412 415 423 442
7 18 54 82 122 127 146 169 252 258 310 340 416 468
2 7 51 72 86 124 149 154 270 289 305 326 378 447
11 40 60 101 165 166 187 206 220 232 283 372 418 455
15 117 123 173 182 190 215 238 300 395 427 455 461 484
72 101 112 188 192 234 238 264 265 267 279 283 290 486
10 24 52 66 71 93 235 255 304 357 359 369 381 467
42 55 98 100 133 141 149 163 205 221 238 346 357 486
82 132 137 157 189 196 260 289 317 358 412 438 483 485
33 38 117 147 149 191 201 259 293 325 389 430 486 495
36 78 85 87 90 150 160 211 226 302 357 362 388 398
99 139 149 150 203 208 226 237 282 313 333 360 427 444
14 22 52 60 122 235 240 283 347 353 378 427 454 473
32 55 63 107 143 211 213 291 294 305 337 349 406 419
128 142 155 161 180 245 334 375 376 394 404 414 461 471
0 30 70 122 171 194 196 199 254 286 290 300 304 358
14 20 22 52 60 96 157 161 181 205 242 405 453 473
3 157 234 245 292 305 383 391 402 407 424 430 435 479
34 45 55 157 169 187 193 197 212 215 324 362 371 444
57 90 95 114 148 151 158 171 244 264 270 388 453 475
16 22 46 72 148 204 225 311 395 453 458 461 486 493
57 99 123 132 179 207 262 318 388 390 407 424 471 472
72 85 94 113 131 161 203 220 265 356 402 405 444 464
19 181 199 212 217 258 270 287 298 318 322 326 380 426
15 57 92 138 164 262 278 318 347 419 420 422 476 486
59 65 122 150 252 271 291 303 360 381 415 459 475 484
11 41 102 121 135 138 199 206 210 249 276 315 389 459
41 69 76 198 292 312 325 386 424 441 448 462 479 489
47 75 118 157 170 261 290 310 350 371 382 398 444 464
33 70 76 102 172 202 217 272 282 304 320 362 453 477
40 60 73 79 108 120 168 170 184 286 357 363 413 467
12 48 51 84 85 144 170 178 218 243 293 342 407 470
101 114 200 213 233 264 337 347 348 367 417 431 484 486
13 27 73 142 156 162 184 269 304 311 354 386 412 499
61 69 92 125 149 166 211 274 316 353 361 363 445 465
0 72 88 97 107 180 197 265 272 352 355 372 462 481
7 68 77 118 126 133 158 163 211 214 382 417 454 482
39 40 89 173 210 219 249 258 318 324 347 361 363 456
37 76 85 95 164 231 255 303 342 345 381 414 424 459
53 69 82 107 118 166 183 318 341 367 376 442 449 478
21 39 65 170 186 191 209 227 251 301 312 327 403 438
41 42 90 107 136 155 174 240 248 371 381 387 399 471 472
14 19 49 81 113 163 206 229 240 309 353 362 377 395 420
10 24 65 92 99 149 189 203 226 253 331 431 464 469 472
112 177 184 190 203 220 248 278 281 364 374 378 448 454 486
10 14 73 96 105 106 107 150 162 205 247 318 346 419 471
61 73 133 134 142 147 189 192 211 214 257 271 273 381 423
17 64 108 116 117 130 149 160 316 321 333 437 440 450 490
7 32 46 88 97 108 109 180 200 323 383 388 401 413 484
7 14 33 34 52 54 115 117 137 162 216 224 231 337 404
3 36 90 94 104 130 158 164 202 240 330 394 465 467 473
70 72 98 197 275 279 320 370 375 400 419 442 448 458 483
4 27 35 118 128 141 202 216 228 270 386 436 451 453 488
102 121 194 201 205 217 227 237 250 285 288 308 341 385 457
80 144 154 175 182 230 253 255 287 313 380 406 445 481 484
64 98 136 175 179 290 291 301 312 321 343 346 357 455 472
1 48 63 67 140 146 173 210 218 230 259 307 323 436 470
28 43 191 244 248 251 267 268 275 317 395 398 411 467 481
23 37 65 97 128 186 225 245 284 305 339 383 399 409 446
5 43 80 102 105 115 141 143 186 240 301 305 370 432 472
42 45 47 83 126 142 148 253 269 278 286 317 331 337 399
26 41 150 193 224 251 267 270 358 383 388 390 452 484 485
44 50 98 130 136 138 154 165 174 282 421 427 448 450 473
9 112 192 209 269 304 317 319 335 347 376 416 429 435 489
39 80 129 144 151 153 165 178 200 234 247 349 372 426 431
24 43 141 179 200 240 293 300 310 320 359 402 412 454 494
24 38 42 43 86 124 174 182 337 346 351 354 359 373 482
113 180 204 253 260 264 272 317 349 371 398 427 474 481 498
4 100 103 108 129 151 172 186 222 252 360 419 422 453 489
31 54 61 78 107 129 137 141 149 252 294 312 338 344 385
29 93 111 165 231 247 336 338 382 385 468 470 472 481 482
2 103 119 125 169 206 243 258 273 327 389 403 444 462 475
13 38 69 140 184 219 238 239 241 244 351 434 453 476 497
20 75 87 88 136 181 255 266 275 362 394 424 468 483 491
54 63 83 107 131 168 218 220 315 381 412 418 440 447 495
9 44 57 119 135 167 171 186 222 226 228 391 404 435 462
19 83 132 165 173 275 278 338 376 381 388 424 463 481 494
28 35 125 150 158 195 246 259 298 321 333 357 414 416 421
27 66 67 85 191 205 263 289 319 340 374 377 412 435 463
22 48 51 54 73 106 144 198 221 278 289 316 396 422 484
33 133 161 188 207 238 306 312 319 332 372 437 457 461 488
54 101 103 193 224 226 248 254 262 351 352 409 414 421 479
2 49 90 108 118 185 223 277 281 304 324 326 370 451 453
48 61 86 93 129 140 144 167 183 197 199 279 368 370 403
27 29 44 78 104 119 184 199 221 230 242 262 341 386 396
85 103 128 132 200 230 237 294 306 350 357 376 385 390 472
28 69 74 84 100 189 201 303 331 342 384 418 448 457 493
32 68 102 160 174 229 231 240 258 285 332 346 352 448 468
25 65 101 120 137 169 186 216 226 248 266 401 416 424 434
10 88 161 206 248 288 314 327 328 344 353 354 392 398 476
0 1 22 95 105 169 213 319 339 363 401 448 451 463 486
22 30 51 67 139 156 194 247 251 258 274 303 365 375 434
77 108 121 165 178 184 207 241 264 297 322 331 337 367 372
19 24 47 100 127 190 212 239 275 288 304 307 325 409 437
11 38 46 53 96 105 114 118 191 223 275 277 302 357 436
41 42 70 88 118 161 182 212 217 234 286 395 409 436 453
4 8 49 56 86 182 209 215 229 256 276 288 399 458 477
20 39 50 62 82 117 145 178 198 272 282 287 305 412 457
21 46 90 123 127 131 132 149 268 352 378 414 444 488 493
0 7 48 52 89 102 121 235 271 360 364 366 367 388 432
62 74 82 92 120 155 176 203 226 232 236 254 259 266 271
35 45 55 92 103 107 158 174 235 289 363 366 387 413 424
73 97 130 195 309 318 327 340 350 361 374 402 411 447 450
0 28 55 79 98 219 235 259 306 309 351 390 400 451 467
5 97 183 288 294 307 335 359 362 402 409 415 425 453 471
14 83 117 173 240 268 316 323 324 336 340 416 429 463 464
13 76 109 158 203 236 267 270 319 338 359 368 385 389 474
8 52 123 128 142 149 171 194 256 292 361 416 431 441 494
12 126 239 249 262 272 287 302 322 348 373 383 447 475 481
33 68 198 204 213 215 248 272 330 346 368 414 435 474 486
0 34 69 76 191 194 211 243 270 305 363 369 440 449 469
2 53 63 86 91 141 202 206 230 357 360 417 434 459 487
4 18 57 63 74 90 137 274 323 350 383 429 450 463 490
17 87 117 137 220 224 273 280 281 304 317 350 355 406 457
2 24 89 99 126 153 201 255 314 354 462 463 476 489 495
17 97 131 137 180 208 245 266 272 290 344 373 428 434 438
10 42 52 58 67 92 100 120 164 240 363 374 383 459 464
36 58 146 233 243 299 305 312 358 359 398 409 457 476 498
38 77 84 144 179 253 297 320 328 410 424 432 433 458 493
41 61 72 98 99 116 182 187 229 260 306 342 357 400 401
12 56 71 168 223 239 250 257 267 275 288 308 329 382 427
15 55 67 172 179 185 239 252 274 301 313 326 383 424 464
35 39 40 49 243 249 261 312 318 335 391 448 456 474 493
51 85 90 91 171 178 235 251 298 306 317 352 429 444 465
4 55 63 78 228 239 278 310 322 354 420 434 436 451 471
104 115 155 175 262 277 292 320 338 339 372 406 428 480 481
17 32 34 120 126 147 177 235 241 248 253 371 455 462 466
32 59 69 95 148 150 165 172 203 260 295 315 367 371 499
8 33 89 102 113 125 142 190 333 370 402 410 413 416 466
0 23 37 51 77 88 109 130 138 200 217 244 286 477 494
52 56 106 126 154 156 173 184 286 296 359 367 377 412 418
3 34 74 102 157 178 253 273 327 335 340 389 411 415 497
3 76 115 133 179 200 217 239 241 249 278 299 338 408 472
0 95 148 150 154 158 180 213 254 268 269 344 364 376 425
63 123 204 205 227 256 261 296 363 368 392 402 420 453 496
8 22 40 77 112 119 164 169 202 210 332 431 438 486 490
17 38 41 72 78 164 198 224 249 255 257 318 320 413 497
29 62 74 139 171 216 279 315 347 350 371 389 393 414 479
51 53 116 135 166 170 202 235 242 286 330 368 374 408 410
114 119 129 138 163 171 189 228 255 271 401 465 478 493 496
16 89 124 169 190 202 252 287 303 382 387 392 412 436 437
40 157 160 168 185 229 232 241 242 253 292 298 314 335 422 437
20 70 77 91 99 177 185 192 197 263 282 296 303 394 405 406
2 10 23 25 61 127 150 154 193 195 285 305 436 465 468 492
35 47 72 85 101 128 151 254 281 284 291 311 324 368 415 463
3 8 11 22 49 69 121 158 182 208 226 232 240 288 323 438
64 104 113 132 231 237 242 259 362 378 403 407 424 471 484 497
9 41 49 51 92 102 129 269 270 296 314 344 350 376 384 489
7 30 37 67 80 97 187 204 205 213 218 225 234 264 312 404
28 48 95 123 125 134 164 181 240 246 253 268 278 372 432 435
12 48 51 87 144 167 172 186 228 230 304 345 365 420 465 495
2 54 65 199 202 231 253 261 286 334 359 361 386 415 459 487
13 207 261 284 304 328 330 351 368 375 399 415 423 429 432 496
17 34 150 153 211 215 227 252 267 303 339 358 420 448 454 499
17 18 46 69 130 143 245 318 338 378 387 389 410 423 424 442
37 57 78 83 90 118 168 172 178 193 274 308 345 377 406 488
1 49 51 84 146 179 183 231 262 348 355 406 412 422 423 474
26 207 211 235 238 239 258 289 293 318 340 345 367 384 395 455
39 58 66 99 144 174 203 212 221 231 235 274 312 407 471 484
37 38 103 127 171 204 214 229 265 305 326 344 372 404 468 484
41 46 81 88 101 102 132 159 188 237 281 308 346 361 490 495
29 49 86 96 99 190 216 245 287 302 335 343 382 429 439 489
25 30 39 52 80 118 207 218 227 253 261 358 387 418 429 436
6 24 78 92 96 144 156 171 174 227 244 256 268 379 454 495
53 83 109 137 173 183 192 200 249 254 283 332 428 455 485 486
53 70 161 227 277 302 346 358 365 369 404 427 470 474 491 495
24 31 33 61 67 133 192 210 295 307 358 425 448 469 470 488
33 47 55 103 108 123 142 156 158 187 269 351 405 409 412 475
67 103 120 122 129 130 152 170 188 193 211 253 278 283 366 407
28 54 58 62 99 144 183 194 241 296 334 344 379 380 402 462
38 45 58 105 126 140 173 241 269 314 324 394 395 404 413 447
3 17 66 70 140 163 215 242 261 275 294 318 362 381 400 401
5 21 157 180 201 206 216 255 273 347 393 404 419 433 453 464
1 31 98 181 201 206 212 214 221 275 292 304 330 372 437 490
8 61 85 110 138 168 246 272 273 321 350 390 418 427 435 468
133 158 167 169 188 209 244 271 274 293 296 313 328 333 440 441
22 39 43 81 108 156 199 243 245 297 301 320 384 460 463 495
0 49 71 119 123 187 189 205 209 228 319 367 405 414 449 457
16 50 51 131 166 169 176 179 180 182 184 254 264 312 325 422
5 38 42 52 119 139 185 189 190 226 360 419 431 438 461 492
24 90 110 130 186 216 266 284 286 309 337 381 416 419 472 474
0 10 11 125 218 240 251 263 266 325 326 340 387 400 412 471
6 20 37 42 49 65 67 79 121 150 214 295 366 387 403 482
10 32 39 51 74 126 145 198 200 247 260 282 322 368 369 484
87 93 103 152 159 225 234 271 301 310 417 428 445 448 460 497
79 88 90 124 205 217 220 245 259 282 340 354 358 362 416 442
6 22 44 46 193 272 274 283 317 320 339 348 351 401 412 499
38 51 70 75 142 155 206 219 241 253 256 283 393 461 482 492
10 19 57 82 108 118 123 161 236 317 336 343 371 383 392 415
20 64 69 70 90 101 117 142 162 207 274 283 329 338 376 383
3 13 20 40 62 63 107 178 288 302 331 347 368 418 437 440
15 19 41 58 59 122 289 311 328 353 367 408 419 425 471 486
31 103 109 156 190 235 244 249 305 310 345 360 416 434 457 479
55 145 153 155 159 167 185 207 267 304 313 318 458 468 469 481
17 83 107 175 201 220 232 248 265 350 351 356 418 470 475 497
10 46 91 107 119 126 203 248 300 348 359 367 404 405 423 475
4 12 61 165 169 217 234 295 313 331 334 345 403 432 478 481
28 63 119 131 174 178 186 243 261 315 330 378 441 448 454 486
48 56 149 151 186 189 290 341 358 363 365 367 383 418 477 480
8 67 69 122 161 231 242 266 275 335 380 393 394 434 476 493
21 46 60 94 103 112 124 154 214 220 302 373 402 411 446 495
3 6 11 54 108 169 216 233 282 288 321 349 375 376 444 492
7 18 99 110 129 237 242 339 356 385 386 401 411 415 449 470
7 24 27 66 121 156 160 231 258 280 367 372 391 407 424 438
1 10 21 32 58 137 188 192 223 228 275 303 311 360 383 436
35 46 174 175 194 201 212 282 302 305 350 357 404 428 452 485
32 83 89 99 167 182 193 239 261 293 299 319 376 435 478 493
7 8 25 111 114 136 139 147 161 224 250 255 299 310 359 437
46 75 87 94 167 218 251 254 264 275 293 301 347 374 388 436
8 43 128 155 161 185 279 289 295 298 316 340 378 406 450 488
18 40 50 106 115 139 167 188 248 293 336 357 360 404 433 450
6 38 46 125 147 152 283 289 331 369 393 426 452 463 466 490
3 67 77 113 129 131 134 146 151 205 261 266 276 357 420 463
25 33 43 46 57 74 92 173 186 313 315 327 342 348 413 466
77 92 183 184 250 274 319 327 363 392 393 406 412 440 460 462
7 15 69 105 174 181 184 216 222 319 324 374 403 425 478 480
57 62 86 104 137 149 257 274 308 347 364 393 404 409 439 443
58 79 108 186 192 257 309 324 340 346 359 388 426 452 458 464
3 14 103 125 157 175 256 297 326 354 358 410 429 441 456 491
6 153 176 196 207 219 233 305 334 348 397 401 410 448 469 472
3 89 117 180 193 251 304 335 353 371 393 404 411 423 446 465
36 64 102 123 142 168 171 205 208 224 328 370 430 434 445 479
21 23 91 138 159 189 238 290 303 316 342 395 442 444 453 482
24 37 57 98 106 123 141 207 217 270 290 294 346 356 379 395
12 32 33 60 157 194 283 297 307 355 409 418 443 448 471 475
119 168 183 224 239 266 309 343 347 367 374 391 409 477 478 490
3 37 45 76 89 112 205 304 312 337 370 395 405 420 422 454
38 59 68 69 131 140 156 176 236 237 240 272 340 382 443 456
6 38 117 151 155 178 190 229 232 296 311 338 391 396 432 447
56 133 143 152 176 186 192 260 278 311 312 370 387 394 430 463
0 74 77 81 103 200 249 325 342 354 386 391 396 405 470 479
22 41 66 96 100 147 203 223 263 275 297 314 331 344 401 445
56 70 95 102 151 165 252 377 381 399 406 431 439 452 469 470
42 50 56 89 119 122 185 192 195 251 277 320 351 426 455 471
20 32 40 61 97 104 114 116 134 149 208 260 280 343 417 434
1 63 81 163 168 196 221 225 234 253 296 342 396 410 419 422
15 18 44 69 82 84 126 130 151 196 277 349 355 421 485 488
110 125 176 179 191 192 264 300 347 377 384 387 421 461 464 470
0 23 85 92 138 160 195 217 223 231 243 256 285 306 439 481
1 55 105 157 215 240 263 306 317 321 345 377 406 420 450 492
43 96 124 144 159 190 230 317 371 399 412 416 448 456 480 494
6 30 66 95 105 109 128 166 218 235 238 241 305 314 338 467 482
24 44 114 116 137 143 204 215 216 250 352 382 401 404 422 462 476
23 41 44 45 64 101 175 192 238 254 284 361 374 444 464 477 484
29 63 94 144 199 215 217 223 227 295 317 399 433 448 450 476 478
16 74 97 121 172 208 265 268 273 288 302 318 326 360 361 418 421
71 84 152 186 197 216 265 269 331 362 383 388 395 432 478 485 487
32 50 91 122 146 269 282 310 330 345 346 353 363 406 427 475 492
14 64 75 126 148 150 158 163 200 228 255 269 313 361 438 461 470
2 17 79 138 186 206 216 236 252 259 302 304 305 360 372 428 458
17 47 67 171 174 178 196 197 200 238 315 332 367 393 395 416 435
40 46 78 95 96 108 118 134 221 272 300 342 347 430 436 479 486
14 42 56 75 86 103 116 119 137 321 343 366 397 407 414 435 477
11 58 70 99 105 140 235 236 237 291 354 364 414 437 479 481 495
102 124 143 151 179 187 274 280 287 333 335 350 394 400 405 474 497
16 40 68 87 178 183 185 188 194 224 227 244 295 311 348 374 421
76 79 112 125 150 153 203 220 254 314 340 347 382 398 433 439 451
0 1 34 126 132 138 141 174 204 217 251 327 339 369 370 403 405
41 61 64 87 162 191 202 223 228 229 272 279 280 283 300 336 397
4 35 89 110 116 153 219 272 276 282 286 323 407 447 450 461 480
73 85 114 163 186 231 241 290 311 353 384 396 405 420 442 455 489
14 42 54 110 114 127 138 149 187 188 203 210 259 347 357 374 440
61 67 86 103 149 174 201 288 289 311 329 370 395 415 425 440 487
22 27 83 145 184 219 297 315 339 356 376 427 432 433 449 461 489
13 30 41 66 141 179 188 220 264 363 367 416 439 441 480 490 494
69 85 87 95 102 137 164 180 216 223 253 277 300 321 429 451 463
26 32 46 67 121 168 209 251 259 284 346 357 397 455 469 493 499
8 62 65 85 163 183 221 235 247 278 279 348 368 378 403 468 469
19 96 135 137 183 189 205 245 256 278 318 324 351 417 418 462 472
8 42 52 53 67 88 105 160 173 187 235 291 329 366 408 452 483
2 5 15 64 85 123 168 169 225 296 302 319 357 364 370 375 382
129 139 153 191 223 226 233 240 253 262 268 290 330 335 340 448 457
0 8 45 46 47 65 100 153 192 193 229 254 270 345 395 436 496
17 33 55 74 95 125 135 193 199 201 313 354 357 376 399 454 476
26 33 38 48 59 134 206 233 234 250 259 297 317 414 438 445 490
23 64 74 108 134 163 251 274 327 395 406 409 415 424 431 439 445
10 17 97 98 103 115 133 222 224 272 309 324 327 355 452 472 480
7 54 56 99 108 137 139 152 251 261 314 319 363 424 446 472 487
0 22 38 104 127 159 170 209 212 253 257 269 289 352 369 441 478
57 92 117 154 260 292 302 303 309 340 362 363 390 433 453 465 472
3 15 32 45 56 102 122 123 156 169 219 238 304 305 392 401 495
52 77 83 120 125 168 192 204 230 259 292 322 344 363 376 448 463
39 65 88 127 140 157 165 253 259 269 271 294 301 313 318 375 391
12 79 90 92 160 171 265 269 276 288 299 319 347 413 415 437 457
97 105 114 120 212 237 293 339 355 366 377 381 387 392 425 452 464
15 52 90 137 162 176 264 289 302 318 337 342 351 408 411 454 478
12 32 82 90 155 165 187 209 220 233 241 310 345 356 439 460 466
14 53 105 143 252 253 258 265 295 339 349 364 386 410 440 446 471
16 89 118 149 204 228 241 262 281 315 353 376 398 400 428 445 479
50 54 57 60 75 108 112 156 216 246 248 289 317 323 336 413 439
43 89 93 115 136 141 199 267 274 282 322 339 402 431 441 485 492
72 98 109 147 178 220 233 258 265 290 293 331 398 408 429 449 474
37 47 69 92 107 193 242 254 286 328 353 355 395 410 425 461 475
29 51 78 96 153 201 205 212 250 320 326 328 351 358 402 433 447
31 88 93 109 144 209 246 253 291 345 366 373 383 422 431 467 499
12 13 63 76 124 174 186 192 253 276 301 317 334 371 394 404 418
48 119 137 148 160 165 189 201 208 224 263 279 283 284 305 471 478
30 64 83 99 125 139 176 192 227 230 347 348 376 386 397 404 498
8 14 80 95 149 194 227 245 346 368 404 412 438 448 475 476 485
41 57 66 91 176 181 188 195 284 289 346 369 401 441 481 483 494
1 26 53 72 96 111 120 123 143 175 179 327 362 426 436 477 494
3 15 27 52 63 72 86 176 218 226 257 264 295 355 410 419 481
68 100 113 124 125 137 138 173 195 201 213 219 289 300 330 433 465
13 31 41 49 59 101 108 170 175 186 197 248 309 326 386 408 470
10 38 57 64 74 208 241 319 400 421 422 423 440 466 467 477 492
12 49 75 116 142 222 277 309 343 351 382 407 412 423 428 452 494
0 8 58 59 96 175 215 239 240 243 303 315 346 414 416 470 478
34 37 59 72 114 141 149 175 177 250 307 370 395 399 400 404 429
15 66 101 123 134 154 181 188 192 197 200 206 290 300 336 364 418
7 11 39 42 54 57 74 120 189 207 241 247 291 415 442 478 486
14 40 85 87 126 138 175 195 235 268 296 324 336 364 432 448 461
31 84 98 122 199 207 303 372 391 439 442 463 467 472 475 480 497
13 39 76 174 180 181 183 223 230 272 288 357 370 376 414 426 462
13 33 62 64 201 203 274 279 286 383 386 395 403 430 439 456 473
8 66 93 139 193 195 197 224 271 273 279 285 315 320 357 397 462
1 39 49 86 97 107 179 248 289 361 392 449 469 473 476 483 490
14 22 78 93 137 140 242 287 317 334 345 376 426 460 473 480 481
9 56 71 119 173 189 200 202 232 243 253 274 381 447 469 491 494
81 132 163 175 188 219 249 265 268 274 281 282 308 314 403 421 497
49 131 159 167 210 251 268 294 304 319 331 334 403 415 431 440 447
28 66 73 84 95 116 147 148 154 172 215 221 261 318 362 456 467
58 69 104 110 154 170 171 239 249 294 320 397 429 436 459 463 471
19 45 82 87 100 165 186 199 204 236 280 295 308 331 343 379 428
12 89 110 118 160 223 231 286 338 369 377 378 396 401 415 462 466
0 7 23 75 103 180 202 214 222 283 292 303 351 398 474 475 485
48 68 98 113 162 174 191 225 226 240 247 262 274 341 407 410 423
13 40 43 44 45 66 96 124 165 170 173 218 302 391 393 397 457
98 113 121 125 138 155 199 227 257 259 297 350 366 389 395 422 458
13 48 50 63 88 102 136 176 192 195 292 323 371 375 392 427 467
10 24 46 80 146 149 153 182 215 218 227 253 257 295 320 343 440
62 99 100 151 183 213 250 331 346 352 363 367 371 395 409 434 478
13 117 212 246 265 277 280 298 313 350 413 427 469 481 484 494 499
0 53 69 125 185 204 274 281 295 326 358 365 370 380 409 415 495
4 8 46 147 229 231 241 257 266 285 300 318 331 383 442 453 481
14 20 55 58 87 91 94 148 155 181 184 225 269 278 296 361 371
112 114 122 157 170 175 238 252 267 293 296 313 318 355 412 423 435
21 40 102 167 168 189 190 207 209 247 268 282 322 352 377 397 435
2 19 47 87 100 163 174 196 199 203 207 215 239 307 370 391 469
1 5 47 67 82 123 127 185 213 294 319 320 399 441 454 458 477
25 95 110 123 166 232 240 257 273 288 356 360 378 399 426 458 490
10 18 30 44 82 85 155 201 250 314 315 323 343 354 450 476 483
76 147 171 182 193 197 208 209 236 262 295 335 347 365 421 473 481 497
70 79 121 140 150 162 188 222 223 272 277 290 308 319 324 354 363 398
11 31 58 85 86 167 169 173 200 206 315 373 408 452 454 459 460 494
23 24 60 73 84 156 195 208 234 254 255 282 310 314 321 413 427 428
20 22 42 57 132 148 242 330 344 367 391 393 397 414 473 489 494 499
16 26 27 57 63 94 114 154 164 182 226 284 296 304 308 357 415 417
18 89 104 113 135 138 160 165 201 227 242 245 263 291 441 452 466 471
0 34 71 82 93 140 158 189 197 213 243 266 278 348 355 382 460 486
29 75 101 120 133 176 217 273 321 353 404 418 423 424 470 473 474 492
0 5 14 38 112 164 228 243 247 273 289 303 308 313 376 416 430 459
1 17 61 78 83 93 114 115 150 176 230 294 328 369 387 392 425 438
16 41 74 94 143 155 175 183 230 257 279 308 320 328 358 385 392 433
11 40 75 85 94 99 152 156 221 227 261 262 273 357 403 461 478 495
27 52 58 60 104 113 123 127 186 193 199 209 236 241 255 298 352 489
1 17 38 42 49 73 85 104 127 136 142 166 253 270 308 320 371 407
79 99 209 222 271 301 306 312 314 322 366 391 399 406 410 432 449 499
16 130 185 230 232 242 277 296 321 323 357 363 373 378 455 468 477 487
46 85 208 212 219 240 254 286 292 301 319 342 360 403 423 460 474 498
3 143 224 228 270 285 293 296 314 327 370 405 423 456 460 481 482 498
10 13 22 55 86 104 107 133 149 252 259 278 323 339 340 350 360 487
34 77 81 100 130 133 135 151 157 159 169 174 194 232 281 376 412 457
22 51 60 76 83 90 151 185 245 288 297 299 390 417 418 438 447 454
9 126 178 183 254 268 277 289 297 302 305 309 355 375 398 401 403 483
50 71 80 84 138 141 149 155 215 295 310 311 360 364 397 405 406 498
11 20 25 33 70 135 150 151 164 177 210 223 236 320 331 380 422 455
32 44 49 50 60 100 139 169 202 216 217 220 224 298 377 414 416 493
8 40 42 59 94 95 97 122 128 155 163 175 201 224 235 303 441 472
11 15 28 33 79 111 179 198 206 233 238 249 257 300 308 323 383 396
5 19 37 110 157 169 185 226 275 325 347 361 364 440 441 493 497 498
95 101 122 143 225 233 251 281 290 351 359 364 372 389 397 452 461 487
4 9 68 92 161 212 223 234 254 256 309 322 365 377 380 381 402 458
92 98 145 192 193 194 195 217 230 279 298 340 349 401 406 423 427 467
23 53 95 118 144 176 205 235 247 256 276 365 421 422 434 458 459 489
70 71 73 82 92 153 190 204 222 307 350 376 378 379 386 440 446 448
21 41 59 76 82 126 133 144 201 286 288 313 320 403 431 434 465 488
20 22 44 61 85 122 200 222 235 270 305 316 336 388 392 453 458 483
11 44 71 94 106 187 226 245 262 310 342 363 381 405 415 422 444 487
32 56 111 166 187 218 253 255 269 275 290 293 336 351 356 358 396 428
41 43 46 101 105 123 148 176 196 250 301 309 329 332 362 365 367 423
11 13 89 143 193 199 216 281 291 321 352 409 428 431 440 462 470 488
31 33 96 97 198 219 229 241 243 297 324 347 368 402 412 486 487 498
1 19 44 70 71 83 111 159 168 209 231 245 260 276 290 293 383 458
16 55 65 128 134 188 217 221 260 288 301 352 362 392 395 438 493 497
28 34 59 65 95 126 151 183 229 259 286 306 307 321 351 354 407 453
6 12 30 35 96 101 134 136 187 194 240 308 324 325 329 399 437 454
35 55 141 147 170 181 191 202 232 294 308 321 327 332 351 412 426 491
54 80 112 126 152 169 190 208 288 314 323 337 353 372 384 386 411 451
48 115 125 179 231 249 272 288 301 315 345 350 365 372 400 403 436 441
7 16 42 135 148 159 160 209 221 230 235 246 264 285 297 303 432 476
11 24 60 97 108 142 179 183 226 239 272 278 347 416 418 448 463 479
46 48 51 63 89 90 97 123 133 138 156 257 317 332 359 410 428 477
17 139 143 150 182 202 240 261 290 312 365 379 389 448 454 482 485 499
40 51 74 175 183 204 238 242 252 256 278 345 355 403 416 442 459 493
30 44 48 78 94 160 163 183 201 245 301 330 344 366 378 442 492 497
2 38 54 55 100 102 115 124 131 160 166 169 186 267 361 380 455 488
2 68 97 124 171 199 222 244 246 262 270 284 295 309 390 406 437 491
3 20 68 77 81 106 162 189 284 316 340 371 374 382 409 416 461 477
6 39 73 98 169 173 181 183 194 211 234 235 261 271 274 380 389 431
119 157 160 177 184 190 210 243 247 279 308 320 322 348 351 354 386 498
142 152 171 176 187 234 237 346 348 376 404 415 421 425 432 467 487 498
79 85 100 119 142 157 166 183 207 231 236 250 306 333 357 388 441 495
20 66 91 100 162 180 188 195 198 278 372 392 404 413 428 455 458 491
16 25 31 89 95 122 137 144 151 211 239 304 327 394 395 414 427 458
0 9 48 50 77 90 125 137 163 200 267 273 296 305 373 452 467 499
11 44 95 109 189 190 219 220 245 250 268 269 328 354 388 415 475 492
3 15 29 92 107 142 161 179 206 232 277 298 299 369 385 413 424 497
18 89 104 187 199 215 240 321 334 344 353 372 374 379 409 440 454 488
109 140 142 175 188 198 204 219 220 250 261 263 366 393 417 485 486 488
50 122 150 179 208 232 245 329 334 343 344 417 419 420 421 424 429 496
1 31 43 91 98 106 130 135 184 196 246 253 308 322 359 460 488 498
4 30 35 44 122 152 189 195 226 232 294 302 316 329 345 401 412 432
10 15 26 37 96 172 253 277 337 357 361 364 369 370 396 407 439 486
10 25 33 54 64 83 89 127 266 305 313 331 336 340 448 450 472 480
18 87 115 126 134 136 165 168 218 236 251 332 341 377 396 437 464 489
10 37 42 44 46 48 55 80 153 165 174 186 200 235 272 389 439 494
34 51 90 153 183 184 188 197 238 328 359 363 402 427 441 473 488 496
81 87 97 133 176 183 208 213 263 282 349 364 371 372 398 407 416 484
17 67 89 126 135 166 177 182 218 287 298 330 354 372 397 428 456 469
5 18 63 75 151 161 234 268 323 327 333 336 385 429 457 462 485 498
1 28 47 65 81 105 173 185 209 258 276 317 356 388 401 411 420 473
109 133 137 173 176 206 216 242 246 247 281 288 330 411 415 452 456 463 472
1 14 98 161 180 182 202 243 245 248 261 265 266 287 426 440 465 478 497
74 94 95 100 127 153 202 216 219 232 263 283 306 309 311 334 403 449 465
5 44 65 112 138 160 221 273 303 316 328 332 341 343 407 416 453 469 478
1 8 21 25 31 39 72 82 101 159 240 245 276 285 401 422 431 480 481
2 32 40 44 89 100 124 147 195 196 258 294 332 348 384 398 414 458 471
11 52 84 134 151 153 167 208 210 221 274 303 315 357 370 417 426 455 485
1 43 74 150 154 161 167 191 195 233 300 316 325 329 337 343 365 467 481
8 12 33 41 157 206 233 253 272 291 301 306 348 361 365 391 445 476 488
28 106 115 142 166 169 243 284 306 311 343 389 408 415 428 453 457 485 495
20 51 75 108 172 202 208 216 237 281 345 349 363 381 427 441 444 457 464
30 60 84 115 168 171 205 231 240 250 255 275 320 372 395 415 441 443 485
21 76 84 100 130 153 157 175 188 194 269 317 368 377 380 402 478 484 498
8 30 117 127 136 171 186 188 249 259 265 341 360 379 382 395 430 451 497
13 98 107 130 131 133 149 204 254 273 279 303 321 330 348 358 377 438 461
36 77 100 133 150 171 191 195 204 248 295 338 355 391 423 442 444 471 483
5 31 32 196 205 224 254 268 303 315 360 367 383 390 395 400 436 457 473
8 42 141 184 212 222 236 249 299 305 312 315 341 388 399 438 447 478 493
13 14 57 63 70 93 151 182 209 301 367 379 401 404 405 422 455 467 497
13 76 129 130 178 193 224 233 242 276 278 281 305 323 324 351 360 424 450
2 20 32 50 74 120 140 143 152 227 236 320 337 359 386 400 413 416 424
2 28 37 104 129 146 152 196 207 216 220 227 251 273 329 372 417 492 498
4 16 59 105 109 113 141 166 207 248 259 288 299 300 369 380 421 435 472
27 47 70 111 137 150 175 193 231 241 244 253 267 305 329 371 378 415 434
10 58 77 84 98 107 125 140 162 164 256 308 330 351 356 427 456 457 460
75 112 115 191 198 206 233 245 248 310 324 329 355 358 400 406 416 435 445
0 19 24 46 60 70 99 128 141 149 181 218 272 275 302 331 381 436 471
24 48 82 90 116 141 144 179 214 223 245 267 299 310 337 341 370 387 434
6 10 33 39 45 48 96 98 118 269 274 278 327 346 380 421 432 436 482
20 24 60 65 67 94 134 186 230 251 289 306 346 361 414 434 438 465 466
52 69 98 122 142 197 206 215 266 268 288 305 312 406 431 440 450 460 466
10 18 46 98 99 151 158 192 271 292 306 325 342 356 386 390 415 420 457
3 14 32 60 67 81 90 92 114 130 141 162 283 284 316 325 332 375 390
7 30 90 113 145 156 164 190 207 275 283 285 296 310 322 390 408 412 496
9 12 14 59 76 78 99 108 129 194 248 261 308 312 365 408 453 474 487
6 45 64 75 81 107 172 190 237 251 292 310 378 382 428 444 448 452 478
11 24 33 83 84 96 134 154 186 197 247 250 276 281 393 419 473 480 485
25 53 136 168 175 197 207 213 232 253 335 347 362 363 374 383 390 401 405
3 5 44 74 128 141 152 167 171 202 264 338 345 370 374 394 424 429 463
9 39 45 66 100 123 131 171 277 283 293 348 365 386 421 432 444 472 493
13 96 98 128 141 156 159 163 173 194 220 224 231 245 246 252 301 355 485
4 9 47 48 67 85 96 118 126 169 200 221 270 287 295 329 431 444 491
1 48 84 88 99 112 151 209 216 228 267 291 384 410 441 463 466 487 496
12 49 52 80 92 174 175 177 218 219 234 290 297 307 348 379 380 452 497
46 56 137 158 160 183 186 191 198 260 295 324 325 397 424 429 446 471 497
11 41 141 157 177 185 244 266 270 294 326 343 348 425 450 454 465 471 486
8 30 151 197 289 301 304 316 337 341 371 392 416 420 434 437 442 454 472
21 39 64 99 103 106 109 156 207 246 345 372 376 389 409 422 428 458 497
9 37 82 106 134 168 204 240 261 342 352 355 366 370 376 378 401 439 448
22 46 86 96 102 110 113 132 163 167 231 269 279 342 343 360 383 428 485
24 26 38 39 104 168 170 172 205 259 294 300 317 320 328 334 342 386 438
11 13 95 113 127 133 168 174 261 320 329 336 351 354 358 397 456 467 472
33 64 143 151 188 196 215 243 294 295 311 317 333 390 418 434 436 457 492
7 9 11 35 60 116 131 132 153 165 176 246 304 375 394 398 415 434 449
4 18 35 56 102 106 138 219 262 273 283 284 301 388 391 430 452 455 489
2 8 24 26 33 55 82 92 113 132 150 223 247 257 286 312 377 466 477
30 33 50 75 89 125 184 207 212 221 234 255 288 338 353 368 394 477 490
11 13 40 55 81 89 92 93 124 194 204 311 331 406 414 423 468 471 494
60 74 76 84 132 136 143 145 213 228 236 242 283 294 401 408 430 466 473
34 61 72 75 113 114 127 153 183 184 191 204 294 337 374 378 379 380 444
17 23 24 48 56 92 114 128 135 178 247 289 342 349 381 388 400 416 476
14 66 101 137 142 144 174 180 186 187 193 195 222 253 304 341 378 422 435
8 62 118 145 175 189 200 226 242 250 253 275 281 303 330 342 411 485 490
51 75 77 122 252 295 297 305 306 320 338 340 349 359 360 362 432 433 455
16 69 95 146 171 207 231 241 251 259 262 271 279 345 387 439 442 443 482
24 68 97 114 116 120 137 164 165 212 250 266 277 278 286 326 439 443 489
18 82 140 172 173 188 212 233 312 342 378 401 403 407 460 463 465 475 484
67 95 100 102 176 227 231 262 299 312 322 345 374 387 396 401 417 457 495
56 61 79 144 213 216 223 224 260 265 282 294 305 344 361 382 386 417 450
0 107 108 114 119 127 136 143 173 189 219 275 300 302 307 322 324 411 474
0 22 53 89 182 189 212 264 289 294 298 343 360 372 409 418 424 439 493
15 27 33 48 82 97 146 156 170 216 240 273 277 282 283 332 344 406 465
0 45 57 69 72 114 115 119 120 171 197 229 242 275 294 331 347 390 401
71 84 116 125 165 222 228 262 311 323 329 348 352 356 367 377 414 440 471
13 27 49 75 79 82 106 115 117 119 123 158 162 278 334 360 406 413 490
23 25 92 96 155 192 224 236 267 290 293 299 340 345 401 416 441 484 489
14 64 125 132 176 184 186 251 278 299 307 308 351 375 435 442 448 449 498
2 6 23 34 37 40 48 135 146 156 178 246 277 296 323 372 378 425 452
27 52 62 72 109 136 145 205 241 244 251 253 282 292 301 313 339 347 479
1 51 68 75 81 134 136 139 157 161 176 196 254 341 437 446 451 469 495
34 46 61 104 133 177 217 238 250 258 277 297 304 331 379 388 415 435 474 498
39 45 57 68 145 152 175 238 239 258 268 296 299 305 322 333 358 371 399 485
14 48 55 86 118 146 179 200 203 227 255 271 286 296 302 388 444 445 480 492
26 40 49 74 135 139 141 245 252 258 259 272 332 342 345 353 363 392 394 398
32 39 107 116 146 156 185 229 241 254 281 289 362 365 375 385 433 447 449 484
50 62 86 118 165 177 201 214 245 281 289 304 321 323 335 369 400 435 447 491
38 41 42 69 83 103 122 208 232 264 271 293 316 318 326 336 383 403 429 452
1 4 59 78 85 120 134 138 147 181 193 197 221 355 414 427 431 448 461 491
30 93 140 142 165 186 204 212 260 278 294 296 297 302 325 354 358 401 429 469
7 86 90 118 160 188 192 205 212 221 281 308 319 324 342 400 433 435 442 492
4 27 32 36 43 50 53 84 93 98 197 238 256 263 282 305 326 364 369 465
2 49 71 105 128 168 185 191 210 227 232 239 286 306 329 342 353 411 449 497
39 73 86 93 120 136 148 166 168 181 218 226 299 313 347 372 381 407 413 426
66 83 105 115 136 179 191 200 219 245 277 299 360 368 424 429 433 434 482 491
14 121 139 151 171 189 212 221 222 272 274 280 299 366 406 410 442 445 460 496
34 40 43 46 92 100 131 134 162 173 178 210 222 235 248 323 375 379 405 481
13 25 47 66 111 128 144 155 192 199 252 267 322 323 393 398 418 443 449 465
123 124 146 152 169 175 180 196 201 223 224 280 351 352 363 380 399 412 418 442
1 11 16 47 146 170 174 233 275 286 328 339 348 377 429 434 436 441 445 484
1 41 50 58 149 179 238 269 276 295 382 421 430 435 457 462 475 477 488 490
47 53 59 87 91 114 119 142 189 200 223 289 294 381 423 458 472 481 489 491
1 12 34 40 73 146 156 159 185 197 223 226 228 256 282 302 312 386 396 422
43 72 81 110 167 190 203 207 246 256 265 268 270 276 288 349 373 391 411 450
17 45 67 124 125 162 166 219 244 246 255 282 296 346 404 435 468 483 490 498
44 93 127 136 140 154 207 253 261 270 275 327 362 365 414 426 457 479 490 492
69 73 84 86 95 102 109 119 149 162 164 167 201 228 254 386 398 406 413 499
3 13 23 45 106 110 164 168 187 226 229 324 356 373 404 411 413 419 431 445
10 13 36 41 45 88 124 128 150 209 210 219 259 302 340 344 399 432 455 498
17 33 46 60 64 76 108 109 126 177 207 214 228 229 294 305 362 366 429 449
22 29 30 99 136 138 201 215 238 249 279 320 334 355 377 380 418 425 433 467
7 28 118 141 143 146 161 163 183 187 229 240 271 302 315 340 368 438 458 484
59 132 134 137 140 185 193 241 252 308 316 317 340 345 346 404 413 451 481 490
19 24 27 75 83 96 193 200 224 261 266 273 277 283 287 332 365 385 472 492
4 12 17 85 134 166 193 216 255 288 312 326 338 356 361 362 396 442 451 481
27 33 45 84 112 163 185 231 253 258 298 323 337 357 375 379 392 396 425 469
29 44 70 84 85 118 225 252 296 301 334 338 356 376 381 391 418 421 444 495
22 28 55 100 117 175 180 232 242 285 319 345 393 408 428 434 440 494 498 499
16 17 31 58 59 127 153 164 175 238 250 280 289 368 407 424 446 457 468 480
5 32 36 51 76 101 115 121 172 238 277 298 323 343 354 363 377 426 443 455
22 36 44 117 133 162 219 230 247 263 267 271 308 350 391 396 425 474 487 490
73 83 92 104 108 149 151 184 199 214 227 315 318 356 359 368 384 429 484 485
23 41 63 71 92 113 141 178 213 214 233 238 263 280 331 335 353 387 410 459
6 26 71 112 120 173 181 194 217 236 274 289 312 329 333 346 347 422 425 436
50 96 98 173 197 213 214 225 255 258 298 320 336 352 371 380 416 442 467 498
17 58 75 109 118 127 129 153 160 228 236 248 252 305 323 335 359 408 418 446
13 15 95 125 131 181 220 224 243 254 292 299 324 340 390 399 438 449 486 491
1 12 74 86 95 99 105 133 215 226 290 293 312 318 363 370 401 417 426 438
32 87 185 200 230 327 336 354 366 375 385 388 391 415 447 476 478 481 482 497
1 34 65 96 154 165 214 218 241 262 268 300 304 310 356 360 389 390 391 443
9 89 135 143 147 165 169 174 208 240 246 301 304 330 335 362 378 414 457 476
63 75 87 92 120 169 204 263 268 285 304 344 355 380 388 434 463 474 493 498
51 57 127 154 169 175 194 201 210 229 256 267 303 341 346 353 359 412 425 449
2 30 58 132 137 146 162 174 198 203 211 219 254 316 373 383 398 435 439 469
17 37 71 88 129 147 151 240 242 290 302 322 339 350 373 412 416 436 465 489
9 18 23 39 94 128 164 177 178 195 216 220 270 308 332 427 432 465 479 481
1 23 49 102 125 149 154 158 198 201 220 235 339 371 374 382 398 439 453 457
7 17 18 36 46 83 122 140 142 166 182 234 245 249 272 277 330 372 379 475
11 40 41 110 130 133 150 188 212 248 267 308 327 336 424 446 472 479 491 492
25 47 82 85 112 135 168 177 188 237 247 257 284 286 315 347 357 373 466 493
28 40 45 58 144 163 168 174 211 230 245 298 324 328 373 381 408 414 421 435
5 18 36 74 114 144 152 174 175 177 202 206 248 257 356 360 400 481 485 490
25 31 36 82 83 97 110 117 140 155 191 262 264 292 310 356 397 410 411 436
35 46 77 107 118 126 135 186 235 247 257 315 331 337 378 404 439 446 482 497
12 23 36 58 106 196 203 209 226 251 264 293 308 342 419 430 433 452 460 494
27 30 48 75 77 87 135 158 169 255 279 311 376 386 411 413 421 427 450 479
25 97 156 193 214 234 236 240 244 258 309 313 340 349 364 376 377 379 441 479
53 57 85 121 130 135 153 205 274 278 327 328 348 369 379 382 407 435 464 478
8 11 30 33 56 72 73 74 91 100 142 172 207 236 245 247 292 310 329 410
0 21 50 94 107 280 298 306 314 318 346 347 402 408 416 435 461 471 473 493
42 75 89 102 113 132 138 165 190 194 231 346 353 384 391 393 399 406 480 485
33 40 74 98 119 147 164 222 226 255 259 271 327 339 343 345 367 414 473 486
34 38 43 62 74 111 134 149 174 237 250 297 319 335 342 368 385 387 452 488
8 41 56 67 112 149 153 169 183 210 256 259 268 294 299 391 415 445 468 496
26 52 54 63 107 143 165 188 203 211 283 292 298 326 363 403 410 413 435 465
11 17 69 88 98 110 129 153 186 244 256 288 309 316 409 415 422 424 451 471
45 54 96 115 121 176 178 203 213 218 220 242 250 290 322 360 363 364 388 484
2 9 39 76 91 95 103 119 121 144 198 227 242 284 388 407 409 413 445 457
57 67 184 208 231 260 281 300 301 312 329 334 343 355 373 376 377 414 495 499
7 8 17 41 79 89 90 92 95 118 142 271 333 415 429 443 454 469 476 491
1 18 66 103 115 187 202 210 237 262 274 306 313 337 400 407 417 420 478 479
