482 488
165 193
462 481
158 165
206 241
164 171
65 95
273 280
307 311
422 430
467 472
23 45
408 436
413 421
66 71
266 289
307 311
51 53
229 242
350 399
305 310
0 32
450 495
135 148
369 388
59 93
164 183
71 84
473 495
222 246
1 23
160 162
66 99
195 199
296 298
382 395
453 470
484 486
407 441
84 93
52 53
428 434
389 398
269 283
318 328
440 444
109 113
408 435
205 230
311 344
360 364
9 22
356 395
55 64
209 244
356 368
306 334
309 321
155 173
493 495
156 171
307 314
205 245
26 37
35 36
361 384
3 24
25 30
350 375
103 141
455 498
252 269
184 198
312 313
173 174
185 196
405 410
5 49
24 37
413 431
364 368
323 330
332 344
73 88
250 256
375 383
62 92
423 440
6 48
207 226
132 146
18 28
66 74
261 265
57 98
15 35
109 135
35 42
450 462
429 442
366 376
27 30
115 118
28 48
317 337
109 126
157 187
25 45
256 271
308 339
7 20
359 383
131 132
0 23
368 375
55 63
390 397
216 221
476 480
269 272
243 245
222 223
266 297
2 26
116 125
66 86
373 384
350 393
242 246
476 489
339 341
287 289
377 391
314 333
304 324
170 185
26 27
168 187
205 235
215 237
452 465
185 192
192 195
357 397
15 46
59 70
414 437
11 16
356 392
244 245
19 45
437 444
55 88
106 125
335 344
303 321
79 89
113 114
119 137
12 33
305 307
441 447
190 197
206 210
475 485
477 484
403 408
411 430
75 98
463 484
370 397
8 30
271 281
237 246
472 484
92 95
352 372
315 323
411 414
74 80
205 240
123 124
354 364
235 248
393 397
7 15
255 270
194 197
174 199
413 425
177 189
154 180
9 19
353 388
471 497
259 264
151 164
117 132
179 189
408 419
389 391
52 53
468 491
302 317
156 166
418 421
110 142
242 243
409 445
304 332
56 77
206 212
159 195
458 465
466 477
302 305
372 373
374 383
75 99
400 431
267 270
467 478
415 423
266 280
153 191
405 447
355 369
160 173
13 34
477 480
103 111
463 480
286 295
327 349
454 466
21 37
464 480
107 116
161 170
456 492
170 171
263 299
8 10
307 313
102 114
379 383
375 386
391 395
176 177
403 416
464 466
209 231
330 332
270 272
265 267
204 233
459 462
471 498
416 445
135 142
400 430
61 82
402 405
162 189
54 65
270 273
304 342
408 437
330 342
465 480
223 247
270 297
330 345
73 92
321 337
3 36
368 373
17 32
8 29
230 241
0 33
85 99
317 348
258 288
362 384
87 90
409 432
152 183
258 268
118 122
457 458
251 288
404 431
461 487
63 82
455 498
252 291
460 492
53 87
312 319
29 39 394
310 312 323
165 194 419
416 418 447
161 176 471
404 407 440
332 346 428
120 130 483
203 452 487
13 297 299
165 185 258
261 263 269
213 217 241
172 190 422
17 21 289
353 360 390
209 244 420
117 127 347
315 403 426
112 124 457
83 98 495
360 389 467
13 46 441
284 417 419
327 363 371
348 415 445
296 462 470
108 130 368
6 26 475
113 170 199
102 412 436
107 145 149
1 390 395
323 356 360
168 461 478
261 262 308
45 157 189
354 368 373
52 75 196
59 403 437
20 112 128
339 453 488
214 226 327
241 264 287
302 317 334
334 335 386
114 319 322
129 137 220
1 42 421
260 294 295
228 465 486
55 56 240
226 228 290
83 364 379
106 138 142
242 421 444
79 207 248
1 40 166
133 141 467
17 464 466
32 472 479
15 49 390
13 15 227
51 286 294
336 353 394
6 112 145
25 300 308
69 70 236
115 124 135
94 95 444
114 127 448
216 257 297
216 223 403
246 380 388
67 85 90
5 17 430
344 415 446
23 24 317
48 253 281
17 37 41
77 302 332
345 454 476
56 80 139
125 135 299
318 326 442
189 193 295
38 45 477
78 215 223
209 244 429
1 39 418
317 362 386
383 388 398
306 457 460
1 275 278
105 315 346
183 187 465
28 450 463
21 252 292
93 457 491
62 76 249
201 239 374
221 417 429
24 107 117
116 139 378
3 25 256
35 78 79
163 194 196
162 163 295
100 376 389
360 388 418
234 243 459
14 28 387
63 202 243
0 22 38
326 341 353
96 418 443
122 139 220
102 254 267
179 183 445
236 418 430
191 372 386
60 63 147
207 234 360
15 160 199
68 73 90
118 134 399
244 282 299
237 244 246
110 351 399
281 286 449
69 116 121
250 323 346
47 69 90
261 287 382
25 173 194
405 449 468
172 333 345
241 421 441
313 336 493
272 292 317
251 288 441
364 381 487
206 216 223
150 162 368
84 414 448
58 65 158
3 426 427
8 44 126
38 67 76
3 7 110
163 289 299
417 434 441
187 421 441
5 11 87
206 473 482
76 454 489
224 258 290
20 26 142
365 452 477
139 350 373
18 106 126
242 408 449
56 97 107
247 364 366
404 407 412
160 199 350
204 236 248
59 423 432
145 420 429
253 276 485
159 162 201
52 173 183
215 243 246
136 142 474
161 216 249
26 435 446
190 354 358
230 235 258
69 94 207
211 229 230
259 277 374
163 482 483
74 82 376
360 397 495
363 375 449
105 204 228
19 33 130
65 387 395
302 321 357
193 423 432
45 226 236
366 390 401
51 94 265
6 312 319
27 44 393
208 220 468
173 301 311
69 202 216
5 34 482
53 55 131
3 37 432
5 177 182
261 283 445
25 57 73
246 320 332
267 268 461
92 96 458
254 262 453
363 411 420
446 467 472
271 280 385
353 394 486
156 162 287
6 41 260
106 319 322
2 130 148
213 364 370
197 363 385
340 359 385
157 404 419
47 104 145
450 465 493
146 260 284
59 434 444
225 457 481
66 489 492
67 298 299
152 361 390
174 411 448
213 216 469
11 102 136
249 485 490
467 492 499
13 264 272
67 460 485
24 28 275
234 450 497
215 258 272
52 215 240
40 55 92
62 405 409
220 410 431
116 118 308
268 286 332
69 71 74
292 412 414
153 175 481
1 18 388
249 359 381
86 87 497
181 413 449
300 306 329
300 318 338
14 409 435
41 116 132
305 308 326
224 381 383
404 409 433
184 269 292
200 242 468
3 20 481
246 362 385
137 163 168
140 200 246
8 35 177
105 138 149
156 198 354
33 43 433
43 169 189
396 451 454
150 162 406
26 41 346
153 194 352
295 303 308
241 463 498
241 253 277
9 10 473
15 17 229
29 85 87
22 311 314
104 138 356
155 187 270
83 218 246
10 253 267
49 371 382
148 151 193
75 230 240
205 309 339
142 422 425
187 192 343
278 353 396
221 228 392
357 370 391
328 344 358
12 48 452
307 328 351
287 352 365
153 400 413
50 89 499
55 82 252
221 232 240 453
261 288 354 375
176 186 330 425
278 372 380 411
299 321 346 354
31 319 335 391
24 43 46 417
36 368 375 493
1 115 130 325
91 219 236 241
5 83 460 493
177 300 310 423
124 210 234 333
187 314 460 471
77 78 161 187
7 59 86 430
64 95 190 486
56 247 365 374
164 255 415 422
119 231 237 436
155 185 197 379
122 452 454 498
67 308 338 409
38 407 416 428
12 53 86 160
23 312 471 488
0 328 378 384
10 271 326 341
52 306 336 419
290 310 411 429
61 100 364 382
83 93 111 387
50 202 229 295
287 359 399 417
124 303 333 347
0 7 160 203
193 410 448 493
24 164 175 268
294 323 411 424
56 86 250 403
177 366 377 416
44 232 447 449
116 157 181 224
80 92 334 482
33 332 341 466
27 86 460 492
26 408 426 496
57 78 171 282
28 42 153 480
141 312 333 359
14 17 346 378
43 154 156 184
112 114 127 451
156 206 258 263
15 203 209 310
109 212 228 241
285 295 426 487
209 226 352 455
68 87 256 269
117 145 148 218
212 219 330 338
24 42 269 437
352 435 437 467
105 265 266 363
6 184 231 246
60 176 462 469
6 17 251 266
154 217 371 375
53 331 347 438
21 246 383 385
147 357 372 484
110 163 232 248
17 354 360 490
123 272 293 298
252 253 347 379
17 183 206 217
6 86 91 299
337 354 359 451
140 207 240 499
1 39 41 250
175 192 340 420
82 155 311 344
37 106 129 222
158 458 464 489
55 66 135 182
120 136 323 435
102 110 196 373
79 83 87 407
272 291 335 414
39 110 119 281
77 145 149 200
74 398 470 498
162 304 312 361
85 89 183 473
160 174 193 478
17 37 443 487
111 463 475 494
235 266 437 439
60 82 261 482
268 383 450 458
72 161 172 451
116 136 267 281
353 378 390 397
129 364 382 388
214 225 240 347
248 273 459 475
92 208 241 316
3 165 180 228
213 247 314 483
2 34 44 288
89 92 117 397
127 131 182 237
366 376 389 469
226 328 333 424
168 171 189 372
230 310 343 483
129 256 280 329
217 226 233 399
20 47 92 388
33 118 238 242
129 141 373 400
161 182 296 413
238 410 445 497
24 133 163 165
37 239 327 348
13 34 310 341
72 73 412 439
103 131 314 426
116 139 207 416
95 248 470 493
62 174 198 456
214 265 293 426
153 222 415 440
51 52 85 87
157 161 163 461
36 49 271 345
207 248 313 366
157 190 271 376
168 180 337 468
240 250 275 449
16 231 357 374
75 186 188 303
19 232 490 493
157 178 259 284
126 143 239 443
157 175 225 427
158 244 259 264
166 171 279 353
106 384 399 415
38 176 196 362
28 317 418 434
87 299 461 489
51 267 429 449
33 78 93 301
253 412 427 468
60 316 321 465
167 185 214 291
247 272 352 357
33 45 103 145
396 411 412 419
173 180 304 470
76 159 185 221
86 237 248 491
8 10 121 362
68 84 89 97
208 210 308 320
53 67 103 305
113 179 260 261
84 104 359 395
9 93 97 389
61 79 253 331
351 363 374 435
206 220 375 394
171 254 299 332
118 145 299 488
167 264 295 353
39 46 111 352
37 186 195 197
29 37 148 322
25 310 340 474
50 173 218 225
63 79 134 455
312 413 489 496
2 33 176 473
352 397 454 486
63 116 126 360
210 268 296 428
16 265 286 294
113 214 228 358
310 376 380 494
10 15 42 289
1 25 302 457
60 91 206 339
7 72 96 345
157 333 340 490
354 378 437 444
179 288 413 414
46 156 173 189
114 264 290 469
1 44 84 442
222 300 312 326 461
115 210 242 430 441
24 51 57 129 462
198 217 221 246 261
115 334 338 347 433
15 311 431 451 467
59 271 405 452 467
237 276 402 427 435
150 155 377 425 474
51 56 159 167 395
68 107 148 378 472
62 360 382 394 499
11 135 406 414 436
51 73 176 402 443
251 421 427 451 459
97 372 394 403 474
114 127 141 202 276
53 164 202 228 473
96 116 129 132 469
265 272 276 314 408
78 98 273 358 404
94 160 183 378 465
143 219 408 417 438
126 374 380 384 490
292 342 355 358 399
165 242 415 431 476
13 35 155 198 424
116 131 226 324 384
30 197 220 313 325
7 11 165 202 203
222 309 338 447 468
10 22 116 223 354
63 114 135 144 386
205 207 351 440 468
103 334 423 427 449
15 46 123 171 421
143 270 284 383 460
82 253 264 416 434
62 114 126 424 443
59 92 118 149 172
337 442 462 482 489
158 189 228 244 407
14 243 283 296 310
71 337 403 476 480
67 414 459 464 468
108 109 145 210 276
104 107 140 187 430
33 46 61 72 420
196 400 426 447 449
27 47 87 344 491
172 238 261 302 317
61 189 193 444 466
4 17 141 283 344
27 95 128 141 311
150 213 289 439 443
38 148 320 470 497
155 199 293 363 484
61 64 163 227 415
177 217 354 368 467
142 188 273 299 375
104 148 311 312 368
23 128 131 209 334
48 217 280 352 396
11 22 47 377 461
3 55 328 382 394
34 72 85 122 297
0 5 12 131 167
85 98 109 157 166
4 118 155 300 348
233 374 394 441 493
44 72 156 170 467
113 117 155 418 430
86 297 461 463 473
206 279 291 343 395
114 129 191 348 441
2 80 255 307 343
51 108 127 272 437
108 121 134 228 338
149 384 450 484 490
136 181 234 245 454
216 249 310 311 492
159 198 263 267 410
77 83 213 360 365
182 207 218 234 450
62 66 110 345 361
101 126 146 178 378
194 309 346 468 486
51 58 172 296 347
90 91 99 159 166
69 178 400 477 499
47 361 368 380 421
156 303 306 395 404
81 405 426 478 481
103 134 149 254 459
19 61 186 411 433
279 301 332 335 421
90 156 195 280 398
89 146 280 293 406
95 395 423 434 449
160 316 320 340 400
76 224 264 303 309
57 58 190 479 484
56 252 299 374 465
91 204 225 263 353
65 361 450 480 488
80 92 151 164 205
42 48 96 115 324
86 105 126 268 455
1 240 333 422 437
59 69 136 149 389
105 148 353 359 391
11 41 48 204 308
1 13 26 260 446
207 224 376 440 458
104 147 213 424 485
96 150 192 305 322
58 85 346 429 433
124 156 174 385 409
218 274 402 407 428
112 128 132 382 447
89 91 261 339 380
233 255 285 408 489
5 9 19 149 423
23 60 69 210 433
53 86 122 158 450
26 196 362 378 393
174 255 279 326 463
23 67 252 460 479
50 66 408 426 444
176 195 268 297 325
75 210 331 355 398
78 354 362 407 463
56 305 317 347 348
162 239 416 490 492
13 28 32 149 259
83 219 249 448 449
36 192 302 365 392
12 53 264 280 346
159 229 317 383 390
34 406 453 482 486
54 264 274 292 467
138 143 165 220 288
56 58 78 320 410
64 202 204 208 209
3 26 314 369 398
188 204 211 303 429
236 332 351 380 474
211 228 253 272 370
200 233 280 390 474
101 206 236 286 340
67 90 98 211 430
91 220 224 240 425
151 166 173 424 454
3 47 117 378 393
48 50 68 89 353
195 330 349 375 383
231 242 356 377 399
134 164 215 308 337
29 315 353 413 419
28 33 200 233 320
106 204 290 295 299
78 121 195 196 360
119 131 308 337 446
116 295 381 386 404
21 244 287 324 340
134 250 372 376 398
6 23 47 168 290
61 80 324 373 450
87 293 440 444 463
118 122 228 377 417
12 37 174 267 289
46 266 296 315 479
62 161 265 267 466
79 264 297 459 490
208 315 390 490 494
150 280 287 364 497
63 245 263 432 443
275 319 440 459 488
244 300 307 374 467
5 11 14 275 377
98 152 312 371 382
36 45 90 93 349
8 38 72 91 308
163 180 326 395 479
64 274 337 341 388
14 42 69 201 471
130 213 216 296 340
115 139 218 301 302
14 44 63 193 497
303 310 331 335 347
57 264 276 303 470
1 3 14 117 480
39 49 62 261 272
301 314 318 468 490
41 83 229 461 492
229 352 353 458 471
72 81 321 325 362
63 99 270 426 479
147 263 319 463 491
163 187 188 391 465
4 88 91 456 457 473
192 207 231 278 347 418
133 159 197 286 407 409
112 179 248 358 364 391
51 52 94 284 310 388
6 43 146 150 248 328
2 31 46 139 329 389
126 134 318 385 394 427
90 108 243 331 339 380
26 52 258 334 346 409
87 300 351 370 408 483
146 173 214 242 256 354
67 102 107 389 474 499
41 55 66 105 425 485
174 192 301 386 496 498
30 34 211 231 294 482
118 139 369 380 387 426
30 64 180 233 401 406
201 220 237 265 326 384
11 15 92 125 222 325
61 152 200 206 225 279
350 377 394 446 449 456
78 155 342 352 465 473
30 37 75 85 90 237
156 219 253 280 370 459
27 39 116 384 473 490
19 149 333 362 380 386
118 120 143 248 361 408
187 231 314 397 457 490
175 190 195 216 224 397
20 372 395 408 413 443
63 161 206 223 316 471
62 111 126 365 396 465
79 99 275 295 325 444
221 286 304 319 349 476
121 134 287 364 461 494
85 103 114 159 302 388
124 222 263 292 398 445
66 91 324 362 377 390
31 48 347 351 370 376
109 137 162 200 285 479
67 77 174 288 337 420
16 35 46 114 144 246
165 213 262 337 353 358
157 213 225 453 455 486
46 223 368 385 417 488
21 26 117 141 240 336
35 89 260 265 462 478
225 237 342 394 449 491
29 45 108 303 436 457
32 36 163 177 329 430
0 197 333 343 389 395
215 228 295 296 319 342
160 163 165 173 220 405
205 241 242 300 308 439
3 6 81 90 97 424
223 323 452 465 488 489
60 92 324 331 470 498
3 98 165 369 431 445
67 141 271 341 491 499
43 150 161 175 365 389
14 24 28 35 129 143
97 322 377 466 491 499
9 160 202 213 222 243
88 99 304 322 377 465
78 180 221 235 342 463
46 62 119 287 324 342
28 87 133 425 434 449
174 185 308 327 386 431
83 112 147 216 324 333
32 180 194 198 445 465
37 263 315 317 328 367
117 201 296 349 352 392
143 262 276 354 473 478
18 33 51 273 383 393
71 74 132 286 290 394
103 187 330 378 452 485
37 102 213 305 319 441
24 137 139 182 294 346
29 122 130 184 186 246
31 169 190 296 350 424
138 185 278 407 423 443
28 146 158 198 255 440
52 66 141 177 224 456
114 115 127 177 336 386
100 101 141 186 191 253
103 124 140 165 201 313
4 22 227 335 414 447
103 199 201 280 312 344
28 208 227 235 248 347
152 193 321 330 421 499
26 241 306 326 337 438
32 147 156 162 293 308
164 201 279 364 379 457
112 292 323 343 365 401
47 298 311 389 470 487
70 102 118 155 174 358
25 212 453 486 494 495
171 194 222 257 388 471
107 138 149 330 360 424
51 101 200 293 471 492
0 137 385 417 436 473
115 252 280 458 475 479
13 54 73 97 169 417
1 4 27 28 287 359
17 107 260 269 306 495
0 22 254 283 326 363
168 188 199 402 471 491
87 213 331 431 443 447
171 225 250 261 262 409
51 189 317 328 460 479
127 129 136 285 309 433
71 91 99 145 430 472
6 40 82 84 86 121
37 192 205 209 446 450
154 193 250 284 343 449
38 152 411 417 435 474
181 205 208 224 280 282
124 136 229 373 487 492
175 186 195 221 377 438
10 119 133 309 327 408
35 110 300 304 305 393
59 68 96 135 322 413
26 109 118 220 396 432
60 159 173 265 320 337
5 247 281 332 343 424
253 301 313 391 399 414
101 129 162 180 221 277
107 135 284 404 439 462
24 50 81 182 270 329
312 328 338 423 470 487
83 117 264 267 312 340
102 118 130 266 302 361
55 59 99 108 313 435
8 145 149 172 182 305
42 218 223 231 244 308
279 287 297 364 414 444
23 228 411 430 440 456
37 116 129 459 488 499
7 55 57 79 316 399
205 253 294 355 393 454
3 78 266 270 352 497
28 70 235 400 418 448
24 46 52 275 286 287
205 211 262 330 368 465
136 167 177 253 357 368 393
56 119 225 233 242 267 460
277 309 340 388 391 401 429
302 322 332 340 376 418 490
79 189 215 258 262 384 497
94 208 217 241 243 441 467
13 14 26 121 155 248 359
43 69 79 161 211 212 227
104 175 214 225 273 317 498
15 68 70 77 90 144 429
57 100 378 390 408 435 449
236 250 324 422 456 459 485
50 56 129 287 299 400 412
53 116 132 138 276 336 408
234 261 266 316 352 366 384
2 38 43 169 248 282 404
188 399 402 409 465 479 489
19 25 119 227 250 327 425
22 96 142 326 343 406 417
158 246 262 274 416 443 468
194 202 293 404 411 425 459
89 229 231 280 332 381 399
53 86 108 117 141 360 403
2 197 270 367 384 443 473
15 59 78 171 179 229 267
179 196 237 239 250 400 429
94 187 323 330 335 337 409
52 126 197 255 259 370 388
156 196 220 278 294 371 426
92 95 129 153 364 488 496
37 142 268 291 299 432 456
41 52 55 61 96 360 385
60 83 239 268 299 324 485
104 111 135 205 389 393 478
59 72 126 140 166 320 427
89 188 205 267 293 351 460
58 171 188 230 384 395 450
112 123 141 155 294 359 468
96 289 375 383 386 425 478
40 112 247 249 318 448 470
30 56 211 301 311 461 464
38 206 210 216 392 476 496
41 67 113 124 127 176 235
19 170 348 353 430 482 491
33 38 83 174 383 386 390
177 178 190 276 395 396 492
92 163 198 281 358 414 432
23 64 166 387 389 395 474
65 229 307 335 412 417 496
233 243 256 389 451 454 459
20 21 167 200 202 220 477
43 54 64 95 112 335 417
66 175 278 283 306 313 391
71 75 90 134 234 304 483
7 68 71 143 186 471 493
10 58 67 95 105 212 223
113 261 288 329 456 473 479
10 18 211 246 248 268 426
42 73 99 131 285 295 336
167 188 193 272 316 372 448
16 29 57 76 91 144 276
13 105 135 200 245 283 294
19 39 40 47 83 315 358
29 84 133 142 145 273 425
21 53 79 84 240 389 433
121 225 237 250 252 412 430
219 223 287 415 443 445 491
35 155 210 239 255 257 443
24 53 91 226 241 324 461
1 10 101 124 196 257 437
86 104 201 216 255 288 404
220 233 246 279 323 332 383
5 56 72 87 180 261 407
54 55 70 83 103 206 228
106 145 150 185 188 255 415
53 82 140 148 192 312 401
54 74 81 242 292 302 333
4 120 122 145 151 239 428
123 221 270 279 355 361 423
5 231 262 314 336 427 498
27 45 50 209 258 329 404
99 106 185 203 333 377 383
22 102 108 123 133 135 346
69 71 96 264 276 479 480
23 139 163 222 306 308 315
275 363 435 436 437 465 485
69 109 265 367 387 388 452
61 219 291 312 325 465 485
16 24 32 147 304 370 414
135 189 234 237 316 318 489
58 100 128 140 151 201 444
8 26 93 151 291 347 447
22 42 80 163 254 278 363
103 123 199 289 377 379 422
173 177 358 360 431 458 490
77 218 267 312 332 454 474
20 56 76 161 297 495 496
7 66 111 117 147 148 444
21 183 268 276 294 330 419
8 56 78 87 97 148 408
112 154 155 170 181 194 281
6 128 169 285 313 318 483
43 83 255 297 373 486 492
88 104 223 242 352 363 376
69 211 293 302 316 334 468
200 215 248 264 280 337 401
52 122 237 277 402 454 472
47 156 256 258 271 350 494
21 45 91 112 281 285 489
10 33 110 132 240 340 492
251 269 293 296 297 401 486
90 97 269 325 402 427 440
65 206 309 317 329 398 450
30 270 289 352 355 358 433
0 229 239 242 289 340 477
13 92 362 375 391 395 483
325 328 335 356 360 381 391
21 152 297 315 360 390 439
14 119 121 137 217 382 397
48 188 238 252 341 457 467
41 43 116 148 181 245 413
152 168 356 369 373 374 390
142 256 364 366 381 384 403
3 43 234 272 299 305 467
34 69 226 328 329 477 492
57 60 260 305 383 399 435
132 312 323 387 403 409 431
8 12 100 113 362 419 422
44 233 293 327 366 367 368
59 61 64 123 289 328 491
37 54 113 133 137 149 229
5 18 103 160 178 197 375
42 50 219 314 317 402 414
26 43 53 170 274 391 395
88 91 160 180 193 217 369
42 68 154 174 239 291 457
69 122 133 147 180 377 384
33 39 288 329 339 410 487
88 209 279 281 348 354 448
81 82 103 112 113 198 354
44 158 165 199 270 282 392
108 144 206 254 382 422 489
97 346 370 405 423 434 476
55 210 367 381 399 417 421
105 228 272 288 293 297 487
11 40 126 200 235 343 439 447
35 38 126 196 201 211 298 449
10 158 189 255 405 449 480 488
249 298 391 392 405 432 461 493
354 387 393 413 420 429 438 453
106 175 288 325 332 348 392 411
165 279 285 316 366 402 405 408
98 116 164 198 199 338 360 437
101 134 161 176 334 466 483 493
12 82 202 231 278 418 427 461
87 88 204 233 289 292 295 318
91 163 233 240 264 292 349 410
66 70 84 234 413 445 448 453
107 201 202 213 219 286 390 395
132 152 154 248 305 359 463 478
41 57 98 125 187 335 383 485
235 285 313 320 360 376 461 474
123 161 216 248 292 321 358 376
7 15 24 45 119 182 201 361
0 15 38 90 146 217 366 373
13 106 136 200 249 272 283 295
86 113 226 242 244 379 393 401
11 28 33 75 221 239 347 454
46 79 138 178 179 183 298 363
63 78 122 289 313 345 414 457
120 193 256 324 336 338 364 485
35 38 84 111 288 316 341 353
182 195 210 388 457 467 470 477
143 149 206 208 214 271 308 313
15 188 220 292 306 317 325 432
247 267 305 337 386 459 483 496
21 149 152 204 259 452 461 480
9 244 283 332 406 437 443 461
80 165 259 342 369 377 384 424
61 163 169 184 355 414 464 482
76 135 259 275 314 366 421 497
42 159 326 460 463 465 469 477
48 57 80 98 142 225 244 429
120 194 205 209 231 269 423 438
24 29 40 186 257 263 385 445
110 316 370 418 420 421 441 489
45 52 72 250 259 364 479 494
57 84 87 137 216 296 321 498
66 95 120 157 244 340 346 380
94 197 228 232 249 369 459 461
119 121 163 227 234 352 455 465
41 48 84 191 192 224 292 464
91 307 308 339 393 428 459 493
4 128 138 143 264 402 415 493
116 282 321 362 411 420 454 486
14 265 272 279 326 364 403 410
14 22 59 95 122 203 378 423
49 119 231 237 240 361 371 429
112 158 228 234 318 405 426 459
86 90 211 409 410 425 443 464
81 107 132 137 423 436 448 459
5 18 28 170 224 256 272 295
124 172 275 422 436 443 469 490
101 151 183 216 231 331 372 417
114 133 179 334 352 377 405 492
229 256 325 328 349 464 479 493
40 187 231 233 243 285 411 422
126 176 267 287 316 332 389 392
113 161 210 305 343 422 429 487
83 87 194 413 419 425 442 483
33 117 196 228 245 266 358 463
3 14 18 75 131 161 453 462
29 51 77 108 224 225 319 477
106 116 241 309 321 347 392 475
104 166 178 331 482 487 491 493
74 89 192 199 246 348 363 406
272 286 294 371 397 398 428 461
8 49 63 91 165 180 378 490
2 9 22 75 189 301 311 381
79 209 267 319 364 383 417 425
39 56 245 312 327 458 484 496
18 90 92 170 260 269 367 463
33 100 124 206 230 312 360 394
42 83 200 237 362 363 379 480
169 197 266 282 303 330 405 446
32 149 160 165 184 269 428 487
10 59 141 246 307 320 418 449
66 70 92 113 241 298 305 380
74 88 150 203 206 230 331 470
75 107 142 156 406 408 409 491
126 191 260 363 409 460 476 477
62 185 191 252 358 381 431 488
45 110 155 168 379 416 419 445
193 264 314 340 359 361 377 423
26 138 158 187 230 237 364 467
100 210 229 353 395 418 433 452
19 51 223 237 350 389 404 467
223 289 364 406 409 461 487 493
15 19 83 378 405 411 470 478
179 184 191 196 197 286 296 481
37 82 164 187 213 242 428 482
64 116 150 301 335 346 458 467
0 20 50 73 216 407 445 450
98 199 229 337 348 396 426 428
85 123 178 260 269 270 289 387
47 51 167 171 178 252 407 496
230 310 316 318 331 341 386 436
95 101 109 136 164 364 389 447
173 218 270 315 328 329 447 476
107 111 148 211 310 356 357 393
8 33 54 182 359 464 467 474
75 104 337 413 414 440 458 484
32 147 224 227 233 358 387 492
147 219 328 350 355 399 471 479
28 90 93 165 245 323 456 491
27 110 267 314 326 342 369 414
19 45 88 148 196 198 324 416
99 115 234 265 273 295 350 487
51 67 141 351 355 398 418 433
48 93 134 137 225 278 316 448
185 190 235 254 355 408 414 434
48 61 150 154 372 378 384 472
12 15 151 187 191 261 288 473
18 132 214 269 277 308 456 464
21 105 115 171 176 190 447 458
90 114 117 123 232 322 489 495
112 159 191 351 364 390 392 452
11 62 65 71 154 286 293 356
44 116 208 252 306 429 476 489
223 301 313 333 381 382 427 481
102 165 228 277 394 466 471 490
7 9 91 95 211 326 479 486
75 173 197 235 356 364 430 452
154 162 177 182 275 279 327 351
9 81 157 353 366 388 395 424
5 67 74 211 259 299 310 334
59 83 147 188 326 361 393 425
13 88 111 320 344 348 413 444
68 174 175 177 217 301 322 406
85 149 176 199 292 455 467 476
67 75 117 191 226 245 326 478
89 163 270 327 355 421 431 438
10 60 70 252 284 359 360 371
71 153 160 331 343 350 452 487
101 130 140 213 316 338 383 439
42 114 115 271 282 323 326 436
2 32 149 345 356 383 460 474
22 57 70 102 114 155 273 281
37 177 338 352 455 467 480 492
14 101 188 357 373 401 407 440
61 76 149 171 175 225 450 452
69 101 154 186 239 325 402 405
39 54 69 90 302 407 410 448 486
2 8 29 32 214 272 275 337 362
30 57 141 145 183 184 348 379 485
118 183 200 205 305 373 398 400 427
106 152 209 378 393 407 412 452 491
107 120 243 275 279 292 382 436 488
91 111 123 152 160 268 378 421 455
33 54 195 221 305 347 348 422 426
35 56 91 99 220 315 401 486 489
28 37 69 110 184 229 238 353 475
35 46 68 69 194 280 282 295 419
191 192 244 312 330 344 363 382 459
42 58 66 75 88 96 134 143 438
140 185 206 231 243 245 448 450 471
12 51 70 142 189 316 378 466 498
59 216 217 250 272 336 343 412 431
12 66 125 142 153 204 298 350 461
7 32 106 158 376 379 398 428 473
74 130 159 210 280 340 375 483 488
1 11 93 118 172 190 313 319 476
69 72 259 274 314 425 432 438 483
14 108 181 229 230 241 361 416 430
32 74 90 157 164 170 374 399 496
31 48 150 247 311 336 384 400 402
31 42 109 118 124 137 242 450 495
0 64 65 72 75 99 225 452 478
35 145 196 219 294 402 460 476 484
54 71 85 87 128 182 266 380 382
60 86 137 285 304 319 329 440 452
1 6 67 160 242 243 252 338 487
65 148 225 255 291 298 316 341 469
10 62 158 171 202 236 301 424 446
4 18 25 144 182 200 276 437 443
133 149 191 203 210 459 461 492 498
32 102 135 140 186 314 401 450 465
41 58 162 260 261 296 301 418 462
70 94 101 104 115 128 294 309 352
5 89 217 342 368 401 403 444 459
90 104 111 131 153 165 180 282 342
31 156 193 262 347 369 381 495 498
139 181 183 250 285 366 433 479 497
4 54 60 70 86 99 128 177 225
18 85 171 183 204 247 392 409 499
82 132 134 176 187 256 407 448 484
20 49 52 76 137 175 296 382 497
72 115 129 339 345 393 455 462 474
5 98 113 201 228 237 240 287 313
14 49 133 146 182 244 374 397 412
8 80 90 177 237 261 270 436 465
58 66 166 214 259 316 406 475 487
215 241 244 260 274 275 276 295 320
8 83 105 181 202 291 310 319 474
29 173 339 353 391 446 450 480 485
8 44 59 164 176 270 354 461 498
80 91 245 253 266 289 369 470 496
80 185 192 267 316 318 417 420 462
47 109 220 243 246 310 348 373 468
10 21 31 47 342 380 476 480 499
17 43 99 105 196 256 437 452 460
124 218 274 301 304 337 365 398 480
4 60 81 85 181 258 273 342 425
55 83 126 132 226 317 478 496 499
13 118 131 250 326 344 417 430 476
33 92 102 127 140 218 301 337 367
57 84 133 144 302 303 330 337 422
9 88 123 197 199 204 225 308 401
29 48 105 123 163 270 317 454 463
34 41 44 81 84 265 309 345 410
47 164 219 222 235 318 327 360 447
185 197 204 225 264 266 287 324 492
92 131 215 225 237 238 282 314 319
82 120 135 159 165 168 255 398 424
14 22 32 42 52 75 289 349 447
14 39 46 65 110 158 178 453 455
27 136 157 204 296 353 423 462 474
38 75 98 145 148 177 327 357 362
33 127 151 201 253 272 424 469 496
42 126 135 259 266 322 394 420 475
244 253 337 355 360 362 375 379 488
89 148 166 169 173 184 196 426 471
54 118 163 164 212 230 337 423 449
88 116 139 161 175 181 309 391 472
29 53 82 102 152 162 200 316 414
4 5 27 81 258 435 454 471 477
1 13 36 60 75 135 241 292 318
3 76 176 222 254 297 357 372 446
74 81 102 109 178 207 227 275 301
71 80 86 96 138 152 328 463 492
19 121 274 275 301 311 322 339 367
103 127 169 211 214 227 355 361 420
12 23 34 49 150 219 285 352 405
35 121 172 192 245 253 330 348 444
65 70 208 257 328 349 360 425 426
12 22 74 108 110 268 465 479 492
136 155 213 221 232 337 352 480 494
12 59 99 145 188 198 298 340 373
11 14 30 34 94 98 199 256 382
80 81 105 194 254 294 344 349 489
53 170 235 273 301 396 438 450 496
18 67 99 103 194 280 291 325 429
23 103 109 117 145 161 246 385 402
16 77 93 109 353 356 361 482 489
51 174 207 236 333 356 460 480 491
167 191 192 200 211 231 255 394 442
31 40 171 219 232 249 332 393 462
88 100 163 221 250 282 294 339 389
13 100 164 250 293 411 420 429 484
110 196 227 296 305 344 358 393 472
27 30 91 95 155 227 280 321 326
4 10 65 83 109 221 283 340 476
22 26 62 73 223 287 291 480 484
0 13 46 114 249 419 423 452 487
16 79 128 269 281 320 365 387 483
24 61 68 97 150 163 318 369 469
14 54 201 334 351 391 411 412 443
59 119 152 172 179 236 392 437 443
29 90 246 336 382 420 430 481 497
55 83 133 144 259 318 440 442 496
55 76 131 203 292 378 446 455 461
44 184 216 246 347 354 382 386 464
143 298 324 350 362 410 416 429 446
16 37 65 84 253 260 281 284 485
39 52 57 61 76 86 127 159 408
41 63 77 111 140 158 191 227 448
113 192 201 226 257 264 278 457 470
175 180 229 238 266 275 342 392 399
79 203 250 265 324 329 393 417 471
58 65 69 163 258 355 405 436 445
2 4 145 256 327 328 329 378 472
48 225 342 345 361 412 423 429 444
42 204 343 396 435 455 473 482 488
12 23 29 65 141 148 192 220 327
29 209 219 256 307 331 369 442 446
13 14 24 28 60 147 172 279 490
4 7 69 145 295 335 414 444 498
4 21 80 82 104 266 273 350 496
29 79 155 157 159 263 311 332 338
75 110 215 377 383 394 435 445 450
50 80 99 109 214 220 360 405 430
68 83 137 155 206 234 255 290 390
47 115 197 278 291 292 333 395 453
60 91 136 139 340 350 373 385 386
18 67 84 158 198 275 300 321 403
8 76 151 174 188 213 235 337 471
73 155 192 281 405 417 433 434 472
115 149 236 248 347 388 398 411 416
17 29 62 253 361 380 457 463 471
36 37 73 169 196 287 357 379 439
18 27 39 45 46 53 254 323 337
29 96 99 178 278 301 312 316 461
44 82 202 229 260 317 352 385 466 483
89 177 190 240 264 266 278 337 385 493
40 118 120 203 301 313 330 339 352 383
38 107 147 243 306 312 326 329 393 498
8 35 55 91 146 214 253 304 364 484
78 110 201 305 342 351 455 456 463 476
11 37 195 213 242 315 455 489 493 499
10 21 24 205 237 238 265 377 456 480
8 51 133 221 243 369 374 419 428 496
86 166 296 305 332 387 411 418 439 445
31 73 138 158 182 192 197 199 355 398
112 162 167 256 261 276 292 312 435 457
24 67 79 101 117 133 245 313 332 401
55 201 232 276 277 338 342 352 373 441
11 128 296 361 364 400 406 414 439 459
3 192 201 249 367 386 398 413 460 483
52 132 159 189 192 256 300 317 338 406
103 120 121 249 305 324 399 411 413 480
52 194 217 249 272 285 292 347 354 462
24 49 51 141 244 343 350 378 485 498
92 106 111 122 149 180 184 409 426 433
20 144 150 270 280 306 309 403 430 443
7 69 85 164 248 303 390 413 474 493
1 30 83 87 208 342 444 459 474 481
33 35 124 177 276 295 312 368 444 467
15 259 280 292 299 328 377 405 437 464
11 12 43 225 255 336 338 419 442 461
184 186 207 233 334 346 378 396 398 450
12 40 141 208 215 283 348 360 385 489
42 71 167 169 248 253 284 325 368 457
10 56 61 194 209 314 411 427 435 442
0 130 217 288 291 363 382 398 435 490
144 178 181 189 374 388 390 392 410 441
8 32 35 142 186 216 296 308 323 333
37 135 203 205 354 369 426 428 461 482
5 11 24 40 64 72 197 220 276 489
7 40 98 223 302 342 415 446 457 463
54 81 115 118 147 205 276 479 498 499
32 45 73 224 246 258 327 374 393 408
15 119 120 143 164 213 282 315 384 464
155 178 184 185 214 238 259 298 456 481
15 48 76 129 243 378 422 458 461 498
18 98 109 179 208 286 324 345 411 424
29 112 166 168 237 299 349 357 370 413
19 39 96 173 213 215 247 281 322 490
145 196 206 221 228 247 342 363 421 427
141 167 208 281 350 380 409 416 462 479
74 83 97 154 169 193 194 249 337 382
33 67 202 232 236 265 312 367 441 450
116 187 277 296 305 350 361 375 475 485
44 126 224 237 340 359 367 376 389 499
16 95 240 329 332 342 388 409 473 496
137 238 240 344 347 348 410 447 454 485
2 27 112 142 247 316 324 373 385 398
51 93 129 212 277 310 372 380 476 497
27 32 66 71 76 137 155 246 270 322
8 28 112 138 142 224 243 304 371 395
32 86 98 213 251 256 280 299 320 498
116 122 131 145 256 280 375 480 493 499
106 165 173 205 274 351 359 366 465 467
24 56 77 81 137 152 199 375 425 458
102 106 111 140 225 254 313 350 361 446
0 18 68 135 185 271 305 330 396 432
33 100 197 253 281 313 339 393 433 453
2 124 147 164 227 300 312 383 385 449
15 111 141 175 186 232 320 421 481 499
7 199 277 302 303 317 319 344 364 396
74 125 128 131 310 327 400 446 456 468
118 208 209 231 248 310 332 414 455 462
93 116 227 240 241 244 304 307 315 451
42 99 193 228 273 283 339 365 368 383
8 67 79 86 203 255 258 315 359 459
65 70 82 96 183 191 429 443 444 474
20 41 103 113 155 237 282 295 378 494
3 76 85 182 269 351 363 369 422 464
72 109 144 145 267 282 352 388 392 406
10 32 34 146 181 265 283 468 495 499
36 62 204 226 229 240 255 256 257 281
1 143 184 214 229 231 234 265 413 429
146 174 275 288 337 421 424 438 450 470
88 189 205 223 246 285 328 333 401 487
49 56 66 90 187 242 322 323 349 367
97 100 118 151 182 205 211 229 293 382
219 230 241 253 311 321 372 389 393 494
95 131 221 256 288 304 351 353 383 434
40 54 65 74 164 209 242 386 431 493
15 44 142 184 187 210 287 333 459 470
27 60 66 81 167 201 282 323 366 438
138 148 168 209 259 261 263 350 456 472
36 95 128 200 210 231 233 434 462 495
67 82 99 194 198 206 213 242 386 387
82 83 100 132 145 171 269 332 392 452
0 25 79 93 106 200 237 288 315 414
8 65 66 159 192 261 279 286 291 381
22 166 219 231 278 376 384 400 422 428
23 58 89 133 186 210 361 381 407 413
61 113 182 278 307 382 440 477 483 487
75 243 267 312 318 319 339 368 383 474
1 39 116 143 270 287 388 394 396 404
53 76 90 92 117 227 367 401 442 494
105 124 128 148 175 265 277 380 472 477
37 132 136 177 393 416 423 430 471 477
46 179 232 236 323 332 416 437 453 464
13 18 118 121 196 221 257 290 324 389
10 74 204 206 226 292 416 427 432 448
109 137 182 329 357 362 412 413 429 453
0 132 209 248 259 299 408 431 444 498
6 14 76 191 200 204 211 220 243 334
176 188 198 231 265 399 424 426 439 475
153 201 203 244 271 277 318 322 327 467
65 193 210 232 262 272 361 379 448 498
0 6 7 155 178 289 375 385 394 489
14 57 59 118 132 166 320 353 412 449
68 73 83 86 88 153 374 377 395 462
85 165 169 325 340 412 426 434 455 494
60 65 102 128 153 160 238 324 468 494
17 47 75 155 159 285 308 347 430 499
31 32 92 200 201 205 223 295 358 364
5 7 81 96 106 178 199 347 429 453
2 129 172 244 262 280 290 298 353 446
25 57 95 98 151 155 157 241 255 270 365
2 29 186 188 199 217 222 281 319 320 468
19 35 43 95 154 305 325 339 354 361 438
68 118 137 203 264 270 271 342 379 412 420
13 19 143 146 202 209 249 308 336 383 434
17 49 89 151 173 276 330 382 411 434 443
3 22 123 161 263 278 331 436 445 449 464
17 175 206 218 232 297 317 320 322 354 386
42 62 76 134 192 201 216 334 355 441 484
50 51 75 195 209 221 261 267 340 422 471
45 58 148 177 199 206 241 247 321 338 392
2 54 166 211 224 241 374 457 459 484 493
101 191 222 232 234 243 249 282 334 364 484
0 42 103 124 139 216 231 238 242 310 419
12 55 78 84 201 308 363 386 388 395 408
13 45 104 130 159 205 240 259 331 426 486
13 14 35 102 192 286 288 345 367 450 498
60 106 108 119 193 260 265 292 311 414 489
1 15 66 111 135 169 214 230 277 292 386
106 158 283 321 349 382 419 424 427 449 461
55 62 91 115 180 203 209 240 338 376 445
13 31 47 51 75 94 108 281 388 436 477
5 16 48 139 221 260 296 322 336 343 467
75 129 147 190 196 199 258 376 381 467 477
72 73 89 111 120 161 165 261 392 451 498
35 45 100 146 150 161 182 265 406 474 475
72 74 100 107 127 148 186 234 345 447 488
77 142 169 257 307 345 391 400 413 457 477
44 64 85 170 175 239 306 314 342 409 447
87 161 167 168 190 266 345 371 412 442 488
69 91 217 227 234 239 244 250 298 402 440
131 159 256 281 297 371 373 403 438 457 461
10 123 192 196 206 216 304 439 484 487 496
0 12 64 77 91 196 287 297 362 376 445
116 215 219 278 326 351 362 390 427 460 492
57 128 156 176 196 222 228 296 297 391 470
47 119 199 200 231 261 317 361 415 438 444
33 100 157 266 386 400 432 447 463 487 494
4 20 21 29 30 121 131 139 188 211 468
41 115 243 324 328 405 436 458 464 481 488
1 11 52 101 185 194 313 335 361 466 494
15 21 184 259 278 312 326 333 375 399 421
24 35 75 214 245 251 252 255 371 415 464
165 237 249 280 305 373 412 445 465 471 497
36 50 56 100 114 131 256 410 412 442 459
133 164 173 183 270 304 378 401 443 469 495
100 136 179 204 240 261 268 312 333 337 461
43 50 75 105 145 163 175 271 285 328 414
54 67 73 128 132 140 164 165 189 226 233
8 14 110 117 136 148 385 387 410 414 489
19 135 169 198 258 327 376 401 412 423 433
22 50 94 141 144 148 162 257 267 411 418
21 92 108 134 170 209 267 308 329 371 393
62 93 172 173 243 318 320 327 387 490 499
44 81 169 207 225 230 317 326 328 424 450
127 133 145 213 288 312 353 383 399 427 497
67 70 80 81 175 267 316 333 340 356 397
66 85 117 185 192 210 258 271 342 403 456
26 145 150 153 174 285 326 341 447 486 488
26 77 129 205 218 232 293 298 432 475 487
10 50 125 165 197 211 260 303 351 388 431
22 51 71 135 210 253 298 335 402 432 471
12 75 88 109 157 253 266 329 331 333 403
118 122 143 162 163 184 190 225 325 327 356
91 93 185 196 294 299 390 406 467 472 481
67 71 100 107 133 209 262 317 325 396 487
13 30 46 47 50 112 160 187 307 455 499
101 188 253 268 282 294 339 422 425 430 432
45 75 100 105 122 126 188 252 286 341 470
3 38 99 229 266 363 386 400 403 453 465
34 71 120 146 166 197 301 316 337 449 477
20 53 64 124 126 142 155 163 315 342 484
28 38 106 160 228 270 289 325 402 407 434
58 115 127 194 212 237 271 330 355 394 399
1 56 77 89 131 149 206 254 396 419 495
102 110 143 162 174 188 267 299 302 348 449
49 77 167 252 280 282 333 379 393 436 442
88 116 137 215 226 283 390 409 458 486 493
52 99 104 136 180 258 290 343 353 379 387
19 21 121 136 153 293 300 307 321 490 495
7 65 82 251 262 265 350 381 415 462 473
57 61 93 183 186 407 426 428 451 461 462
4 8 28 101 110 222 240 302 400 403 489
60 61 112 114 209 229 245 273 405 414 442
23 57 113 114 118 123 146 309 364 416 472
43 63 87 104 320 339 342 389 399 476 484
7 83 105 177 180 181 328 363 426 435 470
51 104 125 173 210 238 294 339 351 404 472
104 110 127 181 216 236 245 268 334 406 458
72 86 132 217 241 332 366 410 440 461 482
50 58 73 129 134 256 272 305 324 476 499
109 117 176 196 242 250 358 367 368 425 491
43 45 60 100 132 254 284 313 388 453 457
28 55 73 180 262 284 294 308 389 410 479
65 99 124 126 165 185 304 387 418 424 496
42 101 137 139 204 249 329 403 404 407 457
47 83 139 220 262 286 377 435 489 495 498
24 44 167 186 207 240 408 459 468 481 489
15 39 180 221 244 368 394 417 466 478 499
9 52 61 94 181 261 274 391 406 480 489
3 35 106 117 176 256 258 285 302 339 465
157 161 240 256 335 350 351 397 401 474 485
8 23 39 143 189 228 236 246 299 324 496
7 54 59 109 118 146 204 228 231 236 238
94 105 139 225 273 277 278 360 396 415 432
0 36 49 107 154 190 262 287 290 397 410
115 261 289 295 332 401 402 424 431 460 498
55 58 76 179 189 328 335 344 351 385 484
11 55 63 97 202 227 245 318 323 405 420
7 12 14 50 71 77 83 151 210 230 495
18 37 40 164 193 229 269 274 287 381 467
140 149 312 331 369 373 378 392 394 402 436
90 109 165 248 253 330 413 424 428 439 471
80 84 91 100 115 233 249 264 368 457 465
16 30 59 88 113 123 214 309 402 408 433
4 21 85 195 294 303 353 411 425 444 480
2 119 167 195 233 278 282 284 295 339 361
50 76 131 202 221 222 364 400 419 447 456
25 65 106 113 128 153 171 227 228 336 491
105 178 187 327 333 357 403 412 420 435 437
30 32 94 100 117 130 172 290 317 331 381 389
78 93 115 182 198 241 303 408 449 451 464 475
20 188 255 261 306 309 324 332 357 384 388 398
6 74 122 168 297 324 345 378 428 444 495 496
52 75 124 175 186 209 251 282 283 292 334 485
17 95 114 149 161 185 197 308 330 408 475 485
46 128 152 165 224 259 398 400 411 430 431 438
20 35 72 105 116 243 250 321 328 366 438 449
21 181 203 263 304 316 391 419 424 464 466 496
25 38 95 100 110 128 143 232 302 306 320 481
34 57 60 114 142 144 279 303 336 482 489 496
15 37 83 163 177 233 247 310 401 410 421 498
38 69 85 116 131 148 191 197 299 304 380 394
19 93 103 129 247 311 351 375 384 392 394 477
47 111 164 245 314 354 355 390 416 441 445 481
0 143 176 180 259 285 300 316 333 345 409 462
67 106 178 197 198 261 371 376 384 402 407 440
20 247 250 332 336 340 346 411 441 462 471 472
5 13 184 246 254 270 286 293 314 367 463 487
26 29 64 79 177 194 227 281 286 344 367 427
5 58 94 99 156 171 281 385 393 401 418 498
93 109 114 118 171 324 340 429 447 471 475 478
8 35 58 59 61 118 137 158 226 231 376 415
59 113 198 299 322 323 328 347 373 383 412 445
80 157 173 192 210 235 253 350 371 383 460 494
32 60 84 95 140 229 339 345 372 388 394 447
11 16 17 72 151 244 260 288 297 398 401 489
35 62 104 178 209 234 235 282 293 299 318 403
7 32 55 77 101 120 141 154 186 254 333 489
19 90 139 181 341 360 379 385 397 429 451 476
42 71 82 102 154 169 266 276 370 392 414 472
65 87 106 118 120 240 279 349 407 408 432 492
21 28 45 46 85 104 108 162 261 356 394 472
61 66 72 159 165 188 217 272 290 405 427 436
1 86 147 165 198 247 278 292 294 307 443 487
23 102 135 138 159 167 228 248 427 463 486 496
51 155 256 258 296 347 352 357 373 385 426 465
6 133 140 161 174 304 319 326 377 402 459 463
37 40 119 174 278 299 377 404 410 419 479 480
28 78 135 169 224 264 270 322 358 381 395 495
0 7 62 68 214 307 312 369 384 401 430 436
54 86 127 140 196 227 234 278 290 416 421 476
48 80 100 191 203 238 322 350 441 458 460 489
40 69 94 105 111 113 133 167 204 245 246 415
60 86 123 213 223 232 234 306 327 335 343 410
31 58 83 93 131 141 190 245 277 373 448 465
24 37 60 123 168 179 193 262 304 327 368 458
9 34 45 98 176 186 212 266 327 346 360 421
69 111 121 141 150 279 325 342 405 485 488 494
59 68 70 83 200 201 223 236 323 361 402 406
6 12 16 23 30 155 183 229 238 326 362 442
17 107 116 119 124 216 227 248 336 361 430 449
36 63 66 71 82 133 138 188 207 292 388 456
79 149 201 210 227 233 272 299 428 454 482 496
83 145 157 198 207 223 231 382 398 412 424 442
11 47 67 119 264 355 359 363 369 446 490 499
59 89 96 98 121 179 216 246 341 382 404 478
11 66 95 142 144 190 202 225 300 341 451 498
0 26 40 61 123 145 148 222 232 291 329 445
17 21 29 108 155 161 238 260 324 343 397 496
9 57 71 109 120 149 185 329 383 395 401 440
18 95 118 120 287 337 351 389 404 429 460 481
10 30 126 149 352 359 374 404 407 440 457 464
28 117 132 149 156 159 183 261 414 441 451 486
14 16 76 95 163 192 264 312 320 341 455 499
30 33 40 48 61 159 188 264 310 332 335 422
37 153 191 199 237 283 311 330 361 409 426 489
32 77 155 178 181 308 333 370 381 393 452 479
12 48 53 81 137 169 236 253 256 414 479 497
50 61 163 193 199 309 316 332 349 392 413 477
26 68 142 163 188 206 220 352 400 412 421 479
93 108 112 147 171 179 264 388 401 423 430 488
3 39 136 149 233 242 243 252 314 355 418 498
7 12 29 39 44 124 176 220 287 304 326 439
31 122 140 205 212 230 243 287 308 356 407 421
21 24 34 54 121 158 159 168 230 389 398 482
60 113 149 160 169 172 174 229 271 313 451 483
4 117 118 123 271 287 296 307 363 454 463 494
1 117 144 163 165 170 216 237 369 427 453 456
42 100 128 167 176 254 262 281 295 325 374 392
2 49 65 89 177 229 240 251 266 326 331 373
52 75 141 150 213 217 272 274 317 399 452 459
25 94 112 124 276 290 360 378 381 454 482 497
189 260 305 307 317 318 339 367 375 376 426 494
59 80 86 104 136 233 235 237 243 255 293 494
10 44 96 143 189 197 273 335 347 379 404 479
74 84 93 95 119 212 216 370 419 441 460 467
12 91 139 152 163 186 309 315 334 419 433 475
17 72 191 208 216 292 305 308 309 335 352 410
63 77 169 173 189 283 286 355 360 437 485 499
0 33 44 54 73 102 124 146 320 330 386 395
3 18 23 135 226 241 313 355 362 412 474 493
8 24 96 158 162 219 237 337 417 473 496 498
60 155 173 205 240 256 261 399 459 464 480 486
22 42 51 100 118 178 208 233 271 348 371 420
6 34 44 123 137 248 290 310 451 460 469 493
25 44 141 148 193 277 283 304 314 375 390 455
8 31 51 59 62 111 128 152 276 363 376 420
46 91 144 170 185 273 277 319 331 337 393 499
26 64 164 193 213 278 316 339 363 429 469 475
51 60 188 253 303 324 341 344 370 429 437 485
14 65 186 192 228 241 246 308 314 327 416 491
16 54 91 98 106 143 159 174 213 273 459 489
12 41 43 55 66 71 95 163 171 331 376 430
35 76 90 99 166 275 289 298 353 390 467 494
5 48 55 65 100 141 163 185 213 264 360 379
12 15 35 40 104 116 159 164 287 305 324 434
9 13 16 28 109 196 239 254 299 302 404 455
19 39 50 63 157 187 280 296 345 364 435 474
3 21 23 25 31 32 74 271 286 337 453 490
26 30 86 111 149 179 246 253 319 427 434 454
45 73 236 265 274 281 287 326 334 404 407 433
32 254 271 272 276 281 301 303 311 346 487 496
33 107 129 136 141 181 270 332 434 450 454 491
11 82 106 154 178 250 254 296 362 444 447 484
48 83 119 190 255 291 308 352 359 363 481 489
20 109 166 175 185 201 252 262 345 352 375 459
0 2 27 164 173 185 187 203 207 265 301 344
25 64 112 117 123 191 240 275 306 358 414 445
12 78 197 198 255 281 352 366 384 405 429 460
52 126 133 166 188 210 281 287 310 350 355 356 416
16 22 57 74 93 94 274 315 330 337 355 369 371
134 175 187 201 259 314 332 343 392 410 433 450 454
11 148 230 271 306 335 339 347 367 405 435 437 498
7 52 143 210 267 270 279 287 314 325 349 401 408
55 58 85 118 130 138 185 288 441 465 467 481 482
198 211 212 260 272 312 318 324 336 338 352 362 416
16 62 87 153 241 265 266 285 326 329 424 454 486
66 83 157 196 242 301 306 342 401 403 410 441 473
34 42 117 243 255 280 287 322 325 359 381 425 444
63 68 82 98 163 212 233 236 241 322 394 443 486
14 55 132 171 254 261 273 282 283 302 321 382 478
2 31 46 125 129 156 235 260 283 347 398 440 499
54 76 92 198 201 229 285 300 339 351 359 376 420
108 147 222 253 268 296 302 307 318 344 379 432 492
56 106 142 176 251 260 269 303 338 421 449 471 486
26 32 78 90 99 100 194 254 277 327 332 410 439
6 82 104 145 226 302 304 306 330 347 348 375 381
15 83 151 182 215 279 310 321 362 368 392 442 485
10 23 26 70 133 137 144 220 255 348 408 463 485
33 73 94 124 193 230 238 312 451 457 467 470 491
30 58 63 64 73 90 160 180 247 256 270 284 315
31 68 85 128 135 144 154 174 195 202 280 284 365
122 127 129 131 156 251 258 388 428 438 452 473 477
30 81 85 98 156 174 184 236 266 347 455 463 467
8 28 44 93 178 272 318 328 373 383 427 436 483
19 20 165 170 189 221 235 287 320 352 390 395 414
160 164 175 206 212 317 328 330 401 435 443 444 495
16 109 117 153 158 197 203 216 276 336 338 389 487
14 29 101 109 116 155 187 191 330 399 406 451 479
70 114 122 145 149 150 240 244 293 318 339 346 462
48 61 76 108 119 207 230 274 279 284 300 326 334
29 66 130 182 187 223 302 321 325 334 382 398 409
108 180 199 277 285 328 394 397 403 425 430 458 465
0 32 73 118 162 175 222 246 297 306 391 456 466
80 91 202 258 263 267 296 308 375 411 439 474 489
25 121 163 188 192 280 301 314 320 367 374 430 444
176 191 205 224 267 274 278 312 317 322 400 434 498
21 27 31 53 121 164 227 318 381 428 433 475 492
22 106 133 162 166 176 197 245 268 313 347 361 394
141 171 198 239 283 286 349 367 369 413 422 439 483
9 10 33 55 115 146 281 365 421 433 438 460 484
8 49 80 102 109 313 338 339 404 413 447 474 485
46 49 68 124 190 212 227 291 360 383 399 407 451
3 11 24 33 82 264 291 382 412 448 488 495 498
11 30 36 53 75 77 159 191 198 225 310 369 477
23 69 137 183 295 299 304 308 351 385 401 428 489
23 92 95 175 210 244 259 318 325 326 387 479 481
40 44 81 89 94 109 128 162 202 399 412 415 461
46 101 204 211 216 230 241 248 249 278 350 355 466
10 53 76 87 90 204 286 308 353 406 409 429 499
37 53 72 106 252 284 313 421 423 431 472 474 495
26 31 36 47 68 111 116 176 186 228 302 428 463
38 42 128 172 217 231 251 366 401 431 432 439 475
170 172 186 217 227 326 401 408 417 437 446 448 470
15 17 115 145 182 196 319 364 371 375 406 453 473
64 97 112 120 145 155 162 196 259 379 393 468 472
1 16 21 79 107 182 198 204 259 298 299 481 494
13 34 59 94 113 127 174 227 345 356 372 389 482
15 35 36 143 198 236 276 282 289 328 360 382 473
63 66 100 135 139 153 155 177 178 232 245 444 466
3 86 89 132 177 194 264 283 295 331 351 381 488
36 45 70 122 172 182 226 245 258 408 411 458 482
7 53 64 102 103 113 199 260 371 433 438 440 465
10 27 91 103 190 206 268 270 334 360 387 410 477
70 140 200 227 249 255 260 272 316 340 380 398 443
2 14 64 67 70 84 109 137 272 426 428 456 473
6 43 157 174 191 195 196 201 203 357 409 432 495
4 19 103 118 134 141 198 225 317 337 361 418 479
19 117 252 257 266 321 339 360 372 424 426 438 491
17 168 193 197 234 249 282 321 426 438 458 479 491
59 74 82 108 134 161 175 227 314 337 341 437 486
3 41 111 202 211 216 321 322 324 360 414 465 485
29 74 133 146 243 372 396 402 417 419 447 466 468
53 59 107 139 142 146 147 180 192 309 315 336 461
47 90 99 111 159 197 288 292 374 377 385 406 447
31 77 97 226 229 237 249 265 298 320 330 385 414
23 24 30 31 78 102 127 142 205 218 249 266 272
7 132 148 162 249 355 393 430 432 444 446 449 474
34 128 136 175 176 198 233 244 316 346 377 379 387
40 50 86 94 125 181 207 223 276 290 323 380 449
58 127 129 206 259 273 290 384 403 405 418 478 491
104 110 139 150 182 254 259 266 274 298 395 431 481
16 84 189 246 283 332 339 348 386 400 407 409 449
22 44 46 80 92 99 188 283 371 435 472 480 489
77 170 195 232 303 326 335 349 392 402 417 489 491
97 154 193 281 283 296 307 317 328 332 342 361 375
8 86 95 159 168 186 196 204 382 398 475 478 485
3 12 31 32 44 196 198 218 285 307 377 416 418
117 119 174 219 249 261 285 288 290 361 431 444 479
0 28 29 83 102 192 196 230 253 286 287 377 474
6 54 108 125 182 339 358 366 367 402 431 432 473
15 64 98 147 186 209 215 252 254 295 330 336 421
52 111 113 122 158 235 256 426 436 442 455 489 494
40 141 143 170 176 196 204 219 341 346 384 399 456
9 22 53 127 137 151 178 214 245 302 432 435 443
54 82 150 155 216 230 245 269 284 326 351 371 487
29 59 61 127 155 156 201 273 326 408 412 452 486
115 118 133 273 302 320 329 360 380 387 448 453 467
12 23 160 204 207 259 276 293 317 360 397 449 489
50 56 112 120 129 183 191 220 247 249 336 409 413
8 22 31 56 68 183 227 234 292 379 389 442 495
52 65 72 101 146 180 205 297 392 426 467 476 495
23 35 94 137 193 297 302 305 366 373 393 440 477
91 146 158 197 205 216 239 256 270 298 361 431 437
44 61 100 117 131 182 193 199 268 360 387 407 421
69 121 152 180 202 255 327 340 342 372 394 427 440
14 66 229 239 256 300 312 332 363 367 375 391 445
6 67 105 157 194 255 272 294 383 402 421 475 499
29 31 95 138 161 193 224 231 293 362 375 388 469
8 49 125 130 156 158 235 239 309 317 383 403 435
54 119 189 192 246 266 284 308 350 391 431 443 495
75 96 104 117 170 205 308 368 383 394 413 455 456
15 103 124 190 275 315 330 381 383 403 464 475 494
20 26 36 72 103 106 173 180 234 248 298 387 390
89 126 144 169 176 237 241 271 279 372 390 454 456
128 143 214 247 256 284 300 302 321 344 415 449 465
57 140 231 313 316 366 368 450 460 464 476 477 486
21 31 96 246 262 276 317 350 358 366 441 455 484
67 83 141 157 185 191 290 310 344 367 385 448 489
40 87 171 179 211 261 300 341 343 366 371 412 414 495
55 90 135 178 254 275 316 323 328 395 414 429 432 469
58 127 152 153 156 192 213 224 273 316 365 406 427 438
60 70 115 127 149 186 196 200 212 222 232 369 404 425
6 17 39 66 131 210 225 267 279 327 350 376 397 477
73 164 232 235 259 267 274 284 307 313 360 385 417 478
32 55 71 80 103 167 235 240 318 375 397 418 428 438
11 71 85 108 246 306 308 314 318 327 329 364 469 471
32 41 111 140 215 239 246 250 277 288 324 346 349 491
54 82 120 172 174 194 196 255 301 311 336 357 358 396
31 58 238 245 286 336 375 388 390 393 450 467 468 482
9 26 109 116 169 190 191 284 311 323 341 401 432 434
81 118 214 253 260 282 292 315 369 370 421 464 476 480
76 95 145 180 192 225 315 355 363 368 419 427 432 465
1 19 37 60 108 113 124 186 250 278 313 431 444 449
15 46 70 88 100 226 288 318 322 345 363 415 458 472
52 73 106 137 152 177 198 239 317 348 357 361 432 475
2 5 19 80 85 133 169 231 242 264 274 313 358 426
59 125 129 176 179 189 242 258 268 343 348 464 467 471
65 182 192 236 276 329 397 400 434 440 452 461 465 471
10 56 77 197 209 228 265 267 307 366 406 409 420 452
39 90 133 140 154 248 269 300 309 356 357 387 446 468
25 53 109 172 234 242 318 321 325 331 385 405 465 480
60 62 101 108 114 156 173 193 224 250 416 440 467 489
4 47 76 78 83 113 197 201 326 413 416 420 459 495
32 45 89 120 147 187 267 281 337 344 396 410 433 471
46 99 118 183 211 215 221 222 236 263 265 301 386 400
44 52 109 117 131 147 185 244 277 379 433 446 450 496
21 61 93 139 143 151 257 263 349 355 360 405 444 453
3 84 136 163 167 200 242 279 281 290 356 366 383 462
115 132 146 166 242 278 294 297 319 427 444 450 459 481
16 35 44 54 118 162 174 185 251 289 298 347 400 450
5 32 46 88 95 142 187 248 263 294 368 389 427 447
144 145 194 200 206 250 330 341 343 445 446 459 486 489
14 59 65 116 188 193 214 215 256 258 310 312 346 486
0 147 155 180 209 241 252 264 269 275 353 367 422 477
3 15 73 113 115 150 152 179 185 293 364 409 414 485
4 16 81 138 160 172 176 216 251 272 305 361 396 468
4 17 30 79 94 115 122 140 185 195 255 303 399 409
19 54 75 100 115 154 209 245 282 449 474 489 491 497
40 45 139 151 169 197 249 261 263 375 379 412 417 479
23 44 65 77 87 131 254 266 301 306 376 379 396 469
26 47 51 64 67 97 102 143 194 256 332 337 456 496
13 35 56 78 133 174 176 183 218 360 366 408 428 462
7 34 58 194 203 206 240 244 338 393 435 439 473 485
32 113 126 134 144 145 194 322 334 350 375 389 421 447
20 28 46 85 105 120 146 184 201 242 297 362 476 481
6 16 49 100 102 121 193 207 230 251 254 288 360 375
46 58 59 110 137 157 172 182 232 295 348 401 445 472
37 113 147 193 242 260 264 308 312 335 347 380 424 442
17 86 160 285 304 356 367 387 413 418 430 448 464 466
41 109 168 170 182 216 229 257 261 360 370 420 424 448
45 65 68 143 153 218 294 345 350 374 382 426 489 498
35 76 90 135 145 147 160 197 247 290 330 399 459 494
14 53 108 112 152 156 190 253 279 283 361 407 462 469
66 96 105 165 201 205 227 251 257 278 362 378 390 456
3 4 6 63 87 102 107 142 251 329 385 423 426 429
51 96 102 125 135 180 225 233 238 301 307 435 439 448
19 32 54 68 87 132 154 183 199 282 297 306 440 473
37 95 164 192 201 222 240 246 248 300 371 407 412 435
2 22 180 193 198 276 287 333 358 405 440 472 475 496
65 123 136 202 244 295 330 332 342 369 394 404 433 494
2 22 25 112 131 210 216 318 330 333 344 355 364 463
62 90 99 145 160 166 170 171 208 253 347 366 388 417
27 30 82 88 106 134 182 264 281 305 322 373 441 499
16 35 59 121 151 214 217 237 284 333 340 425 432 450
99 105 131 165 201 224 250 253 290 308 332 374 457 485
64 136 148 181 262 301 302 305 354 363 372 373 407 468
74 136 157 162 164 191 203 210 212 265 339 388 407 422
84 100 130 172 188 203 280 284 296 306 353 408 466 468
3 59 80 169 180 192 204 234 263 276 307 423 446 478
24 63 105 149 151 154 156 193 246 266 314 344 447 454
7 54 68 109 112 163 191 192 289 336 376 399 413 456
90 134 175 209 218 234 262 267 287 295 327 342 346 393
5 38 84 116 177 256 312 341 373 374 410 459 460 495
2 8 48 62 86 118 141 240 247 267 275 348 408 428
5 9 97 140 147 156 240 289 299 304 331 343 406 438
43 61 103 106 135 159 173 195 242 275 293 457 493 499
30 54 81 120 127 208 223 291 414 459 461 467 474 499
49 116 141 151 155 176 203 212 233 241 250 313 356 387
20 30 104 108 141 145 217 256 283 397 407 438 460 480
0 87 147 178 188 249 276 337 346 371 455 471 476 487
9 55 63 72 123 152 168 182 233 335 360 427 451 466
1 8 13 107 141 144 151 165 173 245 290 338 373 424
22 34 60 61 65 84 94 150 191 198 202 293 356 363
62 117 121 123 135 202 208 217 218 222 296 413 463 468
22 69 108 130 199 246 280 285 319 365 405 424 456 485
3 30 175 202 218 235 266 285 320 349 405 472 483 487
31 47 76 186 259 384 387 407 418 438 468 476 484 491
23 51 64 157 220 242 243 346 349 381 386 423 440 451
16 41 139 174 198 245 269 271 306 357 358 389 438 453
5 23 58 102 155 181 211 235 260 311 387 420 453 464
22 135 140 143 146 184 264 267 304 401 416 420 459 474
45 52 55 79 89 110 135 278 281 323 343 373 450 459
5 152 181 244 267 302 314 323 327 336 381 416 436 463
22 33 36 51 70 238 240 244 285 321 329 342 368 401
32 55 57 94 158 173 209 261 310 331 334 364 375 499
31 94 110 122 150 215 250 296 307 309 333 344 417 465
78 99 124 149 170 179 227 286 332 366 409 459 476 478
2 85 161 169 181 189 236 274 304 345 350 391 481 490
15 72 135 172 174 223 227 232 235 257 318 328 347 368 413
103 110 149 156 183 200 211 245 280 417 430 445 460 471 487
10 86 162 170 318 335 350 358 383 412 415 455 465 476 487
67 80 173 187 189 209 279 303 310 389 393 400 422 426 496
14 40 93 140 176 251 258 308 337 417 424 448 449 450 470
29 46 68 150 154 195 221 264 327 328 345 351 363 370 386
27 98 108 152 174 223 271 318 320 397 399 416 430 469 478
87 104 132 149 173 178 187 219 304 336 379 384 396 438 493
33 51 57 93 217 236 270 319 349 354 367 374 414 439 478
3 65 85 159 176 226 228 359 363 378 380 401 451 460 487
1 21 37 60 90 147 159 236 298 346 361 372 399 440 493
42 117 126 151 165 197 198 204 290 413 428 467 472 475 493
12 26 100 138 142 188 201 294 312 320 367 385 422 440 457
24 25 28 35 41 102 117 123 361 374 390 391 413 488 499
9 44 81 152 156 184 198 207 235 260 370 423 454 472 477
16 26 107 163 188 229 231 244 291 307 309 323 338 398 431
9 78 80 112 114 141 146 191 303 372 389 440 449 469 496
33 114 126 159 204 214 288 297 309 314 349 372 398 413 473
24 37 43 49 90 142 195 246 248 260 267 273 280 285 445
11 31 56 63 135 141 167 198 217 273 307 354 367 448 483
55 74 122 128 133 159 169 186 202 217 315 321 338 361 455
11 13 101 107 192 208 282 363 406 437 444 462 476 483 484
19 115 157 201 217 258 270 284 298 307 356 403 416 466 478
38 67 78 126 134 148 243 244 252 262 280 281 316 440 491
32 79 100 118 133 265 287 315 335 347 370 383 417 418 474
25 55 138 182 186 221 267 283 297 307 328 331 362 376 393
59 104 145 146 151 193 224 238 302 352 388 436 448 492 494
16 71 100 125 130 162 167 172 174 292 298 308 318 376 490
3 25 33 82 90 137 178 256 311 358 360 385 417 424 445
16 54 77 170 178 282 285 310 400 403 429 440 456 466 476
34 38 133 186 212 233 269 270 327 335 339 371 381 386 453
19 105 106 108 145 180 205 357 402 426 436 460 478 486 495
70 72 85 114 172 187 294 303 319 328 410 413 432 466 499
35 123 155 178 214 238 245 298 309 332 340 354 355 365 452
5 14 49 52 84 130 133 139 141 152 159 176 241 326 473
19 38 153 154 160 177 191 226 249 262 340 392 442 450 454
17 131 137 140 178 197 199 216 348 360 367 379 388 474 494
52 57 78 91 133 158 188 193 205 355 368 389 405 452 459
12 25 34 39 158 184 207 245 281 295 341 364 373 383 390
25 29 55 98 188 197 201 231 242 379 435 437 439 441 480
49 64 98 122 228 243 277 296 312 344 414 415 472 490 492
21 43 156 203 294 311 316 355 363 375 395 418 465 482 497
92 127 163 166 170 231 236 242 251 263 412 418 426 435 475
120 124 162 171 205 227 250 252 255 263 276 304 332 390 489
10 13 22 35 65 99 273 283 301 306 308 317 389 392 493
18 21 49 87 122 204 252 341 342 357 394 407 466 467 499
79 96 100 113 120 148 166 261 265 314 326 408 435 471 474
38 48 72 104 117 127 133 158 161 256 428 430 450 479 486
4 105 128 136 169 254 257 258 271 285 336 367 381 410 433
17 87 106 107 126 135 142 221 263 269 277 297 343 367 381
26 59 75 81 87 178 187 231 253 313 342 417 421 451 463
31 38 110 139 179 194 200 262 364 371 385 406 417 475 476
87 122 155 163 168 210 259 267 282 305 353 385 468 469 488
37 51 104 128 133 141 172 302 338 384 386 432 445 468 497
76 87 100 137 161 166 171 172 192 260 277 299 346 351 465
1 11 116 122 133 148 156 246 272 306 397 407 411 431 443
45 49 51 62 65 71 79 80 83 162 360 367 439 442 499
58 61 70 122 140 157 164 196 271 283 293 331 349 352 396
3 6 8 20 40 155 208 253 354 370 384 385 398 439 460
1 35 45 76 79 84 171 351 382 411 421 432 460 471 474
8 108 130 212 216 271 317 324 334 349 392 417 421 426 489
101 108 126 186 191 257 258 272 274 330 333 387 413 456 470
7 57 98 117 124 157 188 191 197 241 295 384 393 438 490
13 21 83 96 129 160 186 193 221 232 318 345 368 390 487
2 7 14 21 82 83 106 125 133 143 153 268 274 360 405
30 74 96 102 123 125 220 232 258 273 300 312 328 343 377
61 71 134 157 193 241 242 268 304 364 373 374 390 463 473
28 41 45 58 131 132 160 255 264 382 407 416 419 429 473
47 79 123 194 228 235 281 286 298 354 399 416 469 474 490
52 167 169 222 247 297 300 320 336 360 469 470 474 487 494
70 84 115 119 137 189 212 213 241 242 256 336 339 418 438
65 74 83 140 154 224 244 250 255 313 314 345 351 359 465
12 40 58 70 149 263 274 278 282 305 314 327 404 428 431
20 42 61 81 92 188 227 243 309 318 323 392 454 461 475
46 122 132 145 164 181 198 248 272 277 358 362 412 477 489
18 42 43 44 86 102 148 161 170 200 305 401 418 427 485
61 63 94 130 141 166 170 184 203 260 313 388 396 457 474
38 42 111 165 171 173 228 274 281 351 355 419 424 432 448
4 37 48 69 128 195 253 322 401 409 449 452 455 477 488
26 41 44 162 190 193 217 226 259 300 344 421 471 481 482
166 227 276 301 302 311 313 319 344 406 435 454 465 467 489
68 99 104 137 149 157 222 228 242 245 302 337 370 377 393
7 11 24 34 74 118 133 166 167 309 386 401 403 442 461
32 108 117 122 244 261 279 309 402 418 428 438 448 476 487
29 96 109 155 157 168 208 221 248 266 275 332 380 411 452
122 137 160 167 192 196 213 224 275 305 308 336 367 460 488
15 41 46 62 98 169 171 203 313 322 391 436 438 460 474
9 15 30 45 47 103 123 125 130 321 324 364 376 455 471
3 26 53 62 66 68 75 78 87 163 281 296 399 423 476
8 17 41 52 59 79 80 94 168 190 206 264 363 407 482
34 107 168 202 234 242 267 277 281 313 362 418 442 449 475
71 99 101 180 213 239 247 261 301 312 315 328 345 355 397
27 60 112 155 210 221 229 232 239 246 302 342 370 397 499
9 33 40 49 54 60 84 112 130 253 276 314 330 360 417
8 108 129 156 184 218 300 329 335 354 423 452 469 477 491
8 18 178 184 238 250 275 302 344 352 358 360 391 392 472
42 52 56 77 144 169 187 202 252 284 286 358 412 441 494
57 180 245 255 292 300 302 305 308 321 382 394 415 464 483
28 44 57 91 167 264 265 284 296 378 424 436 442 448 472
26 150 155 166 217 219 308 336 341 349 352 368 395 440 497
30 60 123 150 163 250 277 315 363 375 376 410 414 447 475 478
52 56 58 62 69 79 91 154 179 185 217 274 281 379 385 413
13 34 57 58 114 162 234 273 301 305 338 347 349 380 430 440
42 63 89 129 153 159 171 207 279 308 315 321 345 419 459 477
11 12 42 53 56 89 121 215 304 307 317 423 444 448 461 470
5 28 39 52 61 76 90 105 119 124 171 227 415 432 488 491
37 43 84 102 105 182 187 209 243 248 255 280 312 346 349 486
24 25 61 69 72 91 156 165 185 322 349 371 408 463 466 470
35 46 83 96 123 131 170 174 197 211 290 350 365 372 436 442
38 107 143 147 171 205 285 326 388 397 433 443 458 465 479 493
65 99 103 131 171 250 268 294 338 453 462 465 466 479 486 497
21 31 114 120 148 150 212 244 260 281 364 365 386 440 443 466
21 52 106 166 250 262 282 293 297 300 341 375 399 405 411 450
4 7 17 44 122 144 147 198 286 295 308 321 323 349 366 474
38 51 98 116 119 135 145 151 192 195 205 284 316 349 372 464
47 104 123 138 141 148 167 189 199 216 244 264 308 371 374 458
24 28 41 110 119 160 176 195 270 284 305 316 334 357 449 454
17 23 26 56 57 73 103 134 136 175 270 303 314 319 421 450
7 119 127 140 150 261 282 286 288 321 342 344 391 407 414 476
30 35 49 75 111 140 164 244 360 372 425 427 429 433 440 461
15 60 75 85 167 193 204 259 291 367 379 392 404 431 433 477
19 64 119 188 254 282 291 328 334 340 412 442 446 453 464 475
40 87 113 137 153 154 211 231 282 326 367 396 441 451 494 496
2 7 46 53 169 173 205 213 224 237 259 261 390 397 454 498
0 15 32 33 84 85 118 147 206 296 319 327 330 368 379 416
95 103 108 120 158 169 174 198 240 248 283 423 435 449 473 475
12 47 48 49 123 131 170 213 261 265 295 354 376 377 431 487
31 55 86 146 148 167 178 189 255 293 372 416 429 450 456 473
16 19 71 151 169 215 233 235 248 254 383 389 408 420 430 438
47 52 55 59 142 199 207 231 277 359 367 402 437 473 474 495
1 21 44 59 84 118 126 132 160 214 250 254 284 372 387 444
12 32 37 54 61 80 86 92 201 214 278 294 351 357 399 447
17 43 90 93 108 171 206 250 293 306 335 346 353 367 444 473
20 46 89 108 111 162 230 236 273 301 406 416 428 442 465 467
55 99 121 136 151 153 173 181 202 268 276 321 374 378 445 472
2 59 70 104 120 159 162 168 188 204 206 213 215 242 285 370
5 29 42 43 198 219 252 268 273 313 327 331 350 361 442 487
20 35 63 117 139 142 146 153 236 269 295 314 323 438 454 455
2 134 145 156 186 205 217 224 315 351 361 386 391 447 467 490
7 12 19 71 77 88 116 127 134 139 197 211 213 234 396 409
58 72 97 135 164 183 185 189 215 233 237 303 316 324 407 483
24 41 67 176 185 193 209 215 221 257 301 307 329 413 422 458
8 15 101 115 122 143 150 176 179 187 203 277 295 358 385 394
65 96 141 228 244 286 320 333 337 341 350 359 389 395 413 481
8 19 134 203 212 216 238 260 271 334 358 364 409 442 472 495
36 52 90 137 162 167 177 189 223 257 302 352 365 373 389 471
13 16 55 113 120 275 308 362 372 387 409 423 427 435 453 455
87 93 211 216 261 264 331 345 351 381 384 434 459 465 478 496
0 75 150 160 170 199 262 265 276 284 322 384 388 473 476 493
25 26 120 185 197 214 264 298 312 316 338 344 402 442 461 483
1 2 54 65 92 115 190 259 292 312 324 346 380 412 417 422
41 65 84 152 184 196 197 213 237 276 292 329 372 381 393 422
14 43 109 129 208 253 258 260 302 305 306 362 400 423 434 494
38 56 59 120 183 194 242 249 274 306 379 388 402 410 456 484
24 55 57 130 156 161 188 200 272 282 361 392 422 448 452 494
53 86 98 141 163 173 176 177 211 236 276 358 386 420 431 496
5 16 27 35 37 80 95 189 198 254 321 395 397 425 476 496
4 60 61 111 162 235 277 314 331 381 404 413 438 445 477 483
71 84 133 187 211 246 282 284 324 328 345 373 388 389 454 471
109 125 261 287 304 355 365 366 385 392 398 402 403 417 438 449
81 111 176 185 238 293 294 314 323 350 367 383 396 464 494 497
27 70 131 143 151 155 191 314 319 325 331 340 341 365 396 458
1 20 29 78 115 126 179 206 328 336 349 360 390 419 453 497
14 25 46 126 158 179 186 196 229 317 363 371 375 383 464 477
6 44 93 160 253 258 271 272 299 302 345 373 378 440 465 477
22 69 137 179 279 282 295 314 327 385 428 466 474 479 485 486
48 67 184 185 225 249 264 280 340 349 379 410 414 423 435 443
47 56 98 157 175 177 178 228 280 290 292 315 385 419 420 475
97 125 207 214 221 256 328 337 366 379 386 402 437 445 452 471
44 73 74 90 108 110 130 157 190 245 258 264 330 333 341 394
37 44 53 94 104 177 183 231 253 271 275 357 367 417 453 492
47 49 56 122 130 160 175 214 242 280 302 409 430 451 454 473
41 55 68 108 125 144 160 214 220 245 263 265 271 341 365 395
19 106 113 208 263 280 282 284 289 302 326 380 392 408 420 439
12 43 47 77 91 151 162 178 199 297 299 326 361 414 417 472
9 27 32 71 109 135 229 303 310 330 372 398 406 436 474 477
11 22 63 94 121 125 133 171 185 193 196 213 228 267 346 457
2 12 23 61 120 136 148 151 212 253 284 329 339 447 475 487
87 107 108 116 214 245 266 268 315 327 346 363 380 448 484 493
43 60 83 87 89 125 146 166 206 295 315 337 403 429 432 460
63 84 95 119 160 178 180 209 281 355 356 360 396 397 406 407
8 25 69 82 173 184 196 258 267 277 308 328 348 376 391 436
2 16 57 66 105 200 225 254 285 287 333 368 419 436 457 479
62 66 113 147 192 219 234 298 314 324 344 383 438 458 477 495
6 10 37 52 75 206 218 224 239 342 354 403 407 408 471 482
14 24 27 62 93 109 144 151 181 248 284 289 315 353 374 435
41 112 130 133 188 203 216 221 250 255 287 291 295 410 414 469
26 38 45 50 164 219 309 316 346 410 413 419 421 458 460 463
4 106 116 142 154 169 196 257 316 386 390 407 420 425 483 491
66 90 122 123 180 196 216 224 310 318 329 342 363 414 421 447
58 64 100 109 150 179 251 263 297 309 348 350 382 403 431 432
4 84 120 131 186 295 310 311 318 333 337 383 403 431 481 491
104 143 184 200 211 270 285 287 353 359 370 389 453 455 468 488
0 12 84 114 116 136 157 253 272 278 351 356 436 445 479 496
35 46 71 162 164 167 168 198 257 271 313 363 401 402 407 408
27 45 76 140 214 235 238 272 284 297 369 440 446 465 467 492
35 57 95 103 104 122 147 204 205 251 314 316 324 423 442 461
1 38 66 68 127 144 146 223 226 239 333 400 428 466 469 497
12 20 27 60 61 72 77 140 324 340 348 378 470 482 487 490
139 164 176 188 194 228 232 289 317 359 382 405 408 430 449 460
28 75 77 84 86 99 127 208 224 235 281 354 362 407 415 448 494
4 5 28 66 142 157 174 179 209 216 285 337 352 383 405 464 494
43 46 54 78 97 125 146 152 177 236 239 275 292 315 433 473 474
88 101 125 133 189 207 226 231 235 269 309 335 362 376 391 418 490
17 98 115 154 180 218 252 268 290 305 382 411 418 440 442 470 488
73 78 92 99 100 129 154 190 224 229 231 247 275 322 397 412 418
35 70 112 134 157 175 267 293 299 323 332 354 365 385 390 441 491
51 52 72 85 106 182 240 255 311 313 357 360 376 411 474 481 483
26 33 35 76 116 126 140 159 172 185 229 274 300 312 365 395 437
28 30 105 120 128 177 182 193 258 298 331 344 367 376 386 488 490
4 29 35 92 110 158 194 228 241 248 275 280 339 363 372 389 468
48 71 111 126 179 216 221 222 230 243 282 309 326 336 368 404 446
14 21 42 44 62 123 156 183 262 293 305 359 422 447 466 470 499
27 31 53 56 111 168 220 223 232 250 286 307 348 353 399 431 484
19 67 115 228 232 272 301 304 317 330 361 386 393 454 458 482 497
0 8 9 32 59 111 119 147 169 201 267 293 306 337 377 469 476
44 76 81 133 198 212 232 242 262 284 300 315 409 454 469 487 499
27 53 110 111 186 268 271 281 306 310 319 347 349 414 468 492 497
50 61 95 148 207 231 235 242 273 276 295 304 343 357 459 470 497
4 21 101 122 136 221 239 240 252 263 273 298 303 315 356 371 378
13 71 99 109 225 229 266 286 325 336 414 429 462 477 484 495 499
9 45 78 105 111 125 190 196 203 269 304 326 340 399 459 492 493
28 71 79 87 201 209 218 235 237 238 246 247 325 354 392 400 415
0 25 43 63 75 141 145 187 192 230 254 315 379 463 487 492 495
28 49 69 77 85 93 113 126 203 214 281 296 447 449 455 481 487
3 16 43 50 52 174 189 192 226 235 267 310 360 399 451 467 476
28 36 65 77 87 213 258 263 301 312 316 324 360 399 433 435 454
84 85 88 126 127 134 140 145 149 183 323 328 346 356 400 417 473
15 16 38 58 64 71 80 91 97 204 246 332 334 371 382 384 492
25 35 38 146 180 214 257 280 336 341 379 398 408 416 453 472 476
12 35 54 56 58 63 74 89 167 179 225 241 248 253 290 294 389
48 61 82 93 110 154 177 179 190 196 222 229 241 264 267 318 393
36 60 103 110 125 222 271 300 311 318 353 366 383 428 458 487 495
13 15 82 90 147 154 176 185 191 195 206 231 267 290 333 377 484
19 62 119 128 129 143 157 163 186 285 342 377 399 404 412 465 469
33 41 51 64 114 128 136 183 232 238 258 330 359 372 397 467 472
27 32 49 57 76 80 87 132 151 209 255 264 312 318 381 435 462
55 61 68 103 130 168 170 191 208 253 303 309 371 410 413 462 472
21 31 84 133 143 215 217 230 239 266 377 395 435 441 465 472 485
29 63 95 214 290 325 388 394 404 418 425 439 451 458 469 488 493
6 10 31 39 68 86 105 143 211 223 231 296 349 409 431 468 469
19 28 78 114 152 207 211 317 320 344 366 371 384 394 405 445 472
9 27 102 122 127 223 266 291 293 295 304 328 346 396 440 474 496
9 80 138 162 170 242 355 374 383 385 389 393 424 435 448 485 498
75 105 138 198 212 226 234 280 283 364 369 375 401 429 431 443 494
51 58 99 107 197 251 269 283 296 297 302 336 346 359 381 418 470
30 91 92 100 165 243 249 299 303 327 375 397 400 418 440 474 477
29 57 62 65 109 116 134 140 183 202 265 281 286 293 302 317 352
40 51 64 114 129 180 251 287 301 319 326 335 360 379 386 406 435
54 70 71 160 179 183 222 226 228 263 318 352 373 386 401 468 487
35 92 108 115 127 146 180 182 203 272 320 326 347 363 407 429 436
15 57 118 133 197 199 238 280 286 295 338 402 412 423 437 441 497
10 15 39 52 74 121 122 170 186 230 265 268 302 307 359 391 427
20 30 91 128 134 222 238 270 300 303 323 335 337 368 401 448 457
59 90 98 151 157 158 159 198 209 221 236 272 287 369 408 441 495
77 121 145 204 212 222 227 250 265 280 282 307 333 367 394 411 468
1 97 137 174 177 204 254 261 291 292 311 338 423 427 429 453 480
21 56 73 114 120 239 242 278 312 331 373 401 414 433 443 446 469
18 26 39 64 81 125 164 171 184 233 293 299 318 409 423 487 489
15 106 108 111 241 242 245 256 273 284 286 351 368 395 440 474 490
1 30 232 269 279 288 308 314 317 322 323 345 350 358 383 411 414
14 72 145 157 183 187 219 226 235 237 262 286 297 362 419 470 485
41 56 69 101 105 173 188 200 204 288 309 316 419 437 441 447 478
42 60 75 124 128 148 170 172 191 226 267 372 447 460 466 469 476
17 27 42 53 64 74 99 106 111 132 205 244 277 294 304 305 477
20 35 63 85 199 205 243 269 280 335 344 385 401 457 466 483 485
78 105 111 175 220 245 270 321 343 359 385 390 410 426 439 461 491
12 54 60 98 99 182 262 272 304 318 327 360 390 396 455 457 479
49 83 96 108 112 115 116 142 164 258 278 324 349 358 400 406 478
6 23 57 91 152 153 154 201 221 245 291 380 393 396 412 484 486
40 78 112 151 169 178 218 239 310 378 393 431 454 457 463 465 475
6 20 36 81 123 133 167 178 180 213 256 285 335 373 416 424 489
6 7 19 139 140 155 160 164 175 289 297 331 392 397 401 425 431
92 133 154 157 243 248 269 304 353 371 372 387 415 425 429 445 468
5 28 69 71 73 124 133 138 145 172 176 213 221 240 258 362 468
13 51 73 101 105 106 141 159 167 169 342 371 418 421 458 461 499
19 23 25 37 43 84 113 202 211 216 234 238 350 371 411 414 443
61 82 91 126 137 169 238 263 267 274 283 294 322 459 462 473 479
50 64 116 122 126 177 183 276 321 331 336 337 386 389 456 464 496
60 62 91 142 149 157 176 238 257 260 262 300 307 389 395 409 427
6 105 121 136 165 217 246 327 330 331 371 402 407 413 457 472 483
29 62 77 83 168 178 227 256 272 276 295 345 354 359 373 395 462
18 19 24 67 73 180 181 208 233 236 254 291 338 424 438 439 492
2 21 34 42 58 69 115 120 169 201 206 381 383 389 398 414 468
116 180 192 233 251 266 283 300 302 313 330 344 348 354 488 496 499
119 129 148 196 207 236 237 248 252 259 315 318 339 399 408 460 473
40 55 68 81 123 183 199 211 233 238 252 311 327 368 383 453 484
51 70 73 82 88 130 148 153 156 197 239 258 312 390 426 430 458
32 36 113 199 216 232 242 250 252 254 284 296 320 325 356 392 494
2 43 191 197 214 216 223 320 357 369 370 420 422 452 453 469 474
17 21 41 42 62 127 219 257 267 278 318 412 414 445 470 495 499
51 120 122 126 131 132 145 162 202 219 223 235 239 323 410 429 450
48 56 57 144 198 257 277 278 292 294 307 325 326 331 376 451 498
3 72 134 153 177 195 203 205 208 245 274 330 331 342 356 394 395
52 60 75 93 123 145 149 162 197 220 240 259 314 383 393 398 454
54 66 74 111 199 261 279 297 355 396 400 402 414 415 428 488 498
13 36 62 70 94 100 108 134 154 166 196 197 298 437 447 465 487
33 54 55 73 81 83 124 133 215 337 363 404 446 448 451 469 492
10 15 21 35 38 61 92 200 255 300 303 304 365 370 431 432 434
5 105 119 130 131 162 211 232 234 261 272 274 284 296 301 378 379
41 77 83 100 107 150 152 160 195 201 209 236 267 350 367 405 431 433
24 28 144 151 154 183 192 207 254 274 302 318 351 412 443 473 475 486
48 62 70 83 131 147 150 161 163 193 228 259 275 322 327 357 409 499
34 64 74 82 115 177 194 214 277 298 315 328 334 381 434 451 473 492
14 39 46 65 72 133 168 172 184 196 251 281 287 339 390 398 468 481
7 67 110 115 116 128 145 264 265 287 293 300 353 358 359 453 477 492
30 46 59 76 144 152 173 194 204 236 267 313 352 366 375 378 402 455
12 60 76 111 119 144 190 191 221 294 296 300 346 422 435 462 480 499
8 59 62 92 134 172 174 185 208 286 300 334 358 370 371 458 462 478
87 138 170 174 179 181 186 187 222 257 320 372 408 425 457 460 479 495
31 97 111 150 191 363 365 377 389 412 413 418 426 440 474 485 497 498
16 57 127 133 140 141 156 159 170 218 228 234 245 333 428 440 465 466
25 42 112 140 156 214 231 281 326 337 364 375 407 418 485 490 492 493
5 47 57 108 123 140 182 186 214 280 295 310 340 362 439 440 489 493
17 37 63 87 113 126 177 209 244 254 296 388 448 454 461 471 485 499
38 68 90 135 143 165 178 239 336 349 358 430 432 434 437 448 467 497
27 90 101 105 119 124 155 168 238 240 244 267 309 358 408 455 462 485
116 142 161 207 227 264 265 268 278 296 347 380 395 397 404 430 443 496
55 60 205 227 255 258 259 266 284 318 332 382 386 402 438 474 488 491
10 85 101 147 174 187 217 218 252 253 277 290 297 342 371 390 479 499
4 20 25 29 79 90 140 148 230 288 332 333 339 399 433 439 445 462
35 61 64 118 212 221 261 289 354 357 381 404 414 431 434 435 458 495
55 114 119 135 175 192 226 235 245 259 344 361 363 409 443 455 484 487
16 26 68 175 193 206 244 256 259 264 275 279 282 323 332 370 393 431
15 59 97 117 147 180 209 250 272 290 360 379 392 395 417 423 448 493
13 76 86 91 120 131 146 164 184 234 284 286 301 348 363 413 421 471
10 69 90 135 150 159 185 186 230 242 262 265 266 292 348 381 464 467
20 30 31 36 63 108 113 133 156 259 312 327 341 350 383 413 471 491
10 48 62 75 125 139 180 203 206 253 289 308 315 329 338 367 390 418
13 92 137 138 151 156 167 170 181 183 217 274 289 300 370 373 425 483
28 34 39 45 117 149 160 199 201 219 241 251 297 357 412 452 462 465
2 3 5 42 49 78 126 209 221 230 232 280 304 314 427 456 485 496
2 18 48 61 80 84 160 169 192 219 299 347 360 377 380 389 447 470
19 47 73 106 112 198 210 221 228 247 290 297 310 322 400 426 475 495
10 103 111 124 125 128 150 174 198 212 220 242 246 260 308 392 439 477
20 73 80 149 170 174 188 256 258 262 265 314 350 354 367 393 411 413
23 29 60 62 69 75 81 174 179 182 185 223 250 288 362 438 447 476
28 31 34 67 104 106 130 195 197 213 228 297 304 330 389 392 445 473
4 17 73 79 102 104 131 138 150 160 166 192 199 213 235 297 326 440
24 47 55 78 110 141 237 242 269 273 300 342 408 423 431 438 448 494
66 74 90 103 143 176 205 209 210 235 245 371 410 411 429 479 481 483
20 30 31 63 98 146 163 181 236 238 270 274 282 328 349 355 385 466
51 167 183 194 247 272 273 275 335 339 371 372 396 411 423 467 476 496
5 77 114 170 176 209 236 258 329 342 347 367 398 419 442 457 463 476
98 105 113 119 129 138 145 223 255 262 272 292 327 370 384 428 458 486
12 42 47 53 66 116 191 200 217 219 293 295 314 358 400 454 482 486
22 78 95 106 117 142 149 214 220 241 301 340 402 424 434 449 452 462
1 29 32 56 66 87 126 143 212 252 296 388 390 393 433 444 447 486
4 21 37 55 63 140 161 220 225 243 245 256 292 343 456 462 480 486
48 61 97 106 145 198 222 269 303 308 309 371 389 407 441 470 474 483
18 32 56 80 81 82 161 204 220 226 272 308 349 377 421 432 450 481
55 79 147 163 170 186 241 261 337 362 392 397 420 427 432 435 441 458
7 30 38 79 131 137 153 228 250 282 373 378 403 424 445 446 467 487
29 33 53 97 102 103 116 202 244 245 259 270 281 371 396 421 432 441
36 51 85 86 100 105 118 135 209 221 240 265 292 312 337 341 355 432
6 17 23 104 112 145 147 165 189 203 254 305 310 319 320 329 443 463
37 95 135 161 185 198 216 235 245 252 255 275 287 338 366 377 433 486
56 106 143 201 204 230 269 281 315 318 320 328 336 369 377 378 404 476
9 25 39 70 107 143 154 183 191 239 313 314 316 360 384 432 458 494
43 64 73 114 125 144 163 198 211 250 279 288 393 402 403 458 485 498
18 22 36 80 81 138 158 162 165 187 219 312 318 336 414 451 455 469
78 104 116 146 159 167 171 185 193 223 239 243 258 267 333 347 467 491
90 187 210 219 242 291 299 338 385 404 407 417 421 430 435 487 496 497
35 39 40 94 119 134 143 159 181 236 253 311 315 389 408 443 454 477
15 19 46 70 133 170 172 190 196 212 269 294 334 363 367 380 400 488
7 29 62 70 88 103 148 168 179 197 249 272 300 312 373 415 471 472
16 26 46 47 52 73 178 195 225 229 258 292 343 373 415 424 425 499
26 47 49 51 106 159 161 178 188 235 249 253 270 281 283 369 388 452
10 84 133 175 219 224 226 257 259 281 282 390 410 450 461 474 479 496
36 69 80 98 162 166 217 218 222 233 234 248 250 254 294 320 378 424
12 15 19 24 79 149 177 193 223 234 286 309 379 387 409 427 431 437
12 58 135 163 179 181 184 200 205 227 289 306 330 339 357 358 361 422
23 43 70 107 156 179 194 255 370 388 393 426 428 440 444 465 496 499
4 12 50 62 181 214 260 265 300 341 354 363 367 385 404 407 410 469
7 32 33 41 78 82 124 139 192 203 250 303 330 347 372 380 396 399
27 53 95 124 128 149 258 307 325 335 351 354 402 406 412 446 451 488
37 49 142 167 186 187 240 271 275 292 308 309 327 393 433 444 459 486
6 42 69 79 80 108 151 157 237 263 278 280 303 328 341 349 392 408
4 5 14 59 105 109 156 169 172 266 275 286 294 357 367 398 425 487
74 96 151 182 192 195 197 206 213 258 286 312 340 356 357 406 407 457
15 55 91 111 118 135 138 152 179 195 219 251 260 321 369 388 393 427 430
4 9 49 69 127 137 138 187 193 205 211 219 256 313 418 437 452 460 468
60 71 93 95 144 195 197 204 224 272 337 344 365 373 416 422 456 466 484
43 115 137 176 184 201 238 250 253 259 277 294 299 334 359 380 400 410 479
4 21 42 98 111 114 129 235 244 274 286 309 312 331 340 441 445 459 463
14 27 212 275 277 290 314 315 318 354 356 375 390 402 418 419 448 460 469
2 61 105 161 163 188 193 204 243 244 260 294 305 352 375 386 403 447 483
0 20 73 85 116 139 163 179 183 193 218 262 268 295 312 328 333 368 444
50 60 71 74 109 120 133 144 150 167 226 289 365 381 404 436 454 466 492
3 4 7 19 77 78 79 82 85 103 129 142 150 177 208 235 349 423 466
8 9 33 52 90 98 108 121 133 146 155 188 223 234 268 314 364 377 414
70 78 94 143 155 175 206 209 229 231 234 238 249 283 284 332 395 432 483
2 4 11 30 87 88 94 143 145 221 232 275 278 306 312 349 404 422 437
7 14 96 104 107 114 192 194 226 273 289 296 321 326 344 405 406 467 484
1 56 74 84 87 91 96 107 157 158 164 199 276 282 291 309 358 446 479
13 20 41 110 145 212 299 305 335 364 402 413 424 432 439 441 458 462 479
15 65 105 141 183 231 246 261 291 320 346 392 399 425 428 438 473 486 491
15 22 25 75 90 116 180 205 270 275 293 298 376 411 424 429 445 452 483
36 123 154 160 167 187 203 207 210 211 223 256 352 381 397 420 439 467 490
15 77 143 187 195 199 215 237 251 260 264 300 334 349 369 392 405 413 484
41 53 75 87 106 115 125 127 129 130 184 263 306 358 360 382 397 470 490
1 29 33 40 46 57 66 158 186 244 288 301 311 338 369 409 456 493 495
69 97 102 111 116 120 158 214 241 253 279 306 327 360 361 384 404 479 481
76 89 160 170 183 188 206 221 266 268 324 334 361 375 377 425 435 448 463
76 82 133 151 155 156 161 167 170 172 204 245 269 289 430 432 435 436 442
25 41 47 80 87 88 99 159 231 269 274 304 321 381 407 416 472 479 499
1 6 15 66 101 154 213 234 241 246 287 312 327 348 427 437 473 476 495
10 28 39 59 60 169 201 228 275 285 340 381 386 388 406 426 455 479 488
13 29 34 108 111 113 126 167 254 283 297 348 388 400 430 441 451 467 474
39 50 51 56 109 162 173 182 217 225 238 287 319 356 357 407 465 470 494
15 62 86 87 118 120 126 166 225 226 249 281 307 351 381 415 453 476 487
4 17 71 81 115 133 142 145 161 249 255 268 389 415 453 457 467 479 487
19 36 152 172 181 189 206 293 367 374 378 385 389 406 414 451 453 462 477
32 42 132 169 200 207 208 211 282 335 343 369 399 401 402 411 421 452 471
1 7 25 38 43 57 159 165 202 216 219 249 286 306 336 338 353 393 395
14 45 53 63 130 136 148 243 252 281 342 347 430 431 461 464 478 484 495
30 68 93 153 180 186 253 257 266 278 282 302 311 363 420 453 468 490 498
29 70 99 144 155 181 200 216 219 228 268 270 340 369 382 386 435 453 488
3 15 62 70 88 111 186 203 267 271 310 313 330 343 461 469 480 493 496
78 84 126 158 199 216 229 259 261 267 315 319 339 398 410 429 440 475 498
2 27 139 147 150 165 185 191 221 256 274 279 281 296 358 374 476 479 494
41 51 54 76 115 121 193 200 205 221 259 273 313 334 343 357 418 436 447
2 15 22 44 55 88 93 101 116 140 184 237 260 274 370 414 431 436 482
48 55 57 86 106 112 119 126 135 181 194 214 224 225 297 323 329 458 478
3 22 32 49 69 93 110 171 175 196 229 271 334 402 436 438 469 471 477
21 58 67 110 132 141 143 207 226 262 287 370 379 403 406 431 446 453 477
21 36 50 82 103 135 140 144 146 209 226 235 238 423 443 449 468 491 498
6 37 41 90 110 119 122 126 139 142 238 284 322 324 351 395 399 435 485
36 69 72 93 101 143 172 203 217 268 273 293 307 309 310 327 344 416 493
65 73 83 102 121 126 144 223 251 269 276 302 318 337 379 421 457 462 479
33 48 164 176 184 197 212 219 234 237 292 322 335 346 375 380 408 444 476
26 46 54 71 112 130 152 173 174 175 187 218 262 309 352 364 385 441 494
22 43 45 61 92 119 159 189 253 257 311 344 365 375 390 418 422 454 498
18 41 48 88 95 161 266 277 297 307 318 319 328 373 399 413 428 439 487
75 103 114 160 202 269 282 294 296 316 329 345 355 393 396 399 408 451 459
59 67 81 99 112 148 188 192 244 254 266 285 305 315 337 345 389 448 467
26 32 61 93 124 126 152 226 228 233 260 279 286 323 332 362 373 416 460
16 63 73 95 143 177 215 231 301 302 319 340 366 405 413 451 479 485 488
4 58 67 76 99 146 185 192 204 215 228 241 254 292 311 418 426 467 477
22 35 52 61 63 137 156 177 183 201 218 222 248 321 350 427 430 474 475
54 74 79 114 118 131 137 174 176 186 200 202 252 262 301 327 368 401 464
5 72 158 162 165 175 179 181 193 212 213 256 282 295 321 442 445 466 480
12 22 23 37 52 69 208 227 250 252 261 262 370 382 419 427 430 457 494
30 49 89 118 151 167 200 201 205 270 298 337 402 414 425 427 434 451 459
25 70 71 90 100 167 184 197 260 307 312 367 389 392 409 415 423 450 471
9 18 70 88 91 127 168 206 259 260 265 268 272 321 390 398 438 439 492
28 49 58 61 119 208 229 236 239 281 296 313 323 351 352 407 420 430 467
17 21 36 47 65 107 114 222 261 270 275 282 302 321 366 403 437 476 491
16 37 52 58 98 114 116 145 167 186 244 324 332 339 359 417 424 437 478
5 25 61 70 72 89 112 121 137 164 306 334 344 360 366 392 431 493 494
22 25 27 30 94 139 172 177 205 217 266 285 294 295 312 335 337 428 496
66 83 97 108 110 115 144 182 209 315 316 336 377 401 436 457 468 487 492
5 25 98 106 127 128 161 167 171 218 233 241 259 265 287 325 366 387 454
21 28 43 72 88 120 123 238 244 259 296 312 326 363 364 380 383 454 466
20 47 120 234 236 253 256 272 278 286 297 314 352 379 467 478 482 496 497
46 59 96 189 194 196 219 237 242 272 275 304 369 413 414 455 471 478 496
23 52 100 115 122 166 246 249 309 315 355 369 390 395 422 444 449 472 492
43 46 51 58 59 91 172 227 270 329 330 338 356 411 438 439 455 481 493
22 121 129 190 204 215 267 300 302 304 311 409 431 440 460 475 483 484 493
6 23 24 42 47 74 98 165 205 215 228 255 271 300 322 361 450 461 497
33 37 47 55 59 76 104 125 163 256 280 289 327 361 369 394 407 413 426 440
0 3 13 38 43 75 83 134 195 203 208 218 313 328 393 420 453 476 479 491
10 17 19 39 50 76 124 140 177 228 236 237 271 288 328 405 423 439 470 473
5 33 56 71 82 83 84 119 130 140 144 161 298 313 332 355 360 371 422 462
34 40 43 54 132 136 139 145 247 248 262 263 309 317 344 362 374 406 415 422
96 123 139 152 182 184 193 198 208 275 309 316 359 362 373 379 388 395 401 452
30 37 69 98 191 222 237 242 265 272 281 293 320 372 421 429 434 446 463 488
45 63 78 85 144 157 160 206 207 209 210 220 257 276 315 323 366 395 413 471
12 181 188 205 212 213 229 257 267 270 278 320 357 400 429 433 437 442 453 477
50 115 143 153 175 178 190 198 311 329 349 359 367 423 429 444 455 461 476 479
47 71 97 105 205 211 265 301 360 382 384 390 407 415 430 448 452 454 469 473
26 90 148 154 155 168 211 280 319 322 329 340 347 351 358 363 424 468 482 483
26 60 69 110 130 142 148 197 198 225 237 267 364 388 422 437 453 457 464 498
11 21 69 92 125 140 147 258 277 288 330 378 396 406 413 422 425 451 460 489
33 37 83 90 130 146 156 159 178 226 255 282 306 322 351 372 395 431 467 492
9 11 21 24 29 45 47 90 102 138 179 191 216 268 293 348 355 384 394 456
40 82 107 118 145 161 183 191 197 213 231 267 286 319 334 357 366 371 433 456
48 57 80 108 130 133 157 164 178 227 331 344 349 425 431 443 450 470 473 475
38 76 85 95 108 123 133 238 248 251 273 303 313 314 315 332 424 466 470 491
48 63 67 87 96 129 132 165 177 195 288 306 340 373 377 383 428 448 478 493
12 14 54 60 70 131 136 150 184 188 222 233 279 341 345 413 429 430 456 486
28 44 72 105 109 127 133 135 163 215 244 285 317 347 383 387 409 454 485 489
52 125 127 198 213 236 252 262 291 312 314 322 342 346 393 441 458 459 460 493
4 28 30 31 39 73 98 101 102 115 180 184 204 220 247 322 323 337 352 485
19 25 45 47 68 69 74 88 113 147 149 179 258 267 269 272 297 368 474 476
6 12 19 61 85 200 203 241 270 318 323 327 409 417 445 447 462 465 472 497
13 14 37 40 56 73 131 139 144 168 169 170 248 313 361 402 416 425 448 491
33 113 122 145 172 198 236 264 315 317 318 363 381 394 405 416 422 464 474 482
16 42 51 66 131 156 177 179 209 229 241 324 375 376 381 385 440 442 466 493
100 133 175 187 202 214 237 242 250 257 281 343 358 381 395 396 397 420 464 499
22 28 136 140 172 177 181 189 231 251 278 307 340 366 367 451 462 481 484 488
1 6 39 40 45 96 104 188 204 272 364 402 410 421 429 432 435 444 461 474
12 59 93 130 153 197 215 216 273 284 368 373 395 398 404 419 426 457 482 487
6 43 69 84 97 130 149 227 241 348 352 399 411 423 427 435 462 470 487 488
7 15 119 128 132 148 164 168 177 196 220 340 345 375 424 438 450 461 474 486
39 52 58 104 110 123 127 151 153 197 205 243 305 309 311 354 370 385 439 481
2 11 19 105 113 149 155 165 259 265 272 275 277 294 299 309 327 334 425 479
18 29 40 42 155 168 172 197 212 230 234 263 267 289 348 367 378 416 488 490
4 20 23 66 115 134 161 168 179 201 213 229 243 253 292 306 370 409 451 463
13 67 72 122 130 146 157 185 193 225 267 271 282 314 384 385 395 398 415 458
13 116 138 161 178 185 190 209 232 268 323 361 385 405 407 432 453 468 476 485
6 55 96 140 158 186 213 214 226 241 272 340 377 384 424 427 428 438 440 467
4 43 74 106 108 112 116 120 133 188 198 256 261 263 272 327 352 382 438 497
10 14 28 57 105 106 119 128 199 224 228 236 273 328 331 363 398 404 468 491
2 49 52 57 60 73 94 99 137 183 214 216 248 270 272 291 307 326 464 471
56 86 98 107 129 139 166 171 173 180 247 270 275 283 302 329 358 363 413 473
3 6 25 88 98 104 122 131 144 173 213 221 299 312 321 328 332 442 470 493
1 6 42 81 83 102 103 223 247 303 337 347 365 367 417 439 447 457 459 485
6 85 113 122 138 157 171 211 247 263 269 275 282 285 331 341 352 444 462 473
7 17 41 69 73 94 96 106 107 125 137 168 198 254 278 284 291 407 433 445
5 21 101 139 167 171 189 213 218 242 253 271 276 296 321 366 411 424 430 457
14 27 72 114 179 190 204 211 264 301 322 352 361 387 410 418 464 484 494 496
20 44 71 109 128 154 202 208 222 233 234 261 289 315 327 369 386 387 419 472
49 94 112 125 155 159 189 204 250 266 289 310 319 326 358 369 370 396 408 422
4 32 40 50 77 80 168 173 211 222 236 237 241 285 309 313 325 436 455 474
21 42 45 97 177 184 196 203 228 229 286 296 318 342 358 391 397 413 440 448
36 107 150 155 197 202 215 221 227 255 262 287 340 367 428 441 450 456 458 471
23 51 58 61 79 90 104 137 140 143 175 205 210 238 258 349 400 427 462 480
18 39 41 72 133 144 172 188 211 215 284 323 337 372 401 413 435 441 461 497
9 43 57 60 78 86 90 208 216 237 258 311 354 367 379 413 435 439 448 482
5 11 62 63 84 97 113 124 131 139 154 219 259 276 279 296 367 378 398 464
20 24 34 51 59 70 110 120 162 270 282 342 348 350 359 378 390 457 475 481
6 11 41 42 55 144 166 183 198 209 230 253 261 274 296 307 310 312 368 454
20 37 47 61 88 98 147 151 182 200 239 263 307 313 344 368 378 385 418 458
26 49 105 114 125 181 196 223 224 233 292 317 361 385 388 414 438 454 486 494
22 48 64 75 83 93 129 168 173 261 289 347 351 357 396 426 427 439 471 476
1 15 26 62 182 185 186 190 206 213 220 257 298 307 397 404 420 429 482 493
4 43 71 106 118 123 190 211 216 222 277 280 304 313 314 379 423 453 458 468
32 61 95 100 101 104 108 145 146 169 174 178 226 298 337 366 370 384 392 419
11 18 23 26 89 105 110 124 135 148 150 169 171 211 241 250 307 349 406 471
15 43 60 63 98 142 183 215 236 244 249 283 324 335 384 389 398 411 437 442
3 5 11 29 52 57 71 88 105 115 161 276 303 355 368 404 435 467 479 490
0 76 78 133 151 242 267 342 354 359 361 366 381 406 408 439 442 445 469 495
0 6 51 73 115 135 150 160 167 171 175 189 213 254 268 291 347 353 424 425
13 38 49 57 59 72 88 91 132 145 153 184 242 317 319 400 446 454 459 467
28 86 92 118 122 124 136 158 265 277 281 352 357 373 383 389 399 424 425 456
3 8 67 84 95 164 165 168 204 222 228 248 260 274 302 343 381 388 403 458
33 42 78 104 140 150 165 186 216 242 313 319 347 360 385 407 411 428 485 488
11 39 53 57 125 173 207 213 226 238 250 267 286 317 329 338 345 399 400 425
4 88 91 96 115 121 128 142 163 169 187 217 232 239 250 351 406 414 427 460
