210 213
355 386
400 446
213 284
305 331
150 165
395 397
3 48
30 82
325 336
318 328
126 181
309 330
422 478
314 398
169 198
320 365
213 293
238 249
201 253
38 98
406 464
402 427
38 80
471 474
203 246
219 257
17 59
60 90
34 68
242 289
19 85
443 481
438 493
340 375
106 176
125 136
305 377
218 248
420 469
417 465
227 263
19 55
231 265
12 16
441 463
308 325
419 472
144 154
29 53
436 468
349 371
174 182
242 297
244 272
137 163
443 478
354 395
51 92
95 98
212 215
143 188
109 176
251 294
31 81
208 256
187 192
322 359
12 77
430 451
12 66
224 233
418 468
236 269
230 231
437 482
281 287
125 190
129 174
417 476
206 236
454 485
102 136
435 480
133 148
251 280
105 173
312 319
443 471
125 143
271 283
166 172
38 82
4 9
352 365
136 191
137 153
444 483
332 365
201 237
419 493
113 186
251 261
208 286
421 455
336 379
205 285
203 262
337 360
203 298
410 466
154 173
2 36
306 317
413 421
12 26
190 193
305 332
21 79
359 367
61 68
165 197
320 339
39 81
338 366
142 145
12 75
239 277
227 299
247 249
448 465
110 192
10 64
447 454
102 123
26 60
1 35
485 494
371 376
407 461
76 86
304 363
119 127
250 255
20 54
52 65
241 267
333 392
165 195
45 70
209 295
149 176
140 195
140 160
429 441
352 364
343 365
253 297
301 307
132 193
241 282
112 194
48 97
217 299
213 267
338 368
133 187
115 158
310 385
344 394
207 222
333 356
20 29
48 79
158 186
440 489
412 453
108 122
418 477
130 179
441 471
300 310
26 52
103 136
405 461
14 55
188 191
310 369
241 273
386 389
13 75
321 387
335 389
105 117
39 51
363 388
223 289
216 277
37 75
400 463
20 64
291 292
245 296
104 187
122 179
302 346
132 179
161 193
174 175
234 287
452 475
105 188
200 248
56 62
249 259
101 159
132 183
257 264
45 84
53 92
21 77
179 181
328 398
448 469
82 92
140 192
428 497
447 473
246 259
282 286
462 468
455 474
323 334
120 131
117 123
490 496
282 296
413 450
206 287
29 34
100 174
249 264
306 391
206 269
283 296
309 363
208 261
379 386
417 476
143 187
263 286
309 370
450 474
319 346
420 496
147 199
444 499
109 151
417 420
284 299
4 68
135 173
6 43
114 157
341 387
144 187
216 248
312 325
350 364
255 268
160 168
408 424
128 170
220 262
477 499
31 34
349 386
362 387
411 483
411 424
83 99
76 80
252 260
318 321
319 346
24 61
327 389
283 296
443 449
416 474
42 58
330 339
211 292
465 476
418 430
427 434
174 184
345 356
144 179
327 348
44 64 375
60 90 99
124 141 219
209 421 470
344 409 429
25 42 471
392 406 492
122 194 268
83 92 270
107 112 403
253 427 492
125 126 419
4 6 296
307 361 484
2 26 231
46 60 78
230 239 455
81 369 372
428 442 447
60 435 451
109 140 196
36 70 296
256 429 473
245 278 333
163 229 250
190 307 352
52 55 161
60 80 353
15 73 236
40 353 392
29 88 93
53 483 491
5 113 118
326 330 395
151 401 448
55 77 357
154 185 204
167 388 396
170 374 395
276 426 432
130 230 259
117 155 215
214 278 300
255 267 475
233 415 419
232 283 439
123 135 330
73 81 222
34 94 126
303 325 395
1 8 165
54 97 454
126 156 478
274 326 340
101 212 296
303 345 347
304 426 427
217 225 229
235 243 269
170 301 360
283 442 467
340 344 357
143 169 470
277 400 422
210 417 447
263 297 406
124 166 168
36 42 56
19 89 175
44 61 417
405 443 467
339 343 358
237 445 479
48 306 326
12 312 395
244 428 494
97 409 471
22 302 366
311 395 451
224 261 262
38 62 368
270 443 472
2 8 370
12 229 233
103 139 491
9 224 299
8 465 497
305 309 357
160 179 477
10 344 367
201 297 489
446 463 467
184 335 370
78 91 391
166 411 481
275 283 473
98 203 299
348 435 450
9 33 284
234 424 454
319 395 489
129 434 491
21 83 146
333 395 456
164 190 442
241 257 273
235 328 383
157 165 238
100 194 311
104 194 282
140 307 347
55 130 172
37 321 346
214 223 485
48 95 295
181 307 358
179 309 328
101 146 238
58 108 123
40 68 385
14 99 423
106 120 191
91 346 375
50 402 427
222 286 348
102 119 478
42 260 279
32 46 169
27 74 125
274 288 291
254 309 375
160 351 386
116 170 266
308 373 418
203 234 253
163 326 392
89 435 437
8 93 303
152 186 392
152 190 459
107 141 143
39 110 128
74 83 366
175 332 354
150 151 200
30 422 494
308 367 380
170 327 330
321 345 383
266 313 333
7 232 251
57 60 268
209 327 338
119 143 164
340 379 387
2 25 488
4 65 381
9 49 478
201 210 227
178 308 366
145 152 216
411 427 466
341 351 367
198 328 348
252 267 289
114 139 179
108 136 452
260 269 314
80 476 490
293 445 471
148 424 455
147 433 469
429 431 439
2 46 323
485 494 499
56 302 338
83 339 396
226 272 330
30 87 317
176 431 478
53 68 88
390 396 428
183 186 358
390 445 493
249 315 342
55 435 460
8 71 101
120 459 471
376 406 447
80 321 394
169 174 348
36 78 172
22 165 185
317 322 394
118 137 185
36 407 446
120 307 320
226 362 394
225 254 297
125 135 256
43 57 437
342 366 487
115 200 279
11 214 270
10 39 92
209 258 301
261 348 364
23 262 275
257 275 451
130 144 350
342 414 420
120 190 195
297 410 489
232 316 387
425 427 460
48 392 396
40 137 156
22 86 97
116 307 379
28 41 479
265 308 375
278 366 379
104 127 187
138 142 280
206 215 232
330 377 396
237 328 382
24 41 309
250 280 438
212 488 499
325 407 492
5 224 258
65 459 493
270 402 447
138 209 238
341 400 495
14 46 186
187 321 365
137 148 197
27 51 384
143 441 482
185 216 289
80 87 130
104 113 429
149 356 382
409 419 460
67 89 117
70 79 291
211 229 259
218 315 384
39 41 476
270 294 422
442 448 463
107 131 139
61 171 185
19 100 179
106 119 264
30 306 341
41 142 143
251 339 368
406 428 442
183 348 357
180 182 200
73 133 177
20 67 201
357 360 367
12 97 416
56 224 261
337 340 371
256 289 441
311 404 446
24 318 362
109 193 484
253 264 274
74 331 372
0 13 186
7 412 451
60 82 95
104 114 254
387 446 458
301 403 424
33 422 481
104 184 281
8 71 84
113 117 181
209 257 282
258 287 319
39 318 391
188 461 481
38 65 103
4 42 56
131 158 181
279 315 369
41 78 327
14 100 103
158 488 492
94 247 255
211 408 431
1 57 65
35 40 324
104 146 422 449
32 41 51 194
163 205 219 420
51 78 199 409
226 286 371 412
160 330 428 487
52 70 447 470
177 273 294 461
129 189 220 335
67 321 358 444
28 199 219 278
220 235 260 354
83 92 191 475
31 358 363 386
38 103 404 409
4 41 121 481
99 189 305 308
95 143 146 400
138 330 376 415
220 274 328 437
50 72 75 326
31 435 452 465
209 299 346 414
199 218 266 430
106 124 137 145
61 119 150 187
75 275 413 437
37 107 194 231
14 276 426 462
40 121 169 368
62 194 230 260
11 53 170 236
365 413 441 498
205 326 412 457
324 420 438 489
108 132 436 496
32 333 345 381
7 25 406 433
198 235 245 342
156 189 330 358
107 199 221 266
53 229 303 304
80 300 395 398
235 245 304 392
255 257 276 448
15 46 198 273
3 63 87 214
6 125 323 357
109 127 255 443
268 303 326 388
114 145 262 432
153 182 272 415
208 215 278 398
260 389 415 459
60 69 414 454
35 339 382 465
2 214 228 251
129 187 191 451
33 48 290 398
17 102 305 330
124 205 234 297
99 161 257 259
10 56 76 432
11 71 286 289
122 185 403 432
96 181 496 497
269 272 405 409
34 44 252 292
137 314 382 470
231 238 262 310
10 110 401 460
221 228 244 261
64 96 271 291
241 425 457 490
127 149 205 264
62 88 181 208
204 218 275 397
69 93 96 330
34 325 348 357
138 413 459 496
91 144 328 363
253 306 447 470
242 296 358 497
3 94 160 466
101 130 192 338
4 30 35 465
297 327 397 398
19 21 279 430
206 311 323 457
43 225 298 479
253 328 359 436
2 139 172 444
22 65 148 150
115 195 222 295
0 62 334 366
64 91 106 246
15 413 437 463
85 200 301 328
162 357 409 469
20 315 423 460
88 139 169 468
13 35 418 487
10 278 457 486
172 359 369 478
34 73 476 492
73 91 261 326
107 152 326 335
67 309 330 394
124 184 441 476
54 137 222 235
59 77 268 409
144 213 465 499
146 170 250 318
45 83 84 391
42 78 98 333
303 304 364 414
241 289 296 495
95 286 409 429
31 84 286 491
187 252 289 290
9 57 88 492
54 124 331 354
181 440 443 498
86 122 413 435
4 197 449 490
132 187 469 473
46 170 489 498
115 118 137 457
264 287 465 490
269 297 439 493
148 230 326 371
33 98 238 469
82 214 277 371
195 237 250 299
38 53 232 263
214 272 373 440
87 326 383 462
136 185 200 472
84 118 429 491
260 300 390 392
32 45 52 158
1 37 47 54
159 230 271 358
5 10 33 368
120 252 273 297
23 30 97 489
16 64 343 368
128 169 334 349
264 308 338 435
2 219 244 262
207 219 233 458
46 349 401 467
0 298 323 333
100 360 397 408
43 287 368 372
125 344 422 462
2 45 102 497
39 256 327 360
378 384 477 496
43 94 232 383
7 68 156 224
276 288 377 488
23 37 157 173
25 53 88 367
19 41 271 386
5 20 75 482
0 172 314 396
206 209 297 397
248 455 460 481
113 138 211 309
234 239 299 447
49 456 464 497
135 157 171 347
286 345 393 400
85 110 164 265
74 120 172 188
111 291 309 333
360 383 393 496
214 387 390 484
136 183 208 295
8 224 235 425
171 231 276 476
173 184 448 487
119 158 225 361
3 21 97 392
25 326 333 373
159 168 177 194
63 104 114 117
215 282 368 493
352 390 421 433
119 259 401 451
3 27 414 416
78 114 234 273
50 62 103 270
17 95 224 268
15 66 180 421
89 334 352 414
2 244 297 396
234 249 280 347
12 428 494 495
114 134 188 220 378
19 54 227 269 441
60 73 82 340 361
164 264 307 402 437
37 55 241 377 420
21 102 122 144 476
31 100 365 377 456
18 39 177 254 270
11 252 285 324 397
0 78 89 304 393
127 151 269 336 472
92 230 241 303 348
41 95 320 372 429
270 320 415 427 454
112 208 418 422 451
41 345 358 425 453
37 84 213 217 254
65 119 172 218 300
20 84 250 261 471
209 327 372 392 489
118 248 260 327 483
233 239 257 381 495
238 261 440 459 491
21 27 71 73 229
108 122 177 285 354
53 59 259 274 351
187 366 371 426 463
184 311 342 352 477
11 51 55 233 358
45 114 118 129 192
94 202 258 320 400
87 132 138 192 295
106 126 283 355 454
217 244 355 372 385
80 133 291 366 375
65 176 216 273 313
198 265 278 294 318
208 256 271 285 314
25 37 64 417 423
122 246 247 305 425
92 99 239 285 315
9 217 262 307 316
138 225 267 272 419
49 124 132 172 468
11 22 275 435 445
89 108 198 296 441
47 113 122 128 319
199 375 376 403 407
7 31 42 86 351
43 84 222 327 377
29 214 237 277 369
62 131 429 443 453
120 224 241 306 322
100 125 167 222 287
122 145 252 264 408
36 42 59 212 448
126 183 186 248 313
29 307 345 421 444
74 84 302 401 425
66 89 234 263 494
53 70 328 398 435
114 313 334 464 483
27 240 257 304 443
272 309 359 392 415
18 64 82 202 265
213 245 343 404 441
40 69 81 129 352
20 74 146 217 223
38 65 324 327 366
119 166 211 343 395
36 91 189 313 358
28 60 68 250 295
94 145 147 190 401
77 224 225 250 469
215 219 352 377 386
36 51 276 445 468
94 198 268 314 379
63 307 351 428 491
85 127 204 298 445
46 54 72 343 416
58 158 170 394 415
10 66 169 172 397
81 220 223 290 437
131 169 393 398 421
57 135 246 428 467
34 114 143 275 457
7 118 121 212 240
10 87 115 253 316
7 122 149 215 340
109 275 370 451 456
124 231 242 358 369
300 334 376 395 496
240 314 414 485 496
115 158 191 193 294
202 223 272 288 290
208 250 281 292 409
208 231 251 257 278
105 170 225 278 377
410 424 447 449 475
49 73 265 328 388
153 223 310 352 497
106 138 269 281 406
165 312 348 374 409
21 105 311 315 332
64 78 174 326 439
35 110 262 316 338
5 154 226 409 454
74 191 220 311 390
115 211 400 456 471
261 311 365 387 437
255 266 270 362 416
141 165 331 343 362
19 26 51 108 477
15 120 313 406 408
191 269 326 376 435
8 15 76 200 207
11 63 77 97 491
10 84 204 324 342
41 42 50 204 467
4 32 83 333 467
93 179 415 430 442
85 90 99 125 308
119 147 298 413 447
166 210 228 387 423
122 139 249 299 477
120 240 266 301 441
109 301 384 396 493
195 271 413 449 475
137 199 390 426 443
66 73 88 147 328
116 156 200 280 441
39 185 191 236 322
15 189 320 443 460
19 138 403 433 435
67 122 126 142 305
157 174 236 444 487
203 308 367 387 453
41 164 230 241 243
93 303 412 434 454
209 210 211 262 265
1 38 354 364 479
167 213 238 283 445
23 188 434 455 493
170 211 315 338 444
15 61 62 264 334
17 86 98 345 407
316 347 351 359 381
224 238 262 308 477
338 355 356 379 403
94 109 305 324 367
200 216 247 289 376
190 276 341 343 493
173 267 349 402 431
87 189 203 418 459
211 225 298 319 410
108 215 274 449 495
159 229 259 460 472
348 360 362 413 449
79 139 160 284 353
46 166 234 317 387
72 119 145 199 380
134 165 275 277 291
103 387 420 440 458
179 256 276 493 496
283 309 408 413 449
15 66 98 436 473
182 207 225 326 332
60 215 248 258 272
27 76 359 458 489
6 8 25 84 491
63 203 221 311 356
29 44 117 405 493
100 224 317 456 473
13 76 138 216 228
193 201 305 403 472
61 72 79 82 288
157 160 347 367 376
251 262 308 356 465
83 242 302 318 357
29 49 144 263 264
76 114 162 189 448
45 147 186 190 483
31 48 234 451 458
34 51 68 180 452
21 79 435 437 448
44 99 115 294 493
37 153 200 207 468
106 168 268 446 478
19 257 262 331 469
33 101 263 311 355
121 201 205 273 300
127 169 170 253 266
159 201 202 226 332
46 89 271 312 485
270 286 369 390 490
15 144 188 386 388
76 312 323 453 493
11 13 22 23 76
40 109 160 195 417
38 63 88 156 186
115 239 310 374 381 388
44 50 83 305 477 480
103 122 202 413 414 429
167 168 182 279 298 489
64 219 246 398 442 449
19 85 220 273 368 472
27 108 152 157 225 437
23 98 124 195 306 370
30 58 316 326 382 494
151 201 221 226 233 298
181 184 359 419 427 497
156 168 184 186 377 493
279 363 401 425 437 498
72 344 351 387 445 484
24 91 96 205 218 429
64 103 126 179 371 380
19 45 199 210 251 369
22 49 84 163 438 472
79 115 129 136 188 426
48 265 389 393 408 427
6 146 219 250 273 297
127 131 134 259 435 497
35 263 316 318 375 430
24 160 223 374 389 396
42 106 119 326 366 371
71 79 141 271 349 442
21 41 230 235 242 488
18 47 56 248 305 481
287 292 372 395 396 455
108 124 217 338 357 373
29 82 85 162 375 455
121 136 150 250 394 478
8 232 262 343 356 386
1 56 290 299 388 414
145 298 331 387 391 443
253 302 333 369 374 396
57 93 112 264 271 484
21 62 215 246 268 345
272 329 333 373 388 405
11 51 194 291 367 373
26 114 207 237 394 399
14 82 189 317 336 341
46 129 186 437 446 451
52 240 261 438 449 460
35 144 234 264 291 422
31 122 202 209 269 360
14 145 200 225 241 255
153 159 228 229 257 355
18 51 310 378 432 473
71 114 149 205 290 305
16 21 45 146 200 439
11 74 87 99 419 438
96 160 181 190 361 421
161 218 295 318 354 390
233 254 277 295 297 404
20 48 229 248 264 402
97 99 206 309 402 439
76 83 189 190 383 404
286 312 316 336 369 440
29 56 66 119 142 443
34 44 132 185 201 422
106 202 300 331 416 427
11 116 275 365 421 444
55 186 243 266 417 422
169 257 314 410 437 443
101 138 290 348 368 424
19 80 116 416 440 467
126 144 354 426 436 450
0 144 176 247 251 281
42 76 142 291 470 498
140 149 296 303 319 327
35 153 278 353 360 377
1 28 51 305 379 383
141 336 359 387 433 494
32 104 156 166 239 385
141 160 262 318 404 408
43 69 207 306 311 390
61 90 254 315 317 366
11 56 64 158 159 494
208 307 320 399 425 469
15 42 65 98 144 235
128 354 364 371 435 468
0 17 22 46 356 467
62 140 302 439 480 494
7 14 18 181 313 359
117 125 128 146 215 223
102 143 157 264 312 470
106 175 183 389 417 482
12 105 135 162 419 477
82 112 300 361 369 370
33 96 196 240 271 298
18 83 96 410 445 497
9 21 25 81 209 222
2 54 75 99 185 187
11 42 128 335 473 483
15 126 262 291 297 347
146 255 400 460 478 493
27 219 288 298 392 408
12 242 327 362 414 465
125 187 192 228 239 390
107 228 243 398 407 496
3 104 235 298 465 480
12 146 281 384 391 473
11 55 70 99 357 499
6 7 10 19 51 260
6 104 110 215 262 279
216 256 313 357 467 479
7 211 338 383 413 485
117 165 175 402 471 491
97 242 249 285 330 487
149 217 432 440 459 466
32 54 64 132 239 241
26 97 346 396 411 416
25 183 279 361 408 471
108 131 301 305 350 383
63 87 116 165 336 383
121 178 225 270 295 473
255 303 326 365 434 492
29 173 276 324 389 473
40 224 231 334 411 430
90 92 293 308 328 392
46 116 121 214 327 344
203 214 337 374 398 405
47 95 270 276 282 307
12 333 373 409 412 476
6 28 79 167 319 371
6 8 32 33 319 350
62 80 88 258 305 391
0 101 203 332 333 376
46 71 217 360 434 469
132 152 176 346 426 441
205 232 247 293 353 364
62 103 157 299 426 491
134 194 337 351 376 391
87 94 325 386 429 489
19 27 77 231 308 317
26 140 147 245 488 499
60 204 213 264 272 305
55 68 115 125 143 273
51 52 99 190 395 398
119 185 254 407 454 481
95 99 274 291 373 413
3 30 116 225 257 410
53 110 176 189 324 419
118 240 252 286 327 396
144 279 308 337 365 493
94 242 284 430 439 494
131 223 230 290 393 491
42 167 344 430 479 485
49 150 456 461 486 494
57 258 291 346 348 417 480
134 211 230 235 264 344 464
49 71 72 175 259 263 376
27 67 120 155 170 278 292
88 106 326 434 463 485 487
24 241 261 269 391 452 472
58 94 101 174 337 378 489
67 99 375 403 411 429 491
20 100 288 298 395 477 479
61 69 138 262 445 457 474
57 97 157 161 291 402 472
32 109 164 169 211 265 340
189 312 418 426 484 492 493
56 73 85 212 226 373 466
212 302 323 384 403 426 483
127 220 236 281 322 385 421
79 209 232 252 295 383 447
113 189 289 291 349 358 384
47 59 185 351 376 377 451
225 259 295 449 478 480 481
110 136 167 175 177 334 379
24 62 152 193 328 436 483
7 187 218 267 310 314 366
39 138 270 289 354 415 493
63 120 142 298 309 328 460
88 131 160 196 197 272 283
7 50 57 85 173 475 499
109 302 313 321 364 416 453
52 164 189 228 245 395 427
98 139 236 243 276 289 298
60 230 359 360 372 410 436
9 10 27 81 127 174 274
124 189 232 250 352 378 409
45 50 203 251 269 419 482
0 15 112 182 221 473 486
32 210 293 301 330 345 365
49 97 171 313 324 344 465
59 156 245 369 371 439 451
144 167 188 212 332 343 426
139 169 224 294 341 417 455
154 252 296 320 328 358 399
128 132 161 379 418 450 482
30 48 57 88 137 176 243
12 90 93 162 167 212 388
15 20 231 279 312 395 433
38 40 43 85 98 130 411
67 96 250 282 394 460 487
38 253 288 346 349 383 412
71 158 201 223 290 391 420
2 82 88 195 201 290 465
92 210 238 450 455 458 474
6 15 30 32 139 455 460
173 301 332 336 384 435 463
31 77 301 322 386 449 477
107 136 149 155 377 397 456
244 261 263 269 302 425 471
107 119 226 273 280 362 377
115 144 257 268 386 488 498
43 61 215 227 289 334 376
60 81 92 131 282 289 348
194 218 244 294 297 318 383
100 181 311 327 404 435 479
134 206 223 237 342 376 443
24 62 148 193 197 240 413
23 118 208 253 290 392 484
18 26 88 260 361 379 387
138 206 218 232 237 257 490
143 230 305 340 360 446 476
4 43 83 162 227 321 443
59 89 135 228 326 481 495
114 122 161 162 177 187 198
32 170 172 199 375 406 426
58 116 124 231 355 363 382
139 236 239 315 415 443 487
169 248 283 391 436 461 493
50 81 265 320 354 403 486
1 74 87 178 265 345 365
47 112 122 154 222 455 482
78 98 100 106 131 139 270
29 50 77 120 267 328 335
129 133 165 254 296 346 393
20 43 71 98 361 478 485
11 51 244 270 274 417 477
0 9 129 211 267 287 465
85 122 123 171 223 259 296
9 103 107 398 455 480 489
88 123 199 204 215 328 463
5 56 124 203 205 259 277
160 214 222 252 281 435 476
20 31 55 215 433 447 487
41 73 83 179 208 219 477
60 134 138 199 274 314 488
29 127 159 246 331 348 419
8 62 76 119 160 173 217
7 51 56 105 209 291 489
27 73 138 169 197 292 411
62 181 210 264 283 287 294
21 135 210 250 307 378 398
37 108 311 314 331 473 492
59 170 319 336 351 376 455
201 346 398 420 429 453 476
21 227 242 253 355 377 450
38 84 99 320 367 438 499
109 120 129 136 206 247 274
320 367 380 407 426 459 487
139 204 297 384 388 416 435
26 124 126 160 235 245 270
73 77 278 317 363 430 492
48 54 69 82 156 219 228
36 143 146 303 338 455 484
14 50 70 89 118 161 393
119 144 187 197 234 328 368
84 87 214 260 301 397 404
18 42 52 212 316 359 488
55 144 215 227 290 310 370
77 189 247 257 357 381 416
89 123 155 232 274 400 463
141 274 364 370 397 398 452
31 87 327 331 405 406 429
84 199 290 345 422 432 498
95 167 263 349 365 403 433
13 14 91 347 371 372 441
126 169 191 265 286 402 409
9 95 322 376 392 416 439
201 300 311 356 386 391 401
51 57 262 325 409 417 464
57 64 177 189 191 353 437
11 41 56 327 403 414 466
46 115 147 310 365 395 432
57 135 268 277 291 328 329
38 64 67 73 89 212 253
10 30 51 154 228 249 277
89 142 159 254 257 306 387
3 34 162 178 242 306 337
1 66 263 328 335 351 449
6 19 53 71 375 387 401
116 162 175 263 348 463 465
36 40 78 235 361 457 469
237 396 409 420 434 467 493
151 201 286 294 342 416 423
46 129 144 229 411 423 494
2 68 126 210 269 270 474
43 200 223 249 256 291 347
8 66 124 236 252 286 477
21 112 131 437 438 460 487
177 218 263 338 387 461 468
17 71 136 223 324 358 410
168 173 209 262 269 310 371
241 243 333 404 417 476 483
71 107 132 189 250 288 463
61 196 318 357 404 425 452 491
90 91 98 115 120 159 263 364
33 85 135 232 296 372 411 491
28 41 253 331 353 357 359 411
29 119 237 290 372 419 440 451
49 70 126 162 181 273 327 418
9 87 140 277 324 414 416 471
83 122 155 287 299 333 476 485
93 169 187 276 416 454 464 499
42 63 78 85 172 324 358 475
9 58 111 223 287 319 420 484
115 196 398 405 471 485 486 497
208 289 297 301 321 330 396 470
114 184 368 435 466 472 477 494
27 91 312 322 340 384 395 414
139 185 226 258 378 380 429 480
39 43 95 138 182 334 356 439
63 93 188 274 279 367 414 498
47 134 184 212 261 312 378 491
28 34 151 155 164 345 357 382
2 27 184 284 326 408 486 490
20 170 216 281 318 340 343 449
12 38 86 159 314 422 424 445
47 89 147 172 177 191 208 491
19 123 153 238 241 326 344 382
77 90 211 235 261 422 455 463
4 7 104 285 390 421 442 473
130 136 164 169 193 200 365 432
116 118 258 272 326 328 384 407
48 125 150 168 301 374 382 433
47 124 125 145 170 189 268 494
54 168 320 388 390 470 487 490
2 40 80 115 128 136 138 307
76 150 168 310 436 449 462 478
19 37 182 284 312 430 436 498
119 170 205 359 415 443 462 497
116 130 156 160 179 223 270 436
153 236 315 344 388 437 459 489
10 108 136 222 250 432 464 495
9 149 151 218 226 329 422 458
84 95 143 144 193 198 224 306
11 47 120 166 205 281 308 391
83 187 258 273 389 422 454 484
22 38 186 194 296 301 367 378
144 168 171 182 302 305 312 438
49 53 263 337 370 401 415 456
31 75 97 210 297 413 481 491
66 88 91 129 186 311 323 403
99 160 313 336 360 404 420 432
41 70 110 136 305 334 370 405
26 46 125 251 271 298 389 487
50 121 195 273 308 349 451 458
1 134 303 365 389 436 462 471
8 11 50 63 86 191 383 437
66 118 128 196 306 335 397 438
128 212 221 240 372 426 436 492
52 55 91 101 133 156 243 250
18 106 121 166 297 436 446 471
59 84 240 313 316 381 412 481
228 238 264 317 330 380 452 495
57 126 135 202 238 241 434 485
92 197 210 218 359 438 473 483
146 156 157 176 178 192 220 385
27 39 48 57 59 171 244 390
1 83 100 148 241 250 272 284
72 86 231 265 290 386 402 454
137 148 296 378 407 417 474 492
163 272 337 338 360 422 427 438
109 166 177 218 288 334 335 341
45 109 123 220 299 324 328 358
44 47 102 194 203 261 268 279
24 204 277 303 341 359 384 390
109 129 267 273 312 361 364 366
24 195 303 332 352 359 415 474
18 48 62 202 291 293 331 461
22 116 128 135 152 231 424 449
37 138 159 172 248 283 365 495
14 60 63 121 285 303 316 468
0 101 148 162 222 268 369 459
100 117 149 158 200 298 417 495
152 164 189 190 206 266 395 410
46 212 213 216 405 429 434 438
1 18 138 220 235 368 400 448
117 156 160 267 338 368 375 442
48 112 128 157 166 277 466 473
21 42 45 50 132 209 373 484
159 201 215 216 327 366 443 471
21 54 92 130 371 390 444 467
74 108 120 331 346 354 368 475
6 33 166 199 203 278 382 484
217 232 236 267 295 319 473 477
29 31 62 334 353 456 467 490
195 287 310 318 384 397 421 447
110 177 193 278 292 330 347 398
2 3 85 116 174 208 307 381
10 33 75 180 185 262 325 354
20 78 107 149 288 375 383 384
151 199 226 246 333 407 423 447
50 134 180 326 346 365 459 469
104 172 193 217 222 254 278 478
6 40 70 71 242 301 353 402
43 238 247 291 353 402 446 489
38 66 207 253 284 297 431 491
20 25 58 68 130 303 422 434
35 102 126 188 220 379 469 475
121 148 160 349 415 430 452 463
52 94 232 279 284 316 349 363
46 64 135 165 217 361 375 379
3 11 182 266 354 408 425 459
7 104 107 195 200 312 426 453
2 4 11 62 97 131 287 431
18 63 101 189 316 351 379 402
6 39 44 54 162 190 410 439
89 109 113 161 196 248 364 373
119 153 165 244 261 306 388 496
28 53 66 102 144 331 337 460
9 23 45 49 318 386 484 487
11 53 164 220 308 309 351 376
5 62 209 284 329 402 412 452
21 57 205 210 232 341 346 387
82 85 88 132 346 359 448 454
8 146 206 260 265 337 401 461
52 66 70 81 131 286 294 481
21 100 122 181 182 184 339 344
2 122 205 223 289 353 379 475
82 109 221 247 250 279 284 355
58 129 240 280 338 369 399 413
24 31 33 64 277 360 388 452
100 148 190 212 223 246 306 418
45 172 193 309 314 382 389 493
15 47 59 114 125 195 207 223
33 88 117 135 438 459 482 489
17 37 56 162 205 257 337 410
118 119 196 225 317 381 465 492
27 102 145 199 214 325 362 417
3 18 25 35 52 133 275 447
46 58 189 336 360 428 483 499
119 123 148 226 229 280 345 365
126 204 212 237 270 392 431 437
42 136 160 239 262 437 453 493
0 163 303 309 320 399 434 454
167 232 290 360 384 420 443 486
31 54 67 130 227 299 408 454
37 147 156 207 209 212 403 479
83 100 134 294 312 360 384 396
29 99 100 113 196 313 403 466
36 117 128 144 304 307 481 496
62 74 78 224 438 449 476 477
11 65 202 337 384 391 418 478
8 152 184 306 409 424 444 454
88 106 132 218 272 277 286 400 491
32 60 72 230 292 327 392 401 470
37 112 170 185 218 259 325 392 423
125 217 246 250 258 346 383 435 451
18 19 71 76 194 230 247 266 423
4 25 36 51 73 247 283 309 341
8 39 102 121 258 262 418 442 463
37 101 104 202 240 270 290 356 387
43 198 234 235 272 281 341 359 371
19 102 113 122 203 257 313 315 477
29 105 111 227 272 330 335 425 427
46 57 130 176 211 258 406 419 497
13 109 123 129 157 183 284 294 367
41 53 80 104 105 133 149 184 358
1 47 74 94 106 245 277 335 345
33 194 197 287 331 407 409 454 471
127 171 181 210 301 366 476 485 490
30 40 44 57 94 143 156 232 321
33 108 176 196 200 233 351 411 488
24 32 36 164 177 254 257 268 419
14 314 414 430 438 472 488 489 496
6 84 119 132 144 191 291 298 429
3 51 54 63 332 373 420 444 446
1 18 239 277 301 449 475 477 495
2 63 131 145 202 240 257 289 404
133 167 174 254 278 383 415 418 434
74 177 210 302 372 382 398 462 468
234 239 275 314 316 354 408 412 438
49 84 127 142 162 188 280 362 489
72 95 100 122 157 193 240 278 286
53 200 256 270 337 379 389 461 478
7 18 138 148 312 338 441 461 468
37 40 73 177 306 400 408 448 491
37 48 66 180 220 282 287 359 496
111 138 169 248 266 269 308 397 461
81 152 156 183 302 303 327 415 480
4 81 84 197 280 303 325 333 444
5 35 50 104 230 232 253 462 489
31 78 125 167 242 262 274 368 417
59 93 208 305 329 344 403 434 476
40 180 241 280 346 380 464 482 484
15 135 157 166 258 281 321 345 486
7 57 79 119 205 255 338 361 378
71 109 158 195 235 277 278 376 479
68 149 183 221 222 227 265 362 491
22 35 100 108 197 316 318 452 470
40 235 236 289 350 369 465 474 486
102 149 182 253 270 387 421 441 492
106 156 157 232 254 318 426 451 463
118 148 208 211 229 262 299 405 487
9 185 258 277 366 368 369 452 478
100 133 142 192 273 439 444 464 483
107 131 244 250 308 316 473 486 492
81 135 166 200 277 319 414 474 479
80 101 133 198 246 353 427 430 441
2 55 76 151 183 318 460 473 491
46 53 58 60 197 220 293 326 408
251 279 299 301 327 360 366 367 425
25 27 122 133 140 233 256 331 359
71 186 215 256 272 285 300 308 461
21 55 110 119 148 156 231 272 413
49 72 244 296 329 341 372 393 418
103 169 220 373 383 403 429 462 464
52 129 140 169 171 184 329 371 491
49 71 91 161 184 349 439 472 476
6 72 104 173 194 198 269 362 379
37 60 101 184 214 310 340 344 490
18 27 32 354 382 424 456 460 474
50 84 123 168 222 342 373 382 421
31 149 158 173 187 263 385 409 428
205 212 228 235 261 298 356 407 479
12 63 247 276 301 318 417 443 445
193 248 283 332 362 403 418 485 497
92 101 199 237 313 329 367 402 460
9 159 277 341 362 380 384 421 460
8 87 163 253 321 433 485 488 492
7 19 68 146 281 339 417 448 473
5 7 39 47 118 191 196 284 353
68 106 249 261 357 384 386 470 471
0 41 72 104 128 243 335 369 468
2 49 65 68 75 244 308 362 474
61 107 119 121 152 248 326 357 359
91 137 258 368 411 471 476 477 493
35 93 165 177 277 287 304 334 413
81 95 102 166 279 286 351 358 362
44 61 123 144 383 392 402 433 457
10 18 70 74 175 218 288 330 379
10 30 81 162 171 229 355 363 475
64 201 274 289 293 312 340 405 491
14 38 101 110 136 175 180 349 393
46 95 247 299 399 411 441 475 478
41 67 189 242 246 250 251 268 415
73 146 192 260 279 281 282 302 420
55 81 280 291 301 357 396 400 432
32 43 58 244 246 309 359 383 491
27 98 104 132 141 204 211 256 320
85 126 190 196 216 348 424 458 463
36 100 165 193 256 260 310 317 496
57 131 239 249 256 314 335 346 488
6 17 34 247 301 315 420 435 449
85 188 322 347 379 421 424 462 468
95 126 136 188 227 234 308 421 497
87 115 134 155 179 192 252 310 395
7 39 204 267 310 347 366 434 477
4 36 97 179 282 362 389 411 462
63 157 205 315 447 457 473 491 492
23 99 123 286 341 385 430 431 496
48 141 309 413 420 456 467 485 498
117 231 252 269 307 318 320 378 482
35 51 91 320 345 435 449 485 495
12 80 122 147 200 244 338 339 498
25 63 153 179 254 372 380 400 408
46 63 104 110 115 186 335 355 495
69 104 215 274 280 385 410 431 432
24 30 130 164 193 201 231 394 428
38 61 122 254 322 346 354 385 449
26 77 242 273 313 343 363 364 383
71 73 95 131 157 192 229 300 453
69 100 246 343 404 424 449 462 484
23 31 231 242 291 409 411 439 477
23 45 120 130 159 182 225 255 344
108 110 149 197 293 310 353 480 493
35 145 177 230 261 309 327 340 397
136 192 195 219 271 291 332 487 491
35 85 134 155 169 222 283 325 433
69 125 148 305 320 334 360 375 446
175 265 269 320 337 374 406 428 468
11 139 252 281 293 332 409 444 461
9 41 114 202 333 358 376 404 430
8 10 32 184 198 345 426 442 447
10 45 74 144 163 232 330 347 421
9 50 80 120 332 336 422 439 456
20 54 57 105 124 134 180 228 367
34 175 191 287 345 384 438 442 474
28 29 86 94 129 350 379 390 399
11 53 121 193 236 277 357 386 449
33 49 56 75 93 108 180 281 494
57 74 78 91 166 190 269 363 380
92 97 139 289 299 315 428 462 491
36 228 336 362 404 415 439 487 497
67 131 179 233 252 337 352 414 437
0 81 114 126 222 279 303 307 451
0 8 230 265 363 437 466 476 479
9 25 28 57 172 174 272 428 498
78 87 258 293 297 337 359 372 439
41 131 151 171 177 221 297 365 430
14 210 351 366 400 414 446 457 479
9 92 133 269 346 363 375 435 464
127 311 322 323 364 401 478 494 495
13 59 69 76 121 138 212 261 274
38 49 135 236 259 264 349 426 431 464
107 141 156 268 343 355 370 419 429 486
77 227 235 248 287 345 375 426 432 499
37 58 84 116 182 393 413 452 453 498
5 106 158 186 195 272 305 343 452 468
123 126 171 172 177 214 223 288 374 389
30 151 241 258 317 340 396 420 480 494
52 62 173 264 273 308 413 433 439 472
6 47 150 213 228 279 343 438 479 493
1 77 135 162 174 186 217 322 349 472
2 3 66 143 157 176 285 326 327 391
24 36 90 140 159 336 414 429 432 452
253 327 345 379 394 424 427 454 458 470
76 103 170 189 235 318 375 422 445 448
95 112 113 202 307 358 360 391 457 479
133 155 179 182 200 220 246 408 416 433
38 56 71 182 184 191 255 276 350 464
0 4 30 32 97 156 290 303 359 450
27 61 69 81 111 152 221 278 435 494
234 249 269 343 362 377 385 409 414 436
117 205 225 234 283 296 398 426 469 481
25 140 238 255 257 265 322 328 358 485
0 16 101 151 233 274 338 380 386 497
22 70 110 214 254 256 267 369 427 461
26 145 165 330 370 372 400 474 476 488
83 105 113 124 139 299 338 404 411 476
20 27 98 272 317 373 430 460 461 469
36 52 59 82 185 275 299 420 482 490
56 75 82 83 90 106 239 326 391 424
28 46 137 143 231 235 381 388 432 445
3 10 14 18 49 208 231 384 434 499
20 33 37 67 130 176 216 273 459 495
3 121 158 244 295 302 306 351 354 490
1 8 18 24 57 129 136 292 386 495
22 202 251 257 357 360 393 419 447 460
21 30 108 202 228 251 262 281 331 421
11 146 169 174 187 201 207 283 329 421
19 150 174 178 187 211 239 347 459 484
7 11 160 325 329 388 394 409 410 497
87 131 259 347 353 393 401 423 461 480
22 35 42 209 230 241 279 314 452 487
23 101 119 147 195 298 346 474 491 498
1 42 97 130 194 219 302 332 335 494
60 117 140 141 152 237 283 321 398 412
42 93 158 160 199 202 243 284 318 334
60 85 144 155 209 229 250 300 373 396
8 34 74 88 184 186 303 326 405 411
107 127 157 167 174 179 258 381 439 495
131 262 268 275 282 283 285 297 374 404
70 77 139 151 157 224 227 302 310 313
37 107 158 180 209 211 229 277 299 445
1 145 264 321 330 368 382 410 418 438
59 124 151 178 211 220 223 382 400 413
25 27 49 54 84 192 209 270 314 449
37 97 142 240 263 406 430 456 479 482
109 163 179 190 214 272 295 300 422 463
77 92 135 173 180 240 257 319 341 394
292 329 335 338 352 423 442 475 477 497
8 96 114 136 294 315 429 464 472 479
19 39 125 130 254 278 280 345 486 498
88 104 119 123 133 149 292 332 448 490
85 131 160 161 181 208 280 345 354 442
24 46 59 137 184 189 238 275 417 477
80 116 135 164 240 327 367 455 464 485
46 94 105 119 231 280 345 350 364 487
22 70 71 145 170 220 255 297 440 455
3 38 46 266 268 309 343 415 464 467
27 28 77 92 104 169 249 272 358 426
93 125 147 187 189 215 337 344 368 375
63 134 177 195 200 264 317 322 341 458
4 41 202 267 306 335 373 414 467 495
56 102 106 137 226 259 307 352 418 466
167 172 180 239 273 318 373 406 424 462
155 181 187 223 228 229 311 359 390 420
22 81 87 90 155 188 193 373 401 466
2 99 155 240 269 282 286 338 351 374
20 90 142 250 259 268 281 349 360 427
32 62 120 137 138 146 235 241 380 395
223 230 239 268 291 302 316 402 436 480
29 34 106 123 183 251 358 404 414 462
32 79 152 205 207 211 304 363 379 401
140 192 259 296 304 335 370 402 410 446
22 63 106 158 237 289 370 387 454 489
157 210 262 279 281 328 329 416 433 470
4 25 71 192 288 299 366 405 417 447
35 62 74 80 277 279 300 319 365 488
79 144 199 325 328 408 412 421 444 453
11 13 62 123 181 232 247 274 431 490
76 217 218 250 255 294 300 329 406 442
29 96 111 149 191 215 226 331 353 388
23 71 111 165 178 246 421 428 435 458
53 136 147 168 257 310 367 391 399 479
21 45 128 160 162 252 319 326 339 436
34 67 183 299 309 330 360 399 419 460
5 7 52 73 88 106 164 204 225 491
32 70 95 157 309 343 387 393 412 482
70 137 148 176 201 220 224 260 275 466
146 210 214 217 338 341 353 363 377 452
9 109 161 185 372 376 391 407 438 497
5 145 190 225 246 269 376 382 439 443
84 138 232 277 336 367 377 404 422 434
75 148 150 196 225 248 277 315 340 472
79 96 130 139 193 205 272 414 448 482
41 110 122 205 216 320 327 456 480 491
88 105 228 299 324 382 397 407 447 490
130 180 194 202 345 389 390 393 429 431
13 27 77 98 202 214 218 254 413 483
33 109 166 183 206 270 324 337 344 374
16 32 210 221 255 269 300 323 384 411
65 102 162 179 273 296 312 396 461 497
85 160 369 391 418 420 430 440 486 488
213 238 258 267 389 414 441 467 479 482
75 98 102 112 140 184 247 325 436 466
36 50 63 87 104 107 109 114 286 484
78 108 193 214 228 255 306 418 440 467
66 184 201 232 257 273 281 291 319 411
5 38 57 71 89 120 150 187 191 251
36 281 332 347 393 396 402 424 437 462
32 137 148 268 287 313 342 355 413 472
17 67 115 132 136 212 310 340 489 498
15 39 47 109 151 156 210 388 463 475 491
62 119 153 170 283 317 346 365 382 437 462
65 191 212 283 291 308 349 405 475 482 489
11 109 119 185 203 220 249 272 338 404 482
13 68 128 206 284 304 351 353 390 442 470
57 95 98 115 170 173 336 337 363 410 469
32 39 111 260 263 322 328 391 398 432 463
2 4 12 15 40 94 190 255 257 337 445
5 8 28 109 140 179 253 288 396 400 469
21 33 120 125 130 187 211 227 282 308 389
0 11 51 112 302 356 373 379 388 434 479
0 7 41 57 71 87 93 170 303 366 493
74 96 138 181 228 248 262 378 393 415 435
26 44 81 93 109 144 171 259 325 361 374
35 37 66 69 104 122 169 185 221 359 425
138 139 144 153 226 266 304 312 339 425 464
48 50 60 108 135 221 314 386 403 449 452
12 59 170 198 217 245 248 257 319 485 492
41 108 172 201 204 234 276 339 348 398 498
100 151 181 193 305 324 337 347 364 378 468
25 85 88 92 119 310 319 321 335 368 376
78 109 115 128 209 252 288 311 374 404 484
10 32 57 58 107 134 176 283 328 408 452
22 36 61 71 95 97 150 158 316 377 493
29 71 117 125 275 380 406 420 454 474 493
46 94 109 113 135 167 196 207 247 311 396
42 51 56 75 160 217 260 303 424 463 492
0 76 153 251 281 363 365 408 448 449 451
77 133 136 137 142 159 270 298 390 406 463
39 122 141 153 162 164 233 280 326 337 447
62 73 146 163 175 223 232 246 273 320 393
17 30 81 153 259 302 342 395 445 487 499
146 184 305 326 358 374 378 381 440 471 487
51 69 91 96 142 183 214 262 359 368 391
102 108 150 226 229 249 280 431 442 472 473
3 29 44 129 144 197 246 283 294 356 422
35 48 109 116 194 340 408 414 424 430 475
47 61 77 135 169 210 310 369 401 438 454
85 98 133 163 194 299 425 434 447 457 465
167 188 200 310 405 427 433 481 482 490 493
49 51 133 139 153 180 248 258 333 354 366
2 53 97 135 208 212 268 378 459 461 493
25 48 83 89 137 146 150 154 170 219 456
76 133 134 159 218 239 351 361 427 472 473
6 11 18 75 142 197 228 393 418 464 493
57 72 81 84 127 143 147 162 179 218 228
9 12 76 77 89 111 138 268 296 428 480
15 178 195 199 202 205 271 401 443 452 454
32 40 64 72 93 156 159 190 286 307 434
28 48 52 68 163 165 168 194 219 334 389
11 60 127 130 131 155 163 253 374 382 410
16 46 47 73 81 103 207 311 399 455 485
17 68 80 122 152 236 241 353 385 390 403
28 73 131 215 234 249 290 311 390 444 486
11 15 73 112 159 219 281 310 333 338 452
4 16 18 74 79 130 163 197 312 360 427
78 171 236 262 289 310 339 342 352 435 499
93 105 115 170 198 405 406 430 452 460 470
59 69 118 183 231 273 384 401 438 472 482
18 22 61 122 131 186 254 437 439 489 499
49 75 112 130 153 161 177 232 408 419 471
44 70 98 121 158 168 221 268 323 329 422
66 146 200 201 211 260 263 283 389 393 451
6 88 137 153 167 194 195 308 379 388 414
16 104 114 174 220 326 368 378 432 450 464
12 36 54 78 81 94 208 235 331 352 419
3 34 42 164 298 317 319 320 362 385 435
57 62 121 124 286 331 382 385 399 401 491
0 15 35 128 141 254 265 270 325 378 479
16 130 223 388 412 438 442 448 462 490 491
2 10 18 56 153 159 206 264 320 419 430
42 93 186 199 200 233 241 341 413 432 448
17 36 87 191 217 258 266 387 414 427 499
16 98 136 219 273 307 323 342 439 444 457
39 57 104 119 146 152 212 226 244 371 404
24 35 44 128 225 242 261 298 333 347 459
35 55 65 83 84 110 167 180 368 398 450
3 17 18 21 76 110 136 186 197 200 490
30 36 43 87 124 275 342 374 411 437 488
37 103 243 251 288 292 294 335 339 425 451
106 120 143 169 286 294 301 368 383 444 451
0 9 18 62 98 112 148 169 330 380 483
128 130 241 268 295 309 352 363 384 447 459
48 55 83 103 121 128 141 169 365 372 432
4 20 27 39 131 147 149 171 260 305 465
55 60 93 143 282 355 379 422 474 479 489
203 208 233 252 279 313 337 361 366 374 462
7 68 91 173 229 330 344 423 432 439 458
28 43 58 163 246 336 354 373 425 472 486
120 122 254 258 321 324 336 399 433 448 455
95 100 168 220 228 323 352 353 393 465 496
20 78 137 197 275 294 334 386 396 414 420
78 138 143 148 218 232 235 250 269 287 457
157 192 215 257 285 333 338 354 397 454 469
33 56 92 93 148 161 202 314 356 415 475
20 47 68 196 223 229 237 259 412 444 483
3 117 146 176 210 222 303 367 437 451 486
110 161 211 215 323 350 394 430 472 482 488
1 22 133 170 206 292 293 301 314 449 494
25 113 119 125 169 281 331 360 364 423 433
9 23 33 111 143 172 194 211 251 345 453
112 118 204 228 231 244 286 328 336 416 451
4 8 23 32 97 109 147 247 371 403 421
11 80 269 294 316 329 350 416 426 438 455
52 122 167 205 314 315 321 341 352 411 461
27 44 139 153 159 270 298 348 357 433 436
13 23 144 173 236 252 306 432 443 485 491
15 46 47 61 132 146 342 412 456 485 492
97 100 116 141 176 226 308 319 398 416 454
11 41 225 281 298 301 303 304 395 398 461
53 70 112 117 135 242 263 280 292 302 391
36 52 71 81 95 96 122 178 194 456 472
23 139 152 249 369 392 396 412 422 424 459
60 130 223 305 362 364 366 380 388 403 450
55 99 104 122 132 191 198 217 359 433 477
97 141 146 273 306 338 385 445 446 454 492
13 19 103 179 223 237 325 389 462 474 477
18 168 182 205 254 257 281 305 383 390 473
71 77 78 96 106 131 183 360 381 382 466
12 29 43 69 92 144 160 188 225 276 279
43 45 156 176 290 294 298 338 390 426 464 490
0 10 40 55 81 225 265 290 400 404 417 421
26 57 63 85 124 170 192 193 195 199 389 444
8 42 54 103 135 187 193 219 238 251 318 382
0 46 88 143 166 264 268 283 344 401 417 428
5 17 86 105 213 268 311 387 440 444 466 480
13 21 98 101 158 167 207 215 221 248 407 442
6 52 64 70 77 127 246 258 301 371 374 422
79 113 114 160 250 268 284 330 364 375 378 468
71 74 88 144 170 232 245 295 396 404 411 489
47 65 87 292 297 319 348 363 413 428 447 459
29 58 61 99 115 131 251 256 302 461 475 481
52 84 117 124 138 150 203 219 241 258 365 481
5 7 105 114 125 134 189 195 199 248 298 459
10 64 103 112 138 213 276 290 295 343 385 421
42 43 84 93 163 307 374 413 452 457 458 469
4 11 17 55 57 165 296 377 407 449 460 493
59 65 66 80 153 163 165 179 237 305 417 431
65 85 88 99 145 203 235 261 298 301 333 357
6 17 44 65 75 181 182 317 388 442 454 465
33 66 100 135 267 336 376 393 398 415 436 473
4 13 110 244 249 325 361 368 373 385 431 474
11 84 94 98 150 180 186 303 345 421 440 467
96 103 110 158 199 226 357 402 439 446 456 458
21 31 39 65 78 163 239 301 305 404 458 491
20 55 91 151 163 173 221 246 322 329 330 459
24 46 48 172 263 270 275 288 388 395 456 484
65 69 110 188 192 242 244 304 428 455 472 491
21 46 61 70 90 142 197 220 265 276 318 331
21 41 69 98 149 231 237 296 309 393 397 406
13 33 61 76 218 219 256 260 392 451 490 492
63 71 206 207 217 230 277 309 374 379 380 382
29 114 144 194 236 241 248 260 311 352 436 437
50 66 93 107 167 191 264 344 405 455 456 498
25 177 201 202 207 219 247 260 306 368 430 449
63 82 131 160 169 206 317 354 356 374 404 421
3 112 198 205 259 318 341 349 360 409 473 483
5 12 25 34 86 110 124 125 274 288 314 320
120 140 173 209 368 405 415 417 425 444 481 483
38 66 113 138 139 162 188 246 303 364 430 433
3 16 82 83 87 103 194 198 229 350 368 423
1 30 39 50 78 121 154 186 229 247 264 470
110 169 212 263 308 346 404 423 429 437 483 494
65 122 204 208 224 251 289 329 332 365 423 450
15 16 135 166 304 347 355 372 468 473 485 489
34 36 73 173 190 277 278 284 397 433 447 491
27 171 199 217 231 267 321 333 350 399 454 468
110 119 177 202 204 221 245 252 303 456 485 492
181 185 271 285 298 300 304 337 356 369 426 481
12 84 91 110 149 186 190 247 323 389 417 460
45 85 90 105 156 193 226 232 275 289 449 458
146 187 239 283 293 326 348 361 378 401 438 463
36 47 57 118 154 201 295 318 335 394 412 438
73 80 207 211 296 307 317 328 434 437 468 470
43 64 143 155 204 211 216 221 243 276 290 392
0 8 63 112 114 153 228 265 347 361 438 467
8 56 60 63 93 113 127 178 240 244 299 425
21 60 63 143 226 258 278 340 366 406 459 490
87 116 118 134 143 215 236 289 317 335 470 489
149 199 222 280 322 328 335 340 363 368 406 410
60 92 196 213 253 329 367 383 388 422 437 492
106 209 266 267 283 294 314 381 444 452 486 495
47 115 125 166 220 224 252 276 295 297 395 466
38 59 83 133 195 231 324 349 358 392 442 483
50 51 61 197 206 241 263 322 332 334 380 450
45 67 77 91 119 153 189 242 262 272 406 443
94 113 153 157 166 197 276 321 409 435 448 490
29 151 170 178 198 201 268 333 346 367 475 493
20 65 180 238 245 313 370 408 413 414 449 456
32 39 149 187 194 215 272 280 292 399 415 458
27 66 86 136 185 188 376 382 395 413 422 499
97 129 217 232 249 304 333 348 355 467 474 484
49 56 97 126 140 215 234 265 274 349 355 499
31 37 77 157 173 309 311 338 340 402 415 497
35 281 310 333 346 410 420 429 471 475 485 489
4 89 136 220 252 278 280 306 353 365 379 478
62 65 102 212 249 297 305 311 333 382 444 474
0 34 46 51 57 58 60 76 139 356 372 484
4 23 122 197 198 202 204 283 290 319 384 479
1 3 42 117 158 190 242 306 339 411 443 470
142 175 257 273 295 343 351 388 400 424 432 498
2 11 47 59 177 223 328 353 417 432 497 498
63 112 168 187 251 266 328 329 372 419 425 429
17 103 158 213 224 321 340 386 430 453 469 487
16 47 88 107 112 207 256 304 346 425 459 477
169 175 191 196 216 222 307 328 343 362 412 450
38 58 133 136 157 261 279 304 324 374 402 405
117 179 184 221 255 279 326 333 377 383 395 428
13 118 195 236 260 287 322 395 398 447 470 472
16 44 132 141 169 177 196 209 230 282 419 447
11 67 120 136 142 149 157 370 386 443 469 482
47 68 86 115 135 261 301 321 357 381 410 484
48 55 70 87 172 343 383 386 412 416 432 469
40 250 253 280 286 317 332 374 433 437 482 499
43 51 133 158 191 263 280 314 357 436 447 471
4 23 78 144 221 244 266 276 309 362 388 488
14 17 72 106 191 197 233 249 263 293 356 379
4 22 31 87 147 157 182 196 237 255 314 485
84 85 117 155 213 324 383 416 427 459 475 486
88 106 113 192 217 265 361 373 376 420 450 476
64 277 284 302 321 382 416 426 430 476 483 498
53 73 81 89 97 284 367 389 390 396 457 494
18 67 153 199 202 216 273 274 282 393 418 451
34 48 99 158 181 201 208 225 279 297 319 461
51 59 107 128 136 246 259 315 317 371 404 409
29 64 83 88 106 114 264 290 316 342 344 350
27 28 33 69 124 266 306 309 358 440 441 450
40 189 243 333 337 348 363 369 380 401 402 449
27 107 109 126 135 140 145 231 306 372 402 495
30 138 168 207 233 234 273 339 391 415 417 418
18 47 106 129 160 165 225 250 252 256 314 359
71 75 118 138 141 313 322 331 381 397 486 496
32 44 46 66 238 253 308 339 413 422 433 476
27 47 121 162 208 229 300 371 372 390 454 477
227 304 312 324 329 341 361 411 416 426 430 439
60 108 117 138 169 182 217 384 405 441 462 485
6 28 36 59 62 108 185 212 263 431 433 443
47 80 92 229 230 248 310 345 407 435 456 484
18 55 110 146 199 243 249 404 432 436 484 499
25 28 41 99 178 214 251 252 308 423 480 495
149 175 214 244 362 379 432 435 470 481 485 493 497
25 86 164 206 303 329 373 381 388 393 394 409 432
16 32 63 77 123 289 305 360 367 420 421 441 472
13 50 118 179 227 251 318 345 368 392 441 442 499
51 72 89 95 133 159 174 223 241 315 317 395 441
6 31 60 117 161 162 196 249 304 314 337 342 454
62 69 106 168 189 213 214 241 256 260 376 422 437
3 32 51 53 85 112 181 191 216 253 308 349 393
4 13 80 144 161 165 175 229 366 369 376 455 472
9 74 87 102 132 200 207 250 266 277 280 360 394
66 162 178 186 225 285 291 310 381 440 452 454 484
24 40 50 70 76 193 230 238 301 320 345 381 480
21 104 179 183 189 281 372 373 394 417 476 482 497
24 28 69 174 235 243 244 252 256 324 345 381 449
17 21 83 132 145 230 232 272 279 414 426 431 473
103 159 199 234 240 285 293 354 404 405 428 486 488
22 36 38 116 136 156 208 283 308 330 421 423 425
11 19 124 194 222 223 230 238 258 341 356 394 474
27 38 67 86 149 204 228 245 282 292 390 462 493
6 33 38 39 91 270 309 325 398 423 445 451 463
117 153 169 227 263 269 277 418 430 476 477 480 499
72 89 102 138 192 198 328 372 413 425 430 463 484
58 61 93 94 104 126 135 183 225 310 322 427 438
41 50 60 82 129 158 198 332 349 412 424 467 484
0 14 101 117 118 135 137 234 298 324 408 464 482
9 32 83 111 192 233 301 311 313 331 367 415 493
9 72 196 213 214 248 251 285 318 359 369 372 393
28 48 76 80 126 189 245 314 341 362 383 405 457
52 125 175 211 212 215 223 246 282 305 437 456 467
38 57 68 103 119 177 208 326 332 354 402 482 483
18 58 138 204 207 235 278 310 336 360 369 466 479
29 67 165 178 184 214 216 223 251 264 304 380 415
69 120 141 145 170 190 226 233 270 315 328 378 384
88 110 132 140 165 256 257 274 310 383 384 397 428
25 47 49 54 201 213 227 258 423 427 449 467 479
55 69 114 173 180 210 256 277 324 441 456 459 482
58 131 155 160 161 174 200 216 304 316 364 430 439
87 92 93 141 181 294 349 351 370 393 438 469 475
124 171 209 213 219 224 258 272 280 356 406 433 480
30 76 80 235 252 263 281 288 366 407 412 447 486
9 10 30 102 138 198 316 340 343 358 416 430 466
69 149 190 199 212 227 256 277 305 343 399 423 441
66 75 85 88 111 114 124 190 249 259 292 409 444
83 93 96 100 144 148 161 220 255 273 311 440 446
17 34 72 149 230 264 299 343 347 357 455 459 480
13 17 137 216 224 241 309 373 385 388 397 419 482
55 58 75 96 150 158 314 451 455 467 468 474 498
57 97 138 152 159 235 239 273 283 321 377 443 489
16 35 74 112 139 143 146 192 289 314 364 400 409
58 63 65 102 113 121 202 227 245 349 356 418 452
107 217 224 233 288 294 295 304 327 364 442 475 480
72 105 144 148 187 216 236 300 321 361 387 412 451
7 88 127 201 232 298 308 327 351 352 368 397 415
47 111 198 213 219 238 271 273 277 403 470 480 491
30 66 87 97 111 169 177 190 203 230 257 361 475
39 175 199 202 219 247 250 252 276 287 340 384 440
20 76 128 132 148 195 280 289 295 344 382 434 460
14 75 154 227 243 298 327 329 331 356 387 408 424
78 132 143 160 169 172 214 270 362 372 379 397 456
66 67 99 145 160 175 192 226 235 259 409 420 468
42 75 114 159 177 263 279 321 337 338 404 432 456
29 160 199 244 287 314 315 371 413 432 464 472 496
16 26 56 59 67 120 200 325 346 401 404 427 464
1 21 45 79 84 101 164 226 261 311 323 326 380
18 27 55 62 69 163 166 174 286 313 331 361 434
13 65 101 129 134 168 175 187 301 397 422 460 494
13 126 134 187 191 212 222 373 383 400 443 449 469
36 72 119 140 169 179 223 237 295 323 325 350 388
4 34 73 79 83 125 166 213 254 265 293 383 480
14 121 178 209 272 308 352 362 393 449 477 480 486
17 44 47 60 78 125 163 185 211 250 264 323 363
19 79 180 205 228 233 325 330 345 391 397 410 456
2 13 33 36 179 221 342 361 377 421 441 480 488
1 28 116 175 185 265 315 369 403 471 483 484 487
43 91 107 114 142 159 164 176 190 206 333 365 452
1 68 218 244 260 264 281 394 400 432 437 448 493
18 78 115 138 167 203 232 301 433 445 461 474 499
70 112 200 227 252 275 292 311 343 365 411 442 451
33 64 76 96 98 167 251 303 383 386 432 461 482
208 251 283 322 330 337 341 345 346 354 402 414 460
53 64 75 81 92 94 109 171 175 204 289 333 366
1 21 40 99 117 129 156 164 165 190 277 343 373
40 52 114 159 161 180 186 236 311 342 362 382 489
5 16 18 106 155 161 289 293 338 347 375 456 470
6 31 41 87 106 137 155 281 318 338 346 386 489
13 25 61 77 131 157 230 291 351 355 392 399 496
41 51 61 66 71 89 124 148 282 335 395 400 408
97 161 198 244 272 274 282 362 403 428 454 471 475
14 16 26 63 132 185 200 239 290 295 406 433 436
4 11 13 18 25 78 91 98 150 240 290 430 451
28 42 64 102 104 174 189 200 297 358 364 401 481
12 20 59 160 164 168 306 337 397 424 454 460 485
23 40 55 87 120 140 164 205 251 338 373 383 465
28 36 37 54 139 147 187 314 367 399 402 447 454
25 47 137 143 251 294 309 389 421 458 469 482 484
8 62 116 117 142 204 253 291 297 410 413 452 490
2 16 29 91 94 104 166 246 252 406 448 449 474
15 21 130 135 168 190 320 325 368 369 381 475 487
47 51 98 206 228 289 295 386 398 415 472 492 498
6 115 121 142 164 178 182 206 367 405 409 438 480
9 76 84 129 203 247 280 366 436 442 447 471 478
17 22 37 204 269 273 278 282 313 323 334 431 488
4 8 25 37 49 59 105 112 223 416 420 429 431
32 108 113 242 247 285 328 346 349 363 367 409 424
114 127 131 132 170 193 212 238 449 480 487 494 495
2 100 134 219 230 246 315 325 345 354 365 395 495
23 43 47 72 82 236 253 260 292 322 424 434 480
34 62 142 214 244 287 357 396 401 417 419 453 498
61 84 105 211 216 229 236 289 358 390 443 497 499
50 150 181 209 265 268 282 288 323 386 411 450 461
13 40 52 118 141 237 270 277 280 310 331 394 417
9 103 118 159 175 189 195 315 356 360 397 428 469
21 57 203 213 223 227 296 355 372 411 419 427 475
1 17 35 52 73 133 371 380 395 411 414 432 443
73 124 131 132 143 176 276 306 308 318 394 430 432
24 123 140 160 161 164 167 281 297 325 340 365 472
48 76 92 96 149 161 181 215 254 283 297 322 421
29 31 48 101 243 249 260 263 339 349 390 442 494
18 24 65 150 166 194 198 257 288 304 336 363 417
160 161 173 217 231 238 257 275 305 322 354 409 444
48 62 173 232 278 288 328 330 338 367 442 448 473 483
40 64 89 98 150 214 224 227 240 341 356 369 380 463
72 78 85 139 172 262 283 289 313 370 377 389 430 479
7 21 26 34 92 220 261 270 283 347 352 370 378 426
6 25 38 98 112 185 201 252 289 326 340 361 400 407
31 44 49 62 163 202 251 266 304 320 370 381 429 477
5 143 157 203 227 229 240 241 279 290 310 370 398 487
1 29 38 65 129 187 281 341 362 374 396 403 430 499
0 93 114 140 156 162 180 195 199 276 296 320 354 444
51 53 72 86 96 114 128 195 246 266 375 388 407 408
33 35 64 120 125 126 252 326 380 421 441 443 444 482
19 74 85 88 174 242 284 312 325 328 358 366 436 468
6 8 81 140 144 174 201 215 237 366 406 412 424 451
2 18 45 127 140 157 171 194 198 267 270 353 368 457
0 30 46 186 189 221 228 289 290 299 394 441 443 485
74 77 200 217 228 242 257 261 271 282 329 377 432 459
9 13 17 21 65 69 102 129 140 142 236 291 432 449
117 119 149 155 163 192 207 235 265 316 405 434 490 492
38 48 52 128 199 240 298 299 303 366 381 473 474 491
15 95 105 173 202 221 232 281 301 303 312 341 374 394
89 118 199 219 232 237 271 284 328 374 410 419 461 487
30 32 45 60 80 207 254 262 270 296 445 448 459 465
38 39 53 84 114 161 178 227 261 271 422 476 496 499
55 107 134 138 207 237 261 299 325 336 401 451 453 464
8 126 143 186 256 322 337 358 396 405 407 429 444 455
6 21 38 43 101 108 180 185 192 245 275 283 432 481
98 110 111 157 174 300 340 351 359 376 408 426 476 482
1 48 131 233 242 255 274 311 323 395 453 466 479 481
36 100 129 158 188 214 242 245 293 327 372 375 403 495
11 22 23 49 62 156 176 201 220 256 287 393 476 499
23 31 56 75 101 220 290 357 405 422 432 438 484 497
38 63 72 125 167 299 355 374 376 410 415 458 476 495
8 102 105 152 173 215 224 238 256 266 308 344 440 468
22 32 44 67 70 159 200 237 275 317 424 428 439 498
12 29 56 69 86 119 125 150 151 191 229 253 336 486
83 88 169 178 191 233 243 296 300 317 322 323 375 499
9 12 13 51 104 147 234 236 260 280 282 302 312 341
14 46 88 112 179 206 226 282 329 331 349 356 386 446
62 65 121 164 224 259 274 368 400 413 448 472 473 481
50 66 118 127 175 183 291 327 345 379 380 391 418 421
47 96 122 134 139 184 242 254 264 299 385 402 432 497
19 21 96 201 264 306 313 315 369 439 447 452 470 494
20 21 62 90 113 180 251 283 298 300 392 422 465 498
2 14 17 20 43 88 130 223 244 276 320 373 437 455
67 149 185 281 375 383 402 441 443 445 478 479 486 490
0 4 24 49 52 71 115 173 216 228 248 350 435 464
15 34 87 115 138 183 213 223 229 293 346 359 378 423
27 101 131 155 176 198 242 243 300 326 347 352 422 437
0 48 74 115 143 175 181 194 296 305 389 401 451 487
45 46 111 117 120 142 184 239 242 255 275 397 418 429
50 106 177 206 215 225 270 298 336 355 357 388 425 499
71 104 124 129 132 157 263 305 337 342 396 416 440 443
55 72 140 187 193 195 327 393 394 397 465 466 467 496
41 53 123 152 208 298 343 420 428 454 459 482 486 487
11 66 142 150 152 191 252 269 283 359 382 416 427 468
44 83 113 152 170 173 204 240 263 292 345 348 356 373
26 28 36 105 164 168 182 219 231 256 276 277 307 315
59 61 66 136 163 180 189 193 290 332 380 395 429 431
4 9 94 115 121 176 190 206 249 272 277 279 435 493
22 31 32 53 119 180 190 212 292 311 334 372 377 390
4 12 94 119 183 184 215 344 376 382 449 474 494 495
12 16 38 61 110 131 167 224 242 268 408 417 469 477
60 89 98 154 171 172 184 205 219 231 244 302 384 470
10 38 63 104 106 132 148 174 194 202 230 366 407 424
47 49 53 101 115 121 123 163 172 200 293 297 387 435
119 121 142 145 194 211 216 276 327 344 407 448 464 496
6 7 8 129 198 201 245 251 289 357 428 448 466 474
17 49 57 75 105 108 222 268 283 349 380 403 432 455
1 20 76 98 165 167 245 256 257 302 310 364 377 460
17 78 221 231 237 267 290 303 348 364 367 386 396 424
92 99 154 182 185 188 204 255 258 260 292 321 411 478
12 15 41 62 70 98 132 202 276 303 310 348 362 492
11 26 32 76 142 155 161 199 207 211 229 339 371 420
19 31 84 92 127 158 199 211 219 243 274 385 453 472
127 135 153 158 185 254 297 324 348 372 378 392 419 477
5 141 143 175 215 247 310 320 435 441 449 452 458 467
108 123 141 171 191 230 246 283 284 358 396 426 451 481
32 39 67 78 134 189 215 372 434 438 446 462 482 499
34 40 89 107 157 204 210 233 291 302 326 339 355 416
31 56 108 138 248 277 299 311 331 354 370 387 460 489
135 143 174 184 185 230 321 329 334 345 395 446 489 490
83 156 157 161 188 196 225 330 343 358 399 434 460 461
107 153 192 221 253 286 313 333 343 398 410 417 449 499
18 84 120 140 168 197 220 240 253 267 299 357 413 428
8 21 103 116 119 152 156 158 164 322 386 413 421 449
51 167 176 219 261 275 280 325 334 348 353 360 379 474
91 107 119 144 188 209 235 259 284 351 397 410 436 441
22 24 93 153 159 171 210 221 228 283 351 437 457 464
16 51 58 99 104 245 280 307 313 337 350 434 447 480
25 45 63 111 220 268 300 309 333 389 418 430 477 494
13 40 42 45 55 93 115 229 231 259 272 392 428 433
11 44 52 74 120 131 177 216 247 254 297 360 409 411
60 177 255 261 303 308 351 366 374 386 417 438 453 473
6 11 39 50 68 87 92 107 175 239 314 382 387 398
98 122 213 235 261 272 301 323 370 371 406 423 445 453
144 188 204 219 234 293 303 329 338 359 379 426 435 488
48 77 98 126 140 195 196 201 278 349 397 398 451 470
10 57 91 127 138 231 243 341 343 375 403 434 461 465
22 80 108 114 115 123 147 170 240 259 267 284 326 398
12 41 126 167 181 259 300 375 388 389 391 447 458 493
5 25 47 58 107 117 212 229 270 284 306 311 454 474 481
43 61 108 197 251 297 323 325 352 374 381 450 464 473 483
19 51 58 88 196 204 207 215 225 229 251 306 319 339 403
43 63 84 95 114 118 208 264 371 402 417 473 484 487 491
89 91 131 178 180 198 266 303 326 351 382 429 458 481 487
26 48 91 135 164 220 270 294 297 318 332 382 433 474 478
11 51 59 84 89 119 199 209 277 295 303 320 339 466 469
18 30 70 79 170 186 199 233 276 297 308 334 339 434 459
5 19 29 52 77 161 163 175 211 232 235 236 349 369 372
160 179 180 198 264 285 311 320 335 378 386 393 406 419 422
19 20 66 84 151 195 211 304 307 326 365 409 426 427 430
1 13 23 39 68 79 89 168 198 302 303 311 359 397 415
20 57 60 67 78 103 110 212 259 290 333 340 411 416 466
9 22 40 44 84 89 108 195 218 244 295 391 426 427 485
8 37 78 89 102 105 116 147 211 424 439 442 452 455 490
74 84 89 100 101 146 223 248 267 268 273 305 329 404 469
39 59 85 93 118 128 161 163 166 242 263 307 309 337 473
24 47 104 137 150 238 281 289 296 378 381 433 455 459 491
91 125 127 153 197 201 229 245 351 370 377 388 394 461 464
4 33 53 78 99 111 130 132 145 151 212 229 246 328 459
4 30 50 114 142 166 185 218 258 295 306 325 347 445 496
45 109 112 115 186 189 226 239 319 347 350 360 377 395 493
21 90 100 109 146 166 192 195 292 295 303 307 373 400 414
6 34 45 104 172 188 196 237 260 322 323 347 357 376 404
20 29 71 93 98 128 212 234 293 297 312 356 395 406 478
30 40 57 63 118 139 140 150 165 175 194 336 354 366 469
17 30 45 92 93 105 151 238 344 345 347 401 410 455 467
39 112 113 118 177 205 212 252 334 384 400 438 442 464 496
16 79 177 200 211 235 243 244 270 295 338 390 403 423 439
40 46 50 81 191 194 197 224 225 235 274 283 332 493 497
16 60 63 161 209 283 304 306 373 375 384 404 441 442 446
47 75 109 120 199 212 334 341 383 394 431 451 462 497 499
33 72 142 163 209 244 259 291 333 415 423 427 456 467 499
101 146 158 160 180 201 225 231 274 282 283 370 437 442 468
5 9 34 54 91 222 283 341 361 379 400 404 405 408 476
9 10 58 76 95 228 284 312 332 346 353 359 448 467 474
63 80 97 103 115 118 139 144 156 164 187 252 254 433 462
16 79 90 115 134 173 227 313 338 340 348 376 458 460 497
40 44 50 123 132 188 258 270 288 297 395 411 416 447 489
31 49 89 101 183 191 203 253 260 276 309 369 380 455 470
50 73 147 155 156 221 253 283 301 318 351 354 381 389 462
150 159 190 233 253 261 272 312 351 402 406 448 454 455 491
2 14 24 41 72 96 116 158 222 230 245 255 267 310 325
4 15 26 140 164 212 253 260 293 327 399 433 448 465 487
55 60 69 116 118 124 231 268 294 314 347 373 380 419 466
25 51 69 107 121 133 146 152 192 223 276 342 369 403 443
1 25 52 82 94 120 189 196 207 237 261 294 311 317 433
18 20 25 52 61 249 313 324 327 378 432 441 455 461 487
17 43 58 84 90 113 161 174 193 288 396 435 445 488 490
3 6 35 53 87 97 113 127 195 199 239 245 319 364 390
5 64 68 88 95 122 182 189 269 295 384 407 435 445 472
26 76 118 135 136 228 232 238 292 311 313 367 384 394 453
26 79 82 162 186 194 279 305 317 318 320 321 418 421 487
74 83 94 167 182 189 211 240 255 262 270 282 382 409 475
78 79 92 95 104 116 152 226 291 299 318 321 327 407 431
21 28 41 142 224 234 262 268 271 285 286 313 344 391 436
22 55 68 69 71 94 117 122 174 218 219 255 258 311 413
35 61 73 91 94 118 120 138 152 163 193 207 266 462 463
55 58 100 110 135 149 180 195 196 202 203 260 263 264 384
22 60 75 87 122 142 228 241 257 313 314 322 353 377 415
4 10 58 90 116 119 130 184 220 226 249 251 362 387 423
1 43 54 126 147 163 169 175 255 266 325 353 369 392 423
20 22 30 45 73 97 127 138 193 210 332 377 387 426 484
4 24 26 29 34 44 72 102 120 126 243 295 325 402 456
39 55 78 143 198 261 312 371 373 385 432 456 462 467 473
9 91 138 164 183 206 221 238 272 292 309 345 401 443 446
33 60 104 128 133 155 167 187 309 339 356 375 392 419 463
2 62 123 139 142 145 195 204 314 373 384 390 394 440 497
115 206 214 247 264 320 406 409 412 423 424 451 479 485 486
118 157 164 168 312 316 323 324 335 359 378 418 482 489 499
18 43 106 126 134 148 158 201 215 227 253 367 407 451 487
19 139 150 167 228 229 270 273 302 320 321 359 433 475 487
54 60 70 76 93 123 194 201 237 282 300 310 326 338 468
97 149 154 164 177 183 216 266 290 308 390 430 445 478 493
26 85 98 191 228 241 261 296 308 317 331 374 380 389 459
110 115 136 204 223 230 323 331 395 398 441 452 494 495 496
2 29 121 131 150 219 222 343 387 402 409 422 436 497 498
25 77 113 143 259 272 321 324 370 371 375 428 475 483 497
26 72 111 165 182 228 301 306 350 387 395 437 477 495 496
41 65 112 142 148 152 200 203 218 273 347 356 424 433 453
2 66 135 143 147 183 229 274 278 297 385 403 412 463 475
6 14 40 64 136 150 161 297 336 352 355 407 420 426 454
17 78 210 220 226 245 249 268 286 344 401 431 440 479 497
4 34 96 151 155 180 196 263 268 270 286 346 367 435 464
30 58 63 71 184 185 313 317 362 411 413 435 442 469 471
103 112 183 261 282 284 304 313 353 360 366 398 411 450 496
20 36 37 46 61 69 218 306 332 355 384 412 432 477 481
58 92 99 175 195 216 227 243 316 327 336 337 348 480 497
0 72 137 151 187 192 215 222 293 327 328 362 411 458 494
27 51 55 84 156 168 176 196 219 287 303 340 448 474 479
10 46 59 106 117 159 187 215 284 293 320 394 430 431 464
8 12 22 36 37 130 199 209 211 213 261 293 413 420 494
124 141 223 244 298 318 352 356 365 369 371 426 455 465 487
4 91 110 127 149 178 188 239 250 252 309 316 386 406 463
41 48 69 73 222 240 284 289 304 326 397 403 421 437 456
104 133 149 201 205 214 220 255 337 344 348 428 445 452 475
10 43 48 141 176 204 209 236 252 270 334 369 396 457 489
50 114 134 169 203 207 300 315 321 329 335 369 430 453 457
107 108 133 145 146 157 183 241 281 399 421 436 447 452 469
10 11 81 145 275 292 307 311 312 376 407 410 423 449 486
23 32 55 65 100 106 137 141 160 194 206 245 265 336 343 397
8 34 42 67 196 227 297 332 340 351 376 402 409 414 418 438
10 32 69 93 101 207 214 266 282 299 369 433 445 451 453 463
63 89 120 164 190 191 205 214 241 262 288 303 333 429 467 492
35 61 107 129 136 170 203 224 229 251 254 388 414 462 463 489
4 6 15 67 118 131 145 164 220 327 338 348 371 391 430 470
12 63 123 139 165 169 233 341 370 380 390 394 429 444 461 462
39 41 46 72 97 112 119 123 180 277 282 297 308 314 437 480
34 35 45 107 134 156 187 223 265 287 305 306 407 446 479 484
4 62 76 101 192 219 298 341 357 380 402 406 418 480 491 495
101 115 123 146 176 184 213 233 285 298 344 353 356 394 397 460
19 92 142 151 180 181 205 245 282 286 315 412 441 453 454 466
14 19 20 25 32 69 107 168 215 220 244 250 258 327 338 492
13 20 23 39 77 93 244 254 258 259 263 322 342 425 460 468
29 88 91 101 137 208 225 232 263 348 391 394 396 409 423 443
13 52 93 103 114 130 133 238 240 289 295 301 304 343 366 387
35 82 89 104 118 196 224 307 311 330 379 451 454 460 466 480
0 8 14 16 49 70 73 92 171 216 221 241 298 447 483 496
40 50 82 102 111 159 185 236 261 369 402 416 445 458 484 492
6 34 49 51 71 77 79 82 139 156 235 269 270 385 428 464
57 72 88 143 176 209 262 285 297 352 398 412 424 462 476 498
18 35 48 80 263 280 309 321 376 378 393 414 437 481 487 496
25 37 124 130 151 179 189 208 312 314 323 326 332 336 422 488
7 37 140 185 194 236 248 249 329 337 374 407 424 435 472 499
48 69 74 96 120 129 188 265 279 382 395 398 404 424 428 474
10 63 95 104 132 158 221 234 264 293 305 315 322 350 358 456
2 16 17 20 52 55 74 103 180 240 265 271 327 383 443 490
38 51 104 112 128 147 160 341 381 390 420 441 448 456 464 478
23 40 54 111 115 119 212 224 239 290 291 347 352 387 406 421
9 36 59 107 162 166 168 174 239 255 278 290 291 295 367 426
42 64 88 97 144 160 172 199 200 225 242 255 328 366 423 489
16 70 238 293 313 315 337 369 379 405 419 438 444 479 480 492
8 21 41 118 136 138 170 218 248 278 307 325 383 386 387 446
20 39 83 84 109 116 146 197 206 249 328 345 346 387 439 448
7 42 48 171 192 233 303 308 309 323 345 369 381 390 398 414
159 172 258 263 279 300 302 307 319 360 394 426 439 458 483 484
10 14 101 111 114 116 166 178 183 233 266 305 351 355 371 491
17 23 59 136 144 160 195 246 265 317 340 395 400 420 469 475
73 113 137 210 298 313 315 327 346 356 430 439 471 481 495 499
34 144 169 182 191 214 232 250 258 259 317 323 332 397 419 435
8 51 53 67 83 112 139 146 170 182 211 215 247 381 407 433
37 98 150 168 251 277 278 316 409 423 445 454 463 471 478 487
36 40 108 152 153 156 214 237 301 390 393 428 451 457 489 493
41 43 44 70 108 127 183 187 214 244 346 348 367 373 423 442
18 52 71 179 263 267 297 337 338 363 367 382 384 399 419 456
8 49 51 146 147 223 254 266 294 309 311 322 339 426 440 497
20 41 50 116 117 200 213 217 261 286 292 379 385 458 476 482
1 36 39 121 185 216 225 226 261 288 291 305 315 325 366 426
7 18 40 96 121 141 145 221 234 270 354 400 418 427 447 495
23 24 28 55 81 101 173 239 264 272 284 344 346 362 452 490
1 20 62 74 75 78 254 266 293 303 317 357 361 374 390 498
11 48 118 183 266 286 293 298 335 405 448 465 479 481 485 492
3 14 73 134 164 198 266 274 276 294 300 403 411 424 474 497
26 78 99 170 181 183 235 246 267 290 293 319 363 403 404 490
23 120 129 165 182 190 192 197 230 246 274 280 322 342 355 404
12 41 197 210 214 223 233 255 271 277 279 280 281 305 334 391
65 117 156 203 236 262 269 281 298 372 376 422 446 477 493 499
58 92 93 198 208 296 316 349 366 393 395 397 427 462 475 480
13 24 63 68 87 189 259 269 302 310 354 365 431 432 464 494
54 60 200 230 242 259 273 274 281 319 385 397 402 414 444 474
25 28 31 44 79 151 179 222 247 257 262 322 337 412 429 476
31 33 44 48 70 78 139 148 171 195 243 267 326 333 377 381
23 35 70 102 171 215 250 283 315 333 340 346 389 451 452 455
12 14 38 49 50 98 111 122 180 252 266 271 275 279 339 409
1 77 128 132 152 173 176 186 199 269 279 292 382 390 414 490
1 19 88 110 117 143 144 252 258 274 286 310 427 460 490 496
55 73 131 250 279 296 298 320 338 343 352 371 375 381 466 482
1 2 135 180 211 215 247 254 269 279 308 316 364 396 440 459
37 48 57 99 116 141 145 225 226 280 290 383 400 425 472 475
23 28 55 121 122 123 126 152 219 252 275 402 422 424 454 492
67 71 132 134 159 160 213 318 333 337 379 427 450 455 466 478
13 47 50 88 98 102 172 179 258 264 282 303 405 423 439 440
25 34 37 49 53 95 111 163 176 186 300 311 363 396 468 471
115 121 143 186 229 254 255 257 271 285 286 290 354 412 494 499
27 112 140 200 241 265 268 293 305 311 321 411 414 443 472 478
59 69 131 135 269 330 361 383 397 408 409 423 447 454 471 489
39 47 54 57 75 96 109 173 225 233 272 274 297 320 433 474
69 81 90 92 169 188 198 234 254 283 340 349 384 428 444 481
55 115 133 140 145 190 191 204 212 232 278 296 324 363 374 484
3 72 86 103 113 119 179 270 295 301 307 385 391 457 468 471
97 105 113 125 128 132 161 167 176 181 196 219 297 342 419 427
17 21 52 91 96 117 186 195 206 255 256 259 320 325 399 413
18 98 126 155 161 176 207 210 371 392 397 412 426 455 489 491
1 38 47 50 104 130 153 176 254 299 306 340 360 426 452 469
10 26 40 46 74 85 118 138 146 156 171 247 311 410 417 495
0 60 71 74 80 85 115 148 186 213 274 320 352 404 456 474
92 157 160 176 203 208 213 226 321 322 342 373 418 448 451 462
16 17 29 36 59 120 159 174 177 186 227 274 442 466 475 494
88 153 167 193 219 255 261 267 282 296 363 371 439 451 463 479
21 58 69 169 260 265 298 306 314 366 390 417 420 427 471 484
11 19 39 67 144 149 155 180 212 224 245 250 287 377 440 470
50 52 67 123 176 213 224 241 274 310 328 376 425 454 467 478
5 22 32 51 61 73 93 143 205 222 318 348 419 441 456 473
15 63 75 92 104 150 246 252 322 363 418 421 440 471 480 483
8 51 122 161 167 177 184 209 210 219 287 290 315 317 390 471
3 29 91 93 159 163 171 196 228 313 360 416 419 459 488 490
81 128 162 215 216 228 229 230 297 307 329 340 368 379 433 436
48 72 113 133 137 169 235 258 259 265 344 363 381 387 406 446
3 40 49 78 115 116 203 206 220 225 254 323 387 431 485 494
6 25 48 75 180 225 275 284 285 332 370 413 423 493 494 495
2 11 46 70 71 120 150 200 245 250 262 304 356 382 422 444 449
34 44 56 63 76 92 159 165 172 174 199 205 213 234 297 334 336
21 33 80 91 94 184 192 252 318 325 350 366 380 392 420 424 459
44 52 129 161 171 242 254 274 275 280 372 379 426 444 470 471 476
67 73 78 89 96 214 225 230 233 277 326 345 394 439 446 455 493
94 102 127 153 163 200 215 221 232 248 252 271 325 375 454 460 467
18 27 164 175 181 195 213 219 270 276 277 282 367 401 425 446 468
10 37 56 95 97 104 107 111 159 229 266 357 370 382 388 422 478
40 46 58 61 106 128 138 145 222 234 247 265 278 307 315 326 470
4 29 66 125 149 220 251 278 335 345 346 386 398 411 442 473 474
14 42 103 112 167 207 235 248 257 277 307 328 333 363 366 387 438
11 112 119 150 160 181 186 195 214 226 232 262 272 289 344 480 499
70 84 105 127 130 140 147 190 236 248 290 308 310 351 364 481 497
136 175 176 186 246 259 267 329 341 356 411 415 423 432 461 482 489
23 65 77 123 145 148 183 190 216 225 227 239 265 304 328 356 409
2 128 197 247 266 287 291 295 316 357 365 382 386 410 426 435 459
15 23 28 39 59 66 106 132 159 204 248 258 288 314 364 384 492
33 39 187 239 248 256 297 313 323 332 334 362 366 407 435 441 447
55 74 112 133 193 222 274 313 333 344 345 387 404 421 432 457 480
13 14 21 52 81 144 255 278 310 338 349 375 383 397 435 436 445
141 181 223 229 251 291 315 322 323 358 361 380 413 463 464 476 490
37 38 134 164 211 231 245 277 328 340 371 376 377 413 427 440 486
5 75 118 136 154 184 243 246 265 285 291 336 340 393 449 485 499
20 81 88 162 188 194 202 204 249 256 286 309 315 335 337 401 455
3 8 39 40 50 81 104 162 178 247 334 341 351 394 415 424 466
17 28 31 159 201 215 272 275 361 372 389 400 404 444 446 470 497
20 25 37 39 44 92 121 136 175 184 206 285 300 306 388 427 483
0 39 87 150 174 201 206 239 240 250 260 285 329 344 385 406 446
10 11 13 61 62 139 152 191 208 215 218 238 271 288 301 346 498
0 46 52 60 99 150 194 216 253 282 285 334 343 373 378 461 471
14 46 58 88 130 145 177 219 246 282 345 360 368 438 472 494 499
8 32 33 71 78 99 134 173 260 282 320 322 340 368 396 402 406
37 50 65 82 89 167 272 276 356 394 401 403 405 437 443 459 476
28 50 74 102 104 110 172 179 213 240 245 291 304 329 370 422 449
147 168 169 180 205 253 303 315 333 348 396 414 429 439 442 478 481
23 56 59 99 147 149 186 289 293 295 302 305 397 402 410 439 478
32 70 73 94 102 126 145 190 192 232 288 307 376 386 459 476 496
77 90 95 158 197 201 220 231 246 280 282 286 294 407 411 436 460
21 25 31 44 88 117 148 150 169 279 282 293 295 344 379 431 491
17 60 80 107 161 168 182 187 245 257 268 270 386 414 425 437 484
9 60 80 117 118 136 173 176 187 245 290 301 340 346 414 456 481
63 83 140 143 148 149 158 161 175 187 191 196 203 278 381 385 495
104 153 154 177 189 256 317 318 336 337 341 358 360 432 435 476 491
9 28 31 57 61 78 91 150 163 264 309 314 357 426 440 493 498
45 57 62 95 127 137 224 273 314 332 347 352 363 387 398 450 456
45 47 57 76 91 156 162 170 184 211 219 227 249 290 295 401 467
13 17 41 58 59 74 104 105 124 171 181 207 371 386 411 462 476
8 16 30 41 48 57 98 102 126 173 303 339 343 357 393 440 487
68 69 152 161 167 173 208 233 255 260 314 331 374 392 460 480 483
104 160 190 195 199 231 256 281 318 320 381 405 430 467 471 478 481
18 43 70 91 116 121 124 155 157 231 232 284 355 405 455 475 490
15 47 48 59 149 163 230 236 258 282 288 332 347 408 418 438 496
1 68 83 94 95 131 175 214 215 235 261 290 330 343 395 450 483
81 87 138 140 157 159 160 197 202 224 231 267 277 291 302 391 461
9 20 116 118 128 159 184 229 248 289 341 347 355 376 406 412 429
30 95 135 204 220 221 233 244 261 283 300 343 383 385 402 423 426
4 57 58 72 124 154 157 173 175 242 294 318 398 422 443 485 494
50 51 58 130 132 196 245 271 283 334 371 378 397 433 438 481 491
38 42 45 66 84 164 283 337 342 352 356 390 440 454 455 493 496
18 38 47 61 66 116 154 184 206 221 237 291 296 320 341 373 420
39 45 64 106 128 204 246 250 275 280 299 307 346 355 357 389 493
21 74 86 93 173 208 211 224 303 318 367 369 375 409 454 455 473
24 33 129 131 173 183 190 240 261 308 310 323 326 384 403 443 455
23 51 109 110 127 129 146 189 263 319 351 356 381 399 425 473 484
3 21 32 42 54 59 103 157 200 230 298 328 370 375 378 422 454
50 116 118 134 182 196 226 232 271 314 377 385 387 388 407 460 467
86 99 142 185 196 202 209 222 252 266 305 308 416 433 463 485 491
78 130 144 149 192 226 248 266 285 323 372 402 449 452 477 492 494
25 29 51 92 124 130 156 159 169 213 222 240 320 329 431 444 460
6 58 90 117 127 197 205 248 271 303 310 374 391 430 441 442 454
11 113 124 129 147 162 216 254 256 267 332 337 366 396 411 428 493
6 19 84 88 111 121 182 210 237 308 315 405 428 448 461 465 487
6 19 32 85 113 122 126 129 185 186 237 284 285 361 386 414 438
101 106 122 196 208 218 239 251 282 290 298 322 342 386 396 424 467
51 53 114 123 125 146 205 226 234 266 355 397 399 401 403 423 478
17 22 49 110 131 137 144 145 156 190 229 248 266 314 367 376 392
4 70 152 166 205 215 229 283 285 333 364 381 384 386 426 433 465
19 79 152 162 165 224 233 253 254 293 301 310 345 369 401 426 473
50 116 128 142 240 247 251 267 286 308 361 393 397 400 413 447 496
11 42 94 117 142 152 172 234 252 277 330 336 353 372 449 486 490
26 41 44 88 102 126 151 154 162 187 250 258 268 306 367 431 481
33 37 39 64 117 132 152 189 222 238 243 309 324 358 362 390 406
14 52 129 179 182 183 224 239 277 280 364 371 454 455 474 482 494
106 110 127 135 175 176 215 238 264 284 352 380 403 442 452 468 498
64 97 113 135 161 176 179 195 220 241 263 280 348 357 454 463 485
40 76 86 215 238 259 305 309 312 319 326 334 338 349 389 412 486
17 42 108 137 139 238 270 297 318 328 396 411 425 458 466 475 487
10 12 71 101 136 166 171 174 230 233 280 319 345 419 460 470 475
1 29 44 59 85 102 160 175 207 233 250 340 398 403 411 439 479
22 45 111 165 188 193 234 237 277 283 327 339 353 358 374 414 492
2 54 100 111 130 141 172 269 286 293 326 367 385 387 425 469 480
4 63 79 155 169 206 242 279 298 347 352 408 422 424 460 473 480
13 157 162 168 175 184 194 210 214 223 376 377 395 404 415 468 489
16 61 81 184 191 245 268 274 276 300 322 330 339 368 448 474 498
20 29 35 51 134 143 179 231 264 282 351 412 424 433 463 473 478
13 62 77 100 112 119 127 203 212 218 220 303 305 355 373 417 448
0 86 149 210 214 235 239 251 279 288 291 299 346 367 379 432 468
10 32 37 45 46 47 83 186 222 237 295 298 324 327 360 363 397
17 45 140 144 160 167 201 217 235 236 245 252 272 326 383 398 409
29 30 39 42 95 117 145 213 233 259 288 346 360 365 374 408 431
12 14 17 26 60 62 101 107 134 169 178 185 233 289 321 352 446 477
1 2 8 98 108 173 197 239 284 303 314 347 375 383 407 410 427 451
9 17 52 104 143 144 193 200 218 242 305 349 382 404 449 456 490 492
12 46 76 107 113 174 189 206 225 229 296 306 360 400 424 431 445 487
24 27 29 75 105 119 130 136 203 207 241 246 249 273 301 349 438 490
17 59 148 210 242 275 298 321 336 366 367 372 387 403 406 411 418 466
74 80 138 175 207 226 227 243 327 340 342 348 384 401 405 410 451 466
40 96 136 140 146 214 217 252 279 308 318 327 340 349 394 401 403 410
44 46 94 120 133 179 184 238 256 269 291 296 308 359 374 421 444 452
0 6 8 76 96 100 206 209 236 272 299 335 373 409 458 460 465 469
14 26 73 85 131 185 205 243 305 382 391 401 414 445 466 470 478 490
56 62 121 139 153 154 155 182 184 185 235 280 284 287 329 390 450 483
18 21 24 60 94 109 128 165 240 254 275 278 312 336 364 393 399 435
1 63 81 94 111 128 213 214 235 256 297 325 369 370 380 389 391 433
19 24 27 49 88 127 159 186 202 223 248 268 302 306 344 371 375 376
28 153 155 178 181 186 197 226 234 251 255 284 294 311 344 381 392 453
63 94 117 153 171 216 222 229 283 294 303 319 349 353 399 445 462 488
59 138 144 173 202 254 260 270 290 341 368 369 407 415 422 455 468 481
5 6 8 26 110 136 203 208 220 291 301 333 352 368 455 470 473 482
30 36 51 91 129 142 165 193 218 231 259 260 285 309 373 412 415 420
9 10 98 118 127 179 202 219 232 261 360 385 441 458 475 480 483 496
41 60 101 156 211 241 255 297 299 304 315 332 363 398 411 458 461 489
28 40 132 143 165 191 247 248 249 257 289 294 296 358 361 363 374 477
7 140 151 244 315 320 328 370 376 401 425 432 434 448 472 476 487 489
37 43 57 61 92 94 138 151 200 252 281 321 361 366 403 452 459 488
14 90 141 143 184 204 242 269 291 313 348 355 364 379 391 393 427 452
124 144 151 153 164 181 242 273 275 290 306 312 349 366 410 425 456 470
5 14 52 60 65 93 131 183 186 187 208 225 333 354 365 395 424 497
73 96 99 110 220 233 315 316 335 356 367 388 389 408 423 434 446 472
86 134 161 175 176 266 268 272 283 284 301 312 315 318 325 403 436 442
7 14 34 38 40 59 68 80 147 185 195 199 200 238 289 347 385 454
23 30 44 93 99 135 142 216 262 270 278 297 362 416 441 442 447 481
30 98 145 146 151 156 162 166 172 236 258 260 273 321 352 411 424 477
55 73 81 95 122 200 212 241 245 255 257 293 327 440 449 461 478 498
13 17 25 138 165 203 274 298 300 320 331 358 420 438 447 464 470 493
19 66 84 94 101 122 160 162 214 248 261 302 319 415 420 428 461 477
29 71 87 113 135 178 211 265 279 301 354 364 411 416 436 449 466 497
14 58 68 106 116 130 131 180 182 240 271 295 378 409 437 468 483 484
59 81 108 123 140 150 165 167 284 359 377 438 451 457 461 474 493 498
2 39 65 89 129 151 176 180 181 208 211 218 223 316 338 353 420 471
27 34 36 43 55 98 130 186 218 229 238 258 282 290 299 306 332 492
6 19 49 54 137 162 168 188 217 229 244 275 287 299 316 367 480 494
45 101 102 107 115 147 174 182 227 234 270 316 325 330 350 411 441 466
5 33 66 79 90 181 254 269 279 305 323 334 383 421 444 466 482 487
2 12 67 114 126 153 174 193 206 223 236 251 291 336 374 449 476 488
4 7 30 71 77 108 110 126 149 184 212 236 298 359 373 383 467 487
12 13 118 179 187 195 202 203 252 267 288 311 332 358 395 398 404 451
101 118 120 128 129 169 218 251 272 325 333 334 354 407 418 455 461 492
4 36 70 75 143 177 183 228 287 298 299 305 329 339 344 345 390 394
12 15 77 90 152 153 154 160 204 320 331 391 392 422 431 447 473 482
31 63 72 85 91 128 137 166 173 202 209 217 236 240 251 275 347 407
3 4 40 190 202 249 272 323 325 335 351 401 416 418 420 435 444 476
2 15 84 115 119 147 173 232 295 299 349 350 414 415 444 454 478 496
13 30 88 130 149 152 222 238 248 287 317 334 349 379 394 412 459 498
103 111 117 123 124 130 168 179 181 224 234 262 271 334 358 359 372 412
12 49 60 73 97 101 122 159 216 235 254 281 341 374 378 383 407 470
3 52 72 90 131 191 197 201 223 237 247 358 360 386 420 451 466 476
18 73 80 113 151 183 239 242 267 273 297 303 326 329 362 386 458 468
13 26 35 79 81 100 195 214 222 249 277 286 305 320 340 368 478 498
39 60 70 73 83 121 127 180 183 191 228 268 311 373 387 412 428 460
74 82 129 157 219 263 269 278 317 320 346 374 447 452 462 467 469 484
23 49 55 61 70 114 175 234 256 301 302 307 336 403 448 456 475 492
21 50 94 102 110 118 128 155 168 207 233 256 265 372 416 448 464 486
55 57 142 150 163 181 231 305 320 329 385 394 397 406 442 458 479 489
29 48 74 122 165 167 202 209 274 275 303 312 318 334 335 356 443 472
52 59 76 89 97 129 133 139 165 171 213 215 247 284 317 346 393 454
4 47 65 74 103 174 177 190 238 256 283 290 355 381 400 425 437 450
13 20 49 85 104 116 125 158 198 275 276 283 365 391 402 409 412 499
5 10 32 57 96 137 141 150 177 268 279 332 370 410 437 442 443 494
56 73 113 148 185 198 222 258 280 296 336 345 350 408 409 412 429 472
64 98 126 137 161 171 216 220 221 259 306 329 346 360 366 435 473 486
20 22 31 40 48 49 92 94 100 101 103 111 113 121 180 311 340 354
3 32 45 74 137 146 209 239 249 272 293 295 361 388 420 430 478 489
9 89 133 148 185 237 255 261 274 284 290 306 388 397 405 433 438 439
18 23 31 38 60 61 75 139 210 238 276 300 304 337 349 397 426 458
18 22 23 49 130 131 139 141 191 194 268 319 333 343 344 426 454 492
2 59 74 79 93 112 114 153 234 235 247 270 286 366 418 439 449 472
70 97 106 130 138 158 211 238 265 289 302 303 323 382 397 438 462 468
25 33 93 112 117 122 124 130 134 238 346 354 364 389 431 449 459 470
0 51 108 143 177 182 217 230 277 289 294 375 396 412 423 427 486 494
49 124 144 178 184 222 232 237 239 244 259 262 336 353 366 447 455 462 499
3 54 71 74 91 154 160 164 182 212 237 239 265 286 292 308 382 412 438
71 75 104 136 153 164 173 190 202 215 231 267 329 333 366 377 411 423 437
5 61 170 195 202 207 229 255 268 293 347 394 400 436 439 453 466 469 481
18 21 29 35 40 68 79 117 212 230 250 283 287 318 339 346 347 349 431
2 52 74 75 138 148 176 196 217 244 253 273 278 310 335 375 400 409 435
5 14 66 124 174 191 204 219 257 296 319 354 363 367 437 445 446 455 456
27 103 142 182 221 253 277 330 351 358 365 367 397 401 425 426 427 491 492
8 64 81 219 272 294 305 327 339 396 415 418 421 422 443 452 463 478 493
118 131 166 219 268 284 294 305 315 326 340 359 371 415 430 433 442 476 477
0 30 55 65 73 77 82 132 164 172 203 236 339 363 399 422 483 490 494
20 33 44 57 116 144 164 173 187 241 254 295 343 354 358 383 400 416 492
31 50 191 239 240 250 270 276 313 317 335 368 400 406 410 475 478 481 483
7 44 51 121 177 203 233 248 269 272 278 291 297 384 386 399 410 450 462
17 27 61 63 126 154 209 239 245 262 283 289 297 313 325 332 352 404 427
133 155 166 172 237 241 243 245 256 312 316 325 331 364 372 418 422 450 470
24 169 174 175 208 214 281 282 286 292 298 324 391 393 407 417 451 477 486
1 18 30 149 169 194 246 255 336 371 374 382 424 425 443 453 458 463 465
13 45 69 79 90 126 138 204 215 240 260 279 292 307 347 397 399 449 489
10 61 80 136 152 170 186 248 250 265 270 316 334 339 372 416 420 464 490
1 78 115 121 199 245 274 283 300 307 308 340 359 369 373 425 450 461 486
1 9 14 48 82 118 130 156 185 221 281 297 349 483 487 488 491 492 499
76 98 109 119 125 131 144 198 229 283 326 352 388 426 447 456 473 492 495
3 8 20 53 73 96 103 105 148 179 186 229 240 249 368 424 453 459 483
8 28 72 135 138 140 183 217 257 259 282 331 347 389 423 426 448 449 458
92 111 133 148 158 170 185 203 222 237 243 259 321 400 422 424 432 435 473
120 126 136 146 166 225 280 301 359 362 371 401 425 429 432 436 455 483 497
18 41 58 96 148 151 168 170 193 273 278 298 335 354 357 430 447 448 495
3 35 42 99 101 110 203 292 297 303 324 363 372 388 392 417 446 461 479
0 13 40 45 50 106 107 203 218 242 302 307 327 390 404 409 466 481 491
32 34 111 140 142 151 203 291 310 318 328 332 366 403 444 446 454 458 466
9 36 129 176 217 237 254 261 267 304 344 355 394 416 435 438 471 490 494
8 15 24 29 47 59 78 82 114 118 163 183 234 258 264 281 424 465 481
115 118 148 161 167 178 190 210 246 250 367 368 383 395 417 451 488 490 498
2 101 140 162 176 178 180 187 235 260 269 276 299 314 355 430 438 459 466
27 47 54 66 88 107 153 212 266 269 289 293 340 354 389 392 439 441 472
1 8 27 64 148 156 200 204 206 270 276 278 291 363 399 424 452 475 481
64 151 157 173 177 187 201 228 254 261 308 314 347 364 382 384 392 397 441
25 40 68 94 123 163 195 208 250 269 279 313 338 340 350 357 367 430 449
75 77 85 93 104 129 162 199 208 269 322 335 344 353 387 391 399 456 491
5 60 74 78 102 125 127 154 176 296 322 358 381 462 470 472 477 484 489
0 21 36 68 91 98 183 184 189 218 255 272 281 303 308 322 391 401 438
43 82 102 103 139 152 164 294 321 325 333 342 374 383 386 407 412 477 491
13 15 111 138 140 141 145 154 160 202 218 234 243 254 277 287 381 392 484
44 72 74 77 107 116 172 303 308 316 335 340 346 352 390 404 421 455 487
6 31 47 150 156 158 160 161 171 276 278 300 312 320 335 377 394 409 413
8 30 37 53 61 80 89 102 120 139 216 265 282 291 306 308 382 447 455
23 39 40 86 107 112 126 132 187 195 209 264 304 368 374 409 429 431 477
11 128 186 225 232 260 277 295 297 304 344 360 370 389 407 413 462 476 499
0 36 45 72 83 88 135 140 145 190 269 280 301 308 327 338 367 401 443
32 53 78 96 143 149 208 227 241 242 260 303 324 411 452 460 481 482 490
64 66 77 81 93 185 207 212 217 242 245 272 290 364 394 411 412 432 486
3 22 36 59 83 109 128 154 155 185 197 208 249 390 409 417 463 466 498
0 7 27 33 116 135 162 175 207 251 294 305 310 342 354 383 394 405 481
17 52 62 91 93 135 145 157 175 239 285 346 354 380 387 403 412 425 492
2 8 16 43 60 133 135 162 166 193 214 217 277 338 340 383 420 436 484
8 9 11 36 47 48 51 63 69 80 81 139 240 324 358 395 410 454 496
60 90 91 134 164 180 218 237 241 273 284 285 297 324 329 353 381 424 455
2 14 26 183 191 194 239 243 258 261 278 286 302 345 375 399 417 421 490
36 56 75 76 109 148 268 272 322 369 387 403 412 418 423 425 462 463 475
49 107 109 142 148 217 218 234 261 298 320 322 323 334 341 382 396 463 473
49 134 176 188 221 226 294 301 311 319 320 329 352 361 383 393 425 458 462
25 64 121 123 192 202 211 223 234 240 260 285 312 316 337 370 380 397 407
17 29 38 45 82 133 159 170 171 223 277 324 331 360 410 423 444 491 498
17 39 43 44 48 106 109 141 144 158 221 228 268 365 406 434 464 469 470
20 46 88 95 132 145 178 191 226 256 280 366 373 378 385 392 411 437 486
29 62 140 161 184 188 223 229 249 315 336 407 414 422 430 436 442 493 498
64 69 113 129 153 155 162 174 175 227 230 291 302 332 356 438 459 478 498
48 49 94 134 188 235 244 301 312 318 328 336 343 357 360 450 455 467 478
21 31 36 63 84 128 132 137 156 182 184 199 223 226 246 305 356 379 425
4 49 50 105 110 137 154 165 169 204 207 252 336 347 433 434 474 486 494
13 38 46 64 127 183 186 249 255 256 269 290 296 299 380 440 451 482 484
8 27 36 43 73 102 105 143 165 198 236 252 260 383 410 425 440 445 476
13 25 38 81 131 137 142 204 226 243 262 277 287 409 420 441 451 464 478
58 81 117 160 204 227 229 242 281 284 326 328 337 375 385 436 438 454 488
28 50 77 105 152 160 253 272 279 284 312 347 349 396 405 436 446 487 492
5 19 93 105 127 175 216 224 245 285 326 344 346 376 401 414 446 451 470
20 28 39 43 53 83 139 208 218 227 275 288 327 333 343 347 378 457 498
103 105 108 126 176 187 189 252 253 264 287 323 352 364 375 412 482 495 497
16 103 107 137 162 170 183 216 228 245 249 340 354 374 376 377 440 444 482
3 14 26 34 41 66 71 106 108 181 216 270 324 371 399 421 432 441 443 450
7 14 29 61 66 90 98 119 172 301 308 367 398 413 434 441 450 475 479 481
25 55 56 62 79 82 98 110 199 212 229 299 333 341 346 350 353 357 358 470
34 45 56 96 97 115 120 124 248 294 301 319 335 364 376 391 392 434 435 457
82 87 93 101 110 131 201 215 218 248 277 288 308 321 331 385 392 436 479 494
4 8 77 87 94 110 132 134 231 252 304 317 332 344 353 360 440 460 472 475
37 41 62 69 92 120 129 134 143 144 148 161 163 221 301 334 345 381 393 431
2 15 41 51 63 64 66 72 103 106 151 154 179 197 282 316 372 387 413 486
19 25 102 106 108 123 157 164 186 191 226 279 305 321 343 350 364 384 414 441
47 54 57 72 77 90 166 204 216 277 283 287 350 367 386 416 429 453 463 484
62 67 144 150 203 207 211 226 247 264 275 299 318 341 413 423 440 453 481 486
58 70 83 95 154 174 250 294 307 312 341 355 360 372 375 376 416 421 437 438
38 45 52 56 78 88 120 140 149 221 256 264 300 351 362 369 384 385 449 470
35 93 104 142 161 230 264 276 295 330 338 356 392 395 398 400 404 461 473 496
0 34 35 79 95 104 107 160 184 197 225 231 234 275 293 367 379 408 491 497
1 17 85 109 124 146 179 195 220 226 264 277 288 348 360 364 400 407 485 498
70 140 160 170 222 245 257 263 277 298 300 328 330 355 374 379 395 424 435 481
50 173 191 196 243 295 301 303 305 307 321 331 363 377 378 396 402 433 444 454
12 14 25 41 123 148 152 172 178 187 201 226 255 311 327 341 349 361 399 442
16 19 51 56 127 130 143 148 156 188 222 236 255 260 282 326 328 382 432 485
5 65 90 112 183 199 204 231 259 270 293 299 326 345 350 362 402 457 459 466
21 75 111 195 204 229 246 270 311 343 387 413 414 424 429 432 446 450 488 494
15 31 97 108 145 165 178 249 251 263 295 314 316 371 384 390 411 426 465 492
13 127 142 189 212 222 233 236 248 256 260 271 293 310 318 329 373 374 415 465
20 45 60 113 121 153 174 195 210 223 231 240 247 252 306 419 420 437 444 474
28 30 35 105 129 150 234 259 314 323 332 335 366 376 405 409 428 449 469 471
18 33 80 115 147 150 185 224 246 261 275 299 365 379 392 423 457 470 482 493
9 26 34 52 65 74 88 106 119 193 228 230 252 267 296 304 334 352 381 496
11 15 55 78 99 127 161 164 204 246 309 314 317 341 359 394 413 435 438 488
4 5 63 66 114 122 123 136 147 158 184 225 228 282 365 396 424 438 468 484
119 177 225 226 229 236 245 271 273 321 331 340 349 355 381 405 426 429 433 440
7 27 87 103 104 116 128 133 196 233 246 311 316 359 371 398 440 445 490 498
4 49 60 63 89 90 116 132 153 171 195 312 324 336 351 368 433 449 484 490
10 30 105 116 159 183 193 222 228 244 260 275 299 355 410 458 475 488 489 499
62 72 86 123 142 150 152 177 316 319 365 381 410 422 434 446 453 472 475 490
60 151 165 176 262 282 319 344 363 367 374 377 379 384 405 410 440 455 474 480
2 7 25 26 44 60 105 163 230 240 258 295 297 352 415 419 439 465 473 476
23 33 34 49 91 135 140 144 168 189 221 280 310 311 373 388 447 478 494 497
22 43 70 170 175 210 244 250 283 287 316 342 367 380 401 406 427 445 472 475
56 72 73 74 96 113 126 136 172 239 264 297 359 363 387 405 410 453 455 472
59 122 134 136 139 171 212 218 226 228 231 235 236 303 311 336 397 448 494 499
0 53 58 93 158 171 229 243 291 320 345 350 391 417 442 447 456 473 477 478
14 32 44 80 97 132 162 163 174 249 262 269 292 293 300 309 312 410 415 440
9 26 37 51 66 89 137 173 205 211 288 337 338 420 421 427 437 438 447 473
46 52 75 86 137 171 190 228 242 247 250 292 308 323 347 358 368 406 444 460
7 31 32 82 100 182 199 218 220 224 257 279 304 307 311 369 381 382 396 438
28 34 37 38 48 57 62 118 145 150 262 273 319 324 348 353 377 419 438 439
68 83 158 172 179 189 199 233 238 242 278 333 337 344 396 401 417 420 456 489
2 36 63 149 153 220 233 235 267 288 301 319 331 338 411 418 434 444 456 476
42 83 97 104 116 134 151 155 170 193 208 250 317 325 344 347 355 377 386 497
52 67 87 140 143 166 168 203 247 249 258 269 276 286 330 333 375 410 474 494
12 64 66 84 85 88 94 103 134 166 183 230 239 259 273 350 384 430 475 486
18 55 62 109 133 159 167 209 246 259 260 269 272 335 346 365 379 454 474 486
1 34 52 81 83 128 159 165 223 234 254 313 350 360 368 408 415 416 430 445
24 30 46 58 62 76 101 105 171 219 226 231 257 263 297 317 427 432 436 481
39 51 85 126 134 142 150 162 248 297 312 314 357 366 386 391 401 457 478 496
23 72 92 167 239 294 316 329 349 372 401 417 423 428 430 433 436 469 472 499
29 95 121 174 242 269 274 307 314 319 324 327 348 370 377 387 411 443 445 453
0 4 46 125 126 233 275 301 306 338 394 395 399 426 433 452 456 477 480 490
15 24 26 28 56 84 90 95 116 218 228 246 265 282 321 336 352 431 469 487
15 24 35 57 66 71 100 203 216 236 252 303 350 395 431 446 448 484 493 494
9 42 44 55 68 72 90 98 169 262 273 305 316 337 384 405 439 458 476 481
56 84 108 114 117 138 139 269 291 317 327 331 336 361 389 401 417 455 473 498
19 38 84 184 187 214 223 284 295 306 313 326 349 355 371 392 393 403 407 408
6 9 27 53 79 134 141 201 284 347 351 354 372 392 415 447 472 476 486 487
31 42 48 78 104 165 184 197 199 254 278 308 313 335 356 375 379 417 449 498
7 42 43 49 54 60 63 64 71 84 145 148 191 264 275 285 411 455 480 496
2 45 47 80 96 124 140 141 152 201 204 208 216 218 240 331 371 388 415 430
54 66 74 97 123 144 153 183 210 266 299 330 391 392 436 454 462 471 474 491
4 47 51 73 87 122 131 140 182 245 250 275 297 349 353 384 458 480 484 493
73 117 162 185 186 212 225 232 235 252 271 283 312 325 339 372 402 405 422 449
11 31 45 48 57 59 163 177 192 209 223 285 289 293 372 373 431 432 445 458
4 21 31 98 99 107 133 135 192 240 285 302 372 386 410 412 448 484 489 494
68 76 83 121 125 130 137 196 197 206 220 244 264 275 304 359 363 368 439 467
23 97 117 147 153 160 169 186 192 212 216 224 240 242 253 291 303 441 460 464
3 29 35 37 67 93 99 109 133 152 174 196 239 255 293 302 324 352 370 401
41 87 102 107 117 118 125 223 232 245 319 329 362 367 397 411 469 478 492 498
34 35 49 82 114 136 182 189 212 213 236 352 375 386 394 440 459 466 490 492
21 70 74 89 113 137 152 175 185 193 197 205 217 248 250 287 310 394 420 491
35 41 80 112 135 164 179 193 239 246 268 274 313 315 365 424 458 462 467 472
