391 454
6 138
76 95
275 372
0 140
83 105
26 151
37 109
300 483
354 490
308 484
144 209
123 144
5 116
0 132
332 452
168 192
260 369
25 197
343 492
370 382
258 382
286 288
129 240
115 181
439 440
311 477
361 490
21 61
256 494
151 241
64 120
27 54
253 494
280 456
302 473
300 387
250 363
328 352
308 432
345 456
30 132
316 447
58 191
290 293
14 34
35 85
417 461
195 201
55 75
11 201
88 186
420 447
336 420
82 116
276 373
2 22
156 223
252 460
89 129
157 192
87 94
114 249
23 213
175 240
29 234
366 386
50 188
35 60
43 155
54 197
154 173
21 142
62 146
408 437
180 217
266 418
28 29
20 144
396 421
315 447
16 205
462 469
23 117
67 125
259 470
283 481
267 290
33 214
253 488
281 370
369 402
55 120
398 470
39 139
58 121
327 369
84 206
66 200
378 422
6 19
226 232
58 59
342 359
194 214
168 219
366 416
378 446
17 131
341 367
28 206
398 444
179 217
297 484
26 233
188 192
275 361
263 412
64 182
393 442
414 458
137 231
292 345
14 31
424 428
280 470
341 453
302 368
82 162
314 418
60 220
118 144
254 273
36 196
19 242
342 429
384 407
263 476
111 169
340 392
318 421
445 481
120 144
2 62
283 478
41 189
409 413
304 465
34 239
322 405
255 419
74 205
252 395
460 462
307 423
269 326
13 105
252 343
121 243
141 218
14 158
355 401
10 183
78 109
255 274
176 185
11 72
40 188
277 279
133 203
29 240
367 434
283 332
28 193
138 153
386 425
157 168
317 424
284 398
305 464
281 406
113 184
122 197
190 241
131 203
11 202
148 233
66 205
296 469
30 116
253 447
199 218
352 474
350 354
332 467
402 432
102 224
480 490
1 83
82 84
379 390
110 247
230 238
20 176
284 334
384 471
352 454
88 212
134 218
322 439
395 499
79 106
29 105
13 230
311 372
99 200
328 487
54 129
171 192
306 454
37 216
41 234
92 218
367 428
254 280
154 212
434 455
65 164
60 177
9 34
43 56
89 237
63 163
69 86
345 376
313 406
457 488
82 111
137 203
437 444
35 220
74 126
420 423
77 91
287 376
45 69
312 346
286 457
160 186
297 465
260 416
427 429
254 339
66 74
201 216
44 102
265 298
263 397
179 217
275 412
176 207
484 491
470 482
351 413
305 425
187 244
5 128
285 399
352 431
331 442
319 384
15 163
117 195
97 204
106 209
9 59
30 105
183 223
366 439
371 433
360 396
357 427
153 159
260 473
169 175
9 246
82 130
378 412
213 233
18 24
130 248
367 388
31 224
279 446
68 107
172 216
257 364
363 461
399 412
47 203
156 278 357
77 91 424
145 261 404
112 153 249
288 303 462
42 80 190
348 422 480
283 352 360
13 35 365
67 232 253
290 293 309
78 216 363
91 259 331
83 172 324
64 92 194
64 100 219
308 310 435
11 15 236
27 86 151
106 174 212
46 87 249
35 56 474
272 332 366
300 346 451
381 471 482
43 336 425
48 97 221
52 166 493
142 195 330
361 426 458
108 239 243
9 171 465
289 415 492
48 77 408
343 396 414
343 379 487
379 400 459
105 244 348
281 313 479
276 332 468
177 220 465
293 351 402
81 157 247
215 288 341
223 323 379
309 358 395
124 213 269
20 364 413
269 382 424
80 369 389
144 204 403
129 181 320
85 347 463
28 50 131
76 347 357
285 402 489
136 206 255
19 123 135
153 189 406
109 358 467
93 105 240
247 277 363
154 218 230
318 367 459
87 166 383
7 9 218
18 68 238
35 270 289
90 204 252
161 374 472
6 231 441
1 40 171
123 255 463
302 331 337
19 98 297
59 257 345
272 380 456
20 247 391
76 238 244
65 78 240
193 313 424
56 386 434
280 309 416
167 284 301
302 329 342
273 289 453
256 273 385
42 288 441
146 350 412
227 434 443
48 69 184
270 406 474
428 456 485
229 279 297
282 299 468
230 336 491
66 117 179
145 155 411
47 163 344
228 307 474
37 345 429
46 72 444
240 344 436
202 244 272
258 293 299
118 387 465
67 75 247
31 45 495
93 240 401
166 294 415
164 336 471
425 464 497
64 72 185
318 431 490
294 332 395
428 486 494
213 473 477
26 57 182
105 383 446
101 159 190
27 147 224
49 245 254
37 351 434
10 159 219
27 318 458
141 205 394
86 106 170
70 282 439
24 169 205
134 222 444
9 26 36
47 199 210
140 203 324
21 236 373
47 406 430
75 134 297
137 169 232
8 172 351
16 99 470
171 397 448
102 243 272
136 162 285
26 149 214
250 390 431
293 346 433
3 283 339
307 469 492
12 204 474
53 128 268
282 396 457
11 286 436
17 212 363
6 87 483
18 79 150
294 430 439
48 75 299
23 342 461
98 140 428
214 372 422
140 389 463
306 385 415
96 186 294
248 314 436
157 411 424
311 312 408
121 232 279
132 199 209
14 349 448
422 453 460
4 388 408
298 303 418
383 398 441
52 248 308
156 160 166
92 110 152
288 308 415
144 149 340
442 472 483
131 194 337
157 178 224
96 178 476
308 318 395
21 84 197
16 249 256
14 35 419
18 214 225
122 285 367
347 405 485
179 201 230
2 162 379
119 315 403
33 55 247
287 364 465
421 428 471
120 146 165
268 387 463
223 377 389
142 262 405
13 168 433
14 53 77
152 240 323
225 271 396
313 482 497
41 67 263
149 220 242
164 237 273
93 220 274
93 118 136
9 106 164
195 290 354
7 13 139
11 41 105
1 3 227
196 314 341
6 210 244
95 383 497
263 335 344
177 391 477
267 294 470
239 329 359
90 468 488
268 293 427
31 226 248
311 329 374
44 309 346
305 382 425
0 58 65
402 415 498
326 336 344
214 250 265
179 316 350
51 221 292
13 136 375
321 333 417
21 68 258
4 148 369
278 467 488
3 38 136
320 433 468
256 308 379
341 368 460
20 230 272
273 437 452
8 369 427
160 363 453
216 462 465
127 270 285
202 319 402
7 185 477
146 369 412
319 405 487
54 107 262
196 252 494
294 466 480
123 235 474
20 194 200
349 476 488
181 431 482
14 98 481
195 239 492
69 169 210
350 385 408
142 198 461
142 178 188
33 184 192
251 476 493
117 367 405
23 362 415
136 195 220
72 189 357
169 239 437
271 308 384
14 209 216
178 336 367
202 226 306
103 111 251
371 426 495
120 244 395
38 45 244
107 150 181
154 230 434
159 255 357
10 211 273
141 173 423
17 62 291
211 226 338
50 75 189
15 113 144
49 185 198
138 216 424
102 176 463
10 78 174
14 27 106
81 173 248
202 209 426
221 311 321
63 69 198
107 394 480
420 438 476
319 331 445
94 132 183 189
119 305 390 483
40 181 197 305
74 264 315 390
83 227 338 452
47 52 57 263
120 153 166 172
348 367 426 496
71 240 351 473
252 283 348 424
2 24 105 435
88 103 208 298
60 112 219 381
41 220 362 377
136 194 202 205
12 95 190 458
10 26 263 385
34 38 158 426
44 92 204 436
217 253 385 424
183 229 265 424
26 317 404 453
320 334 361 488
137 218 382 431
20 29 48 151
136 148 213 435
44 250 299 419
119 332 444 459
101 203 339 388
141 190 391 441
313 364 473 491
213 263 281 349
3 115 127 168
238 309 426 478
13 20 50 191
168 256 308 372
64 130 274 306
46 94 426 471
219 335 414 478
292 311 447 467
51 98 214 220
62 299 313 402
13 93 129 468
28 145 354 379
6 35 38 245
67 201 219 351
252 366 488 494
145 271 275 465
69 295 306 341
349 360 374 424
179 296 366 496
14 73 174 308
57 88 182 443
113 342 396 463
225 285 440 492
156 346 348 477
70 404 446 496
22 394 400 479
30 37 161 200
13 171 232 316
54 152 199 221
15 53 107 413
51 83 99 297
192 220 232 406
121 212 342 351
384 412 418 478
104 149 178 257
40 73 270 389
11 282 378 388
24 158 216 399
109 238 268 319
47 179 274 287
59 80 249 374
79 180 185 355
336 427 438 479
256 350 368 458
48 74 83 450
95 202 415 460
116 470 481 489
244 373 448 454
132 133 163 367
31 58 140 218
156 306 366 474
14 376 377 393
1 325 346 443
16 70 113 496
284 342 457 467
239 299 395 480
329 340 469 479
298 362 409 457
215 283 335 402
58 334 349 470
105 152 436 487
27 53 93 374
38 54 211 213
131 175 310 468
54 266 299 421
312 340 473 496
70 150 201 302
30 229 264 412
57 64 117 215
254 348 392 414
177 265 321 467
325 389 407 490
15 38 119 155
72 76 438 498
73 90 187 377
74 116 135 375
281 393 429 452
6 27 32 105
19 160 447 483
299 335 343 470
23 253 286 408
44 160 178 489
61 296 370 381
32 100 285 347
205 213 302 454
68 354 484 491
93 249 329 412
102 248 283 374
80 192 238 300
121 271 314 429
18 153 166 203
2 110 185 187
112 172 405 440
38 67 130 252
90 219 338 351
345 388 393 407
89 246 345 379
15 265 338 462
96 277 410 479
221 402 414 431
366 436 441 487
90 268 293 439
180 238 393 486
25 30 167 220
33 132 370 379
21 183 239 368
181 244 247 308
56 75 285 317
20 191 194 217
128 146 258 407
63 167 271 323
116 131 197 210
37 234 279 305
9 123 217 366
199 320 373 421
45 170 316 459
10 59 147 240
43 190 321 437
71 145 381 429
267 310 325 341
102 327 383 442
184 204 206 289
67 245 272 380
78 135 231 267
85 154 190 229
95 171 248 449
8 127 148 262
111 130 319 497
108 179 233 269
27 142 251 337
266 269 379 382
101 211 218 288
297 358 394 424
94 255 265 324
115 170 345 354
128 212 231 248
126 291 380 455
107 111 232 396
58 168 221 285
8 21 58 185
7 361 428 476
126 292 430 431
27 132 212 226
117 192 257 303
65 337 455 472
59 123 128 178
65 192 264 397
45 95 183 274
40 165 236 424
160 205 240 435
106 254 272 333
43 71 162 201
223 232 248 320
40 121 155 379
80 154 382 472
38 85 176 293
239 325 399 458
83 86 233 451
20 148 365 406
20 38 47 71
93 165 232 491
53 152 239 457
144 199 318 433
63 129 240 423
256 286 334 444
81 103 245 348
48 196 453 479
143 288 373 437
27 60 286 432 482
160 250 258 320 469
25 122 261 405 475
108 285 292 422 473
99 194 327 370 471
273 312 369 397 487
207 233 282 352 373
245 316 336 396 421
78 118 127 304 452
70 139 180 453 468
80 89 163 282 326
5 15 350 401 431
18 169 241 339 347
327 426 435 452 479
340 402 445 481 495
39 41 122 195 381
87 108 147 176 314
74 161 304 305 395
253 299 350 431 459
36 47 72 227 333
182 230 267 305 347
74 237 285 329 351
39 55 153 163 228
14 17 117 212 283
184 351 363 408 494
80 100 367 377 481
215 303 333 369 375
33 50 245 274 499
18 135 175 189 298
131 238 284 322 445
97 104 184 233 413
63 163 208 235 497
72 244 257 277 416
251 295 342 401 481
129 141 241 279 358
46 231 368 428 492
77 194 330 403 464
292 314 398 408 472
2 23 214 256 413
1 5 218 311 465
80 270 324 478 493
198 199 332 358 388
146 324 390 396 451
251 268 371 426 428
58 155 169 247 453
2 126 233 354 395
39 59 74 305 487
23 159 205 233 484
15 346 388 472 492
18 125 338 404 442
50 176 189 197 420
28 159 430 437 476
30 99 135 435 465
44 157 184 376 381
10 19 171 258 339
64 215 249 386 425
102 106 147 194 489
30 104 171 469 476
7 12 151 168 397
154 190 233 242 266
140 142 229 276 317
18 135 158 173 176
12 42 152 173 183
230 277 313 356 478
53 198 225 236 289
2 3 370 377 485
157 165 253 346 353
195 296 339 359 383
97 393 421 451 456
151 255 410 431 484
17 110 230 272 327
10 43 156 163 493
26 65 90 258 438
30 32 199 364 422
18 24 123 175 235
80 82 177 233 371
10 100 178 310 462
51 249 253 328 497
262 276 377 401 422
101 193 238 429 459
27 289 310 460 477
71 112 243 249 437
133 202 215 274 470
23 42 210 229 287
56 124 297 346 379
29 207 210 388 440
48 137 143 385 441
53 100 151 309 325
173 196 202 341 359
113 119 151 165 285
137 321 385 421 432
154 322 406 410 429
22 107 178 218 282
141 187 346 370 376
230 251 356 365 367
19 179 394 398 476
56 165 247 356 479
14 77 111 229 348
32 97 105 274 336
84 110 152 259 417
299 310 321 471 473
26 145 199 222 250
53 138 163 169 231
160 192 288 292 374
156 209 268 421 429
15 162 198 274 384
1 309 330 454 466
174 330 333 366 487
174 179 362 369 418
120 147 200 328 396
50 137 142 159 246
99 308 370 462 497
0 169 218 332 416
89 228 333 485 494
129 194 333 353 403
175 292 336 393 463
83 179 211 245 477
38 262 269 326 392
251 261 283 338 491
25 63 74 209 328
313 344 467 480 497
35 180 214 284 462
107 155 176 180 459
330 341 436 440 447
8 139 207 238 456
6 256 410 425 429
149 215 402 409 438
319 327 397 417 418
140 230 249 319 403
212 311 330 429 466
154 224 294 352 376
106 142 221 251 367
63 98 257 314 401
114 140 193 316 398
21 29 68 145 156
14 67 162 267 288
72 74 170 235 351
21 48 57 216 330
48 55 94 162 480
42 122 265 370 429
9 102 289 313 447
41 110 164 234 299
46 95 133 203 320
9 72 97 375 422
237 249 318 391 476
26 56 70 178 201
230 290 377 393 460
22 45 170 247 356
8 151 409 444 458
30 197 240 248 447
6 167 197 364 425
30 35 118 128 412
231 255 351 446 456
185 242 294 452 468
77 171 208 291 318
59 69 212 419 496
101 103 138 159 495
29 118 202 292 371
61 63 243 466 481
7 95 96 208 445
74 218 286 314 340
371 385 410 439 497
251 270 328 351 363
24 111 212 371 390
44 59 196 254 398
38 304 344 413 462
57 85 187 193 241
4 6 60 89 470
43 64 172 181 469
57 204 220 236 387
35 98 114 128 230
125 158 336 355 497
1 28 207 392 397
20 34 278 302 393
364 374 417 476 489
75 80 219 342 374
142 212 298 387 420
77 300 371 415 446
145 174 211 436 463
8 84 168 246 451
25 54 97 129 341
35 331 389 403 451
39 95 131 142 181
84 244 282 329 340
129 368 404 427 488
12 29 306 312 335
60 88 91 113 212
49 145 157 219 468
52 208 209 245 282
55 135 142 223 493
4 13 28 215 220
72 108 121 183 426
22 227 247 334 435
175 305 312 321 337
31 41 237 247 415
25 138 271 377 458
76 207 213 214 235
24 46 343 354 363
5 21 148 399 490
86 225 308 316 427
67 165 189 233 389 396
19 164 201 307 327 458
140 146 210 237 338 371
127 217 228 356 380 440
17 46 129 230 234 329
86 163 169 245 406 434
82 266 313 416 460 483
184 285 382 383 387 450
114 129 144 380 396 460
72 195 200 363 411 415
46 129 269 360 388 486
146 249 316 337 450 477
127 136 216 365 415 436
131 174 222 236 324 453
67 125 178 262 293 423
56 104 190 222 346 410
167 203 269 316 318 419
17 108 128 297 305 326
3 142 213 221 411 484
13 80 170 203 259 364
27 41 122 123 401 432
144 191 214 219 221 244
204 275 288 402 470 473
25 279 285 340 418 458
74 103 135 214 286 333
60 318 366 395 425 438
136 178 267 282 350 439
93 243 314 402 405 413
27 244 290 376 427 472
2 257 277 324 376 382
42 83 88 131 271 396
0 59 97 161 213 457
48 208 285 423 433 435
20 47 67 161 227 404
6 27 36 117 287 475
63 91 290 294 311 357
29 112 185 225 249 406
71 113 229 328 356 378
124 315 399 417 481 497
94 172 216 258 395 476
9 139 184 188 226 391
15 86 110 222 320 481
1 4 58 200 203 434
286 287 318 359 435 495
110 152 153 309 470 493
126 278 285 376 410 459
87 132 279 293 384 395
27 56 221 299 374 402
163 182 247 414 445 479
13 46 83 158 229 241
193 249 257 270 288 481
129 250 317 357 371 469
34 218 303 356 422 466
143 196 258 280 322 357
124 248 255 334 361 438
77 335 386 409 420 461
36 56 219 399 413 422
123 160 174 228 365 375
0 27 39 207 344 372
92 114 155 160 256 453
169 242 253 420 443 447
301 341 406 467 468 486
4 22 42 145 458 494
91 299 340 407 488 493
16 128 246 282 339 480
192 194 233 353 396 438
190 315 409 458 473 492
91 127 172 264 307 378
19 98 216 242 247 346
61 97 148 204 216 377
84 119 123 199 261 333
11 59 201 270 382 390
33 58 110 279 294 425
85 151 166 180 215 241
102 120 238 369 401 438
56 152 153 171 421 433
9 39 50 148 292 320
79 95 163 239 254 477
280 297 344 379 445 470
91 153 167 325 397 496
43 86 186 251 272 441
20 53 65 103 239 469
64 117 159 228 282 386
16 93 159 218 235 299
58 61 77 255 306 446
48 128 137 256 412 435
73 132 201 241 286 431
215 270 294 335 393 488
52 292 312 414 415 478
5 78 127 136 345 472
50 57 60 205 221 231
128 132 256 366 387 437
9 143 157 202 247 412
86 89 280 295 464 472
94 323 398 439 461 462
11 167 322 339 365 446
75 125 167 284 404 474
4 12 219 292 424 488
7 50 153 181 256 316
31 50 162 175 403 479
26 103 139 215 269 394
69 90 313 355 389 420
55 99 132 333 378 467
272 294 306 320 321 398
95 161 170 340 424 458
166 241 331 338 465 479
82 124 170 186 259 283
47 232 243 274 419 425
58 305 398 399 470 490
21 156 190 224 236 406
130 266 279 309 346 372
20 33 38 221 223 283
210 215 262 310 378 392
42 83 145 254 394 459
59 94 242 282 320 390
75 201 313 324 378 460
19 20 130 143 208 409
58 97 158 174 279 323
4 156 237 243 341 363
74 85 116 165 341 483
27 31 91 348 417 496
80 123 263 337 485 497
0 56 70 313 459 463
105 178 288 372 395 477
58 178 271 295 310 489
11 189 319 320 321 329
46 50 256 312 337 444
119 131 153 275 312 375
13 45 310 387 397 447
125 170 184 192 210 437
10 27 52 67 223 411
62 194 212 319 337 357
20 21 22 343 370 440
13 25 150 164 335 498
28 144 155 400 464 480
26 132 292 299 341 493
118 144 272 283 317 333
122 123 132 259 322 344
47 78 98 284 305 467
27 212 302 353 425 438
179 183 213 242 248 449
175 185 260 286 313 386
20 194 275 293 436 442
40 51 59 167 170 175
69 217 251 269 422 493
44 135 305 331 442 458
76 163 268 358 400 429
18 46 110 205 220 232
184 310 319 380 391 468
49 51 75 80 177 243
77 120 218 295 390 401 429
13 38 95 132 320 452 453
64 121 177 219 222 239 417
13 86 181 210 257 411 415
31 73 84 177 232 240 383
92 95 111 181 197 345 470
12 75 80 113 137 199 487
17 184 257 270 307 405 496
135 140 402 406 458 473 475
134 209 279 306 329 394 401
178 215 320 352 382 402 452
27 128 219 244 300 410 484
93 137 188 206 257 360 413
0 27 177 184 287 314 433
145 158 276 317 338 438 490
75 82 117 200 309 415 481
2 27 143 153 172 245 464
86 116 207 212 272 275 415
45 55 115 201 232 357 405
86 119 148 210 227 326 367
34 47 98 271 325 347 427
0 108 217 245 346 467 471
179 228 284 294 392 396 430
0 160 263 265 284 347 388
77 113 117 150 174 430 499
13 15 113 223 262 348 417
50 71 77 166 198 285 290
98 139 198 274 351 379 417
16 47 118 327 333 414 437
127 188 271 319 321 401 418
28 63 204 318 322 328 373
42 57 65 122 147 201 284
119 151 167 227 234 290 328
12 25 73 128 250 375 441
129 134 168 308 348 380 403
2 64 123 139 151 238 272
6 7 65 116 299 365 433
5 20 34 85 164 207 319
7 81 279 314 320 365 497
43 53 108 204 244 401 421
58 80 115 159 182 373 472
19 104 172 334 432 433 480
174 245 269 317 410 423 439
25 178 234 253 410 419 486
28 103 192 348 425 443 456
2 12 149 211 323 451 455
108 173 242 295 326 338 418
188 227 317 353 424 459 467
76 191 311 321 372 416 477
100 105 278 339 346 467 487
38 63 119 291 382 401 450
6 55 71 91 294 422 445
40 274 278 292 332 430 438
30 37 73 161 376 445 455
57 159 187 208 243 323 349
130 229 231 248 285 436 494
75 251 258 284 422 431 483
66 94 121 224 263 283 492
24 45 65 116 328 387 436
269 284 368 422 472 490 494
25 52 216 226 228 260 352
89 209 320 324 341 374 412
254 288 382 418 441 456 465
38 189 263 267 287 332 452
8 64 99 193 254 329 422
48 65 125 265 300 302 475
97 98 127 149 222 255 333
4 31 53 68 129 357 407
59 64 92 190 256 261 349
118 121 188 211 323 384 423
213 215 365 397 409 423 456
48 246 258 294 321 349 470
53 78 107 311 393 412 480
42 262 336 377 408 475 488
18 84 128 160 375 419 493
66 92 141 205 220 251 433
156 219 245 282 317 413 414
74 97 130 157 233 240 256
18 35 141 194 204 232 450
104 146 192 399 418 457 481
17 36 145 242 255 279 316
115 116 153 200 294 389 421
85 155 279 282 369 390 409
55 126 134 265 307 350 439
6 80 86 108 137 197 372
61 224 255 268 418 440 461
1 68 142 254 308 440 484
33 181 347 349 354 475 497
21 91 142 177 280 304 338
48 57 132 269 321 415 472
165 226 272 377 381 392 413
7 33 117 314 379 451 452
14 15 88 127 248 276 415
63 67 113 368 407 422 469
19 131 182 196 238 279 325
56 89 106 213 266 399 495
80 183 193 354 371 380 485
40 45 145 154 370 400 456
22 29 70 235 333 365 440
132 147 195 231 262 313 334
40 265 271 273 353 394 452
60 72 118 209 231 235 278
14 26 81 97 100 168 443
23 62 78 292 320 445 486
52 128 252 342 357 454 460
36 58 97 110 233 433 447
62 141 176 255 268 282 498
101 184 294 312 344 394 480
118 146 172 346 357 367 477
11 70 101 229 279 365 455
6 115 237 263 394 443 444
180 225 282 302 339 358 391
40 53 109 135 190 217 340
3 29 109 136 250 388 439
18 240 263 288 357 457 460
85 130 232 378 444 450 460
25 61 376 447 455 484 485
68 120 228 270 291 424 445
66 81 104 152 198 373 475
40 100 311 320 347 425 439
133 245 253 389 418 480 496
81 141 188 287 315 350 455
3 186 237 339 383 415 475
0 43 120 156 164 402 413
81 247 253 295 367 430 496
104 135 185 209 211 276 338
11 45 143 240 243 297 396
32 155 221 234 295 380 415
74 140 173 229 234 243 279
29 62 108 118 159 172 397
190 236 260 263 275 340 434
70 155 180 282 375 430 461
35 45 102 164 272 308 377
169 175 249 311 390 413 450
15 77 120 222 311 315 368
6 278 308 383 396 406 455
5 51 129 219 330 343 467
125 210 222 225 289 321 488
36 56 63 66 193 195 250
1 24 120 268 353 430 493
16 71 212 239 270 285 386
9 46 96 117 149 224 487
104 166 243 253 373 381 387
24 74 109 141 166 176 197
18 59 334 360 436 441 480
277 311 316 341 358 442 474
71 209 227 237 303 313 343
119 136 160 194 213 225 493
15 88 219 294 355 418 489
20 60 203 232 274 355 443
71 88 164 165 329 414 489 497
43 118 126 218 239 370 399 473
82 116 303 314 315 330 404 407
56 68 132 142 231 312 377 379
29 50 76 83 184 217 335 350
10 107 175 220 319 368 444 489
14 49 50 96 213 239 343 392
22 65 95 159 184 188 395 419
2 60 158 170 189 253 472 490
9 76 80 97 142 189 304 449
2 169 203 312 364 426 479 481
25 101 151 260 268 273 440 493
36 52 120 226 247 280 341 449
198 304 356 359 365 415 426 465
55 143 249 253 270 283 381 411
9 48 166 219 268 324 374 404
17 119 154 218 317 397 419 420
66 82 151 215 293 328 349 489
77 144 152 273 280 408 432 473
56 90 97 115 284 347 429 482
7 86 114 154 161 380 443 452
11 31 46 75 174 308 337 359
74 91 139 161 243 278 403 415
63 119 198 234 286 341 396 402
75 82 268 298 363 415 444 492
4 9 35 175 219 399 421 426
13 144 178 198 249 251 412 419
40 175 196 245 333 378 435 458
77 93 105 125 195 241 248 469
20 85 172 228 309 352 482 489
37 43 78 234 247 262 357 446
30 167 211 317 359 398 400 431
98 102 154 179 198 202 215 225
14 32 303 346 377 380 429 441
4 67 167 317 387 397 401 403
91 182 308 364 368 389 426 454
14 36 57 80 117 139 355 401
16 110 114 165 249 300 318 414
25 55 74 97 106 141 352 476
22 71 158 207 243 255 414 472
54 56 109 188 206 207 369 435
34 146 156 278 337 350 365 475
12 284 307 327 354 447 450 487
20 34 59 68 179 269 436 450
72 178 215 307 328 375 477 495
16 28 198 394 405 412 438 452
57 101 117 182 187 222 241 497
67 90 158 196 291 425 451 453
56 127 237 332 363 428 446 489
94 115 361 405 408 420 435 451
9 20 43 188 287 329 397 446
51 180 192 226 313 318 346 351
35 247 279 323 378 399 432 443
49 80 166 185 207 251 362 472
39 44 64 151 333 364 423 451
4 187 206 261 277 300 340 416
3 206 254 328 386 421 495 496
7 45 64 74 128 137 313 458
23 43 60 90 187 396 449 490
65 129 163 189 247 249 310 491
4 6 176 177 192 218 267 457
50 200 231 242 292 379 386 445
10 25 173 186 357 464 465 481
110 135 147 211 225 304 328 468
44 51 66 67 153 254 374 439
8 23 278 334 397 464 492 498
35 55 110 118 225 314 367 397
31 45 55 154 200 211 294 351
11 70 84 140 247 263 406 428
76 177 256 311 313 402 405 412
77 116 120 223 247 304 328 462
69 74 131 155 185 354 369 484
22 27 112 149 194 237 312 436
164 187 201 215 267 410 426 432
14 43 55 76 126 194 251 394
54 100 157 188 228 287 293 480
115 125 232 405 440 468 478 480
39 99 155 212 339 408 422 466
46 95 103 244 264 288 461 489
18 66 120 141 193 213 308 463
46 52 164 176 288 326 380 490
114 123 137 159 168 203 223 460
109 123 131 183 202 329 392 436
13 45 72 86 195 226 352 366
55 85 168 224 234 259 267 343
28 41 81 136 190 239 255 484
25 30 40 121 140 301 350 482
68 130 156 234 275 303 415 428
42 138 195 249 263 314 380 469
18 100 209 223 261 316 425 468
7 22 26 93 128 172 468 494
10 135 214 275 323 409 422 491
72 116 209 302 310 311 355 478
58 159 271 357 387 396 411 483
47 54 126 153 266 331 443 499
123 124 201 261 262 320 435 485
47 88 130 149 165 219 393 494
95 114 144 262 333 345 440 491
113 227 257 298 334 395 470 473
17 45 81 237 253 396 422 434
85 119 211 213 289 386 410 493
102 153 201 261 268 308 401 487
18 31 62 71 98 158 274 339
5 186 245 284 308 388 408 417
26 92 98 108 254 394 413 424
119 259 295 393 395 396 412 436
169 227 332 336 430 438 448 456
69 117 235 421 431 443 456 498
86 139 233 267 322 329 379 385
68 106 198 294 320 392 405 430
10 16 51 102 168 419 430 474
134 161 207 233 299 300 323 409
7 89 114 132 157 244 251 421
67 114 168 351 377 431 448 466
37 106 111 161 168 192 217 334
7 97 239 350 409 412 418 443
10 42 107 134 306 349 486 488
90 103 121 139 150 193 216 378
74 143 276 285 316 322 351 394
120 208 228 262 314 383 418 474
9 24 57 119 208 320 388 422
50 166 199 338 350 410 498 499
130 142 146 229 261 271 350 402
76 105 110 295 317 363 467 469
5 23 53 208 334 357 389 434
20 62 94 103 154 278 356 369
84 99 106 128 253 294 360 476
24 102 126 239 285 325 415 452
4 7 52 131 247 312 330 367
19 72 74 104 183 285 313 392
14 72 116 153 222 287 326 334
18 33 212 226 249 308 397 405
9 57 84 155 247 299 333 447
61 74 122 138 227 302 317 413
74 98 201 206 291 423 430 435
179 222 241 310 345 389 399 448
68 77 107 174 212 265 339 354
14 57 148 191 431 442 452 462
266 291 312 397 483 486 493 499
134 165 203 204 325 329 470 486
12 100 242 268 306 407 419 439
26 161 193 281 373 435 442 476
17 22 27 92 101 104 363 371
19 265 289 362 366 395 479 490
10 142 164 227 275 282 284 329
103 114 183 196 218 228 383 435
2 195 232 243 305 311 348 461
14 28 52 63 150 238 275 297
28 62 159 190 238 261 435 490
53 109 183 194 301 306 368 431
99 271 286 295 296 307 377 388 441
33 49 141 147 155 195 259 267 372
108 216 219 257 329 349 359 387 389
0 84 130 162 278 285 290 372 493
128 135 181 214 248 272 414 466 492
11 28 137 169 205 255 310 410 446
36 47 65 82 93 101 125 344 399
109 118 230 232 252 310 364 414 481
95 141 144 147 263 290 355 393 481
104 219 287 304 330 389 426 450 478
13 223 260 261 289 314 399 411 458
36 116 182 209 232 265 302 433 487
46 71 252 292 302 309 331 346 347
162 250 278 290 368 408 465 470 472
18 108 163 186 221 258 292 365 381
44 80 123 134 167 188 190 328 448
30 45 119 186 201 361 370 387 431
1 85 110 278 327 330 363 387 427
119 133 140 198 211 234 307 366 409
26 51 114 161 191 280 387 467 488
107 187 225 250 269 284 369 465 467
5 46 58 206 307 415 422 457 494
28 171 181 281 286 288 347 376 433
33 66 84 126 317 338 344 455 472
93 130 210 243 333 440 466 478 493
183 191 227 247 260 306 388 466 468
38 116 147 199 292 305 392 426 428
9 75 90 389 391 415 424 474 479
46 227 250 257 288 310 321 328 495
110 147 244 257 267 273 286 385 462
23 27 161 167 169 221 237 243 494
67 110 217 251 265 329 408 444 471
44 55 73 146 178 241 286 358 432
34 80 123 130 151 158 184 210 441
75 108 178 189 305 380 399 426 451
20 98 170 225 266 391 396 398 463
8 48 133 150 185 198 390 473 479
15 21 34 74 100 185 187 307 471
141 219 230 256 320 332 456 465 494
64 66 94 100 109 235 246 262 281
40 133 158 173 199 369 397 432 484
6 118 153 205 252 327 370 406 447
4 13 14 26 87 166 242 366 367
58 82 112 192 234 256 303 324 397
78 104 107 345 349 373 377 422 432
128 137 143 175 284 316 430 447 477
19 57 173 207 214 247 253 481 492
3 32 115 151 226 247 253 299 459
26 35 156 230 238 272 420 424 449
23 162 346 398 416 426 461 479 490
59 62 77 128 156 288 313 430 490
8 57 99 116 143 284 347 488 497
79 97 152 268 357 392 462 472 476
8 34 52 77 83 129 213 324 489
35 42 130 166 284 286 319 348 356
208 261 311 358 371 376 446 452 463
79 133 200 277 325 328 388 391 446
56 145 146 159 197 254 318 453 457
72 80 90 202 322 367 387 489 490
152 180 210 222 275 341 370 388 472
56 129 253 272 277 294 338 440 486
35 75 77 99 163 335 365 388 486
37 92 115 216 253 439 444 457 471
126 199 327 342 352 363 365 430 445
63 82 110 125 179 292 345 378 435
143 184 264 413 418 421 431 461 497
30 62 171 191 240 292 348 360 427
11 55 163 252 310 316 336 430 474
47 175 176 181 220 303 305 324 345
230 257 266 279 347 376 381 429 436
168 205 228 238 361 397 423 434 460
20 44 124 147 164 319 386 397 412
26 44 171 241 251 385 430 431 453
39 174 180 218 393 396 437 476 490
0 178 222 228 232 340 405 411 444
53 68 94 206 207 208 247 367 388
29 42 129 150 228 236 326 411 428
43 53 108 122 173 182 374 383 459
32 37 91 116 242 278 292 321 412
113 202 208 272 333 347 375 396 476
18 101 137 181 187 337 411 479 481
18 78 130 200 216 256 342 442 464
10 21 100 184 196 204 247 345 474
9 36 41 68 116 141 229 257 274
33 49 90 156 287 298 339 343 434
33 39 71 86 121 363 390 418 435
124 164 173 205 266 365 416 435 484
231 256 257 316 357 422 440 450 475
18 32 80 173 195 305 325 344 374
31 45 74 79 82 147 384 389 495
11 47 89 107 160 214 313 404 447
35 128 133 145 312 372 442 476 479
63 94 97 114 206 207 256 264 424
30 63 64 156 169 192 289 452 464
108 181 218 223 226 263 282 337 419
54 204 340 344 350 380 392 443 499
1 229 240 254 282 319 338 341 425
56 189 215 340 373 395 411 455 464
25 29 97 149 232 278 387 401 428
63 130 247 263 317 327 439 464 491
24 178 186 253 321 358 438 461 484
108 147 197 267 272 279 282 353 379
59 70 152 158 219 220 257 363 437
7 26 43 52 81 189 297 373 469
176 215 222 281 356 368 404 438 452
99 101 171 204 208 244 279 418 438
77 139 182 249 291 295 308 366 428
40 56 81 110 121 159 190 330 447
42 278 290 340 362 364 412 436 454
24 90 93 113 134 190 325 452 473
25 57 95 114 171 183 294 314 424
23 187 190 267 312 332 407 478 494
23 83 131 145 233 253 263 441 460
38 55 91 239 371 386 396 419 489
127 188 205 277 316 352 384 397 476
91 114 220 322 329 330 410 442 493
18 163 169 239 242 282 336 413 416
11 107 250 253 292 317 375 394 416
23 101 139 213 222 270 295 316 319
19 34 70 91 164 317 373 397 419
49 58 143 173 195 261 305 453 494
27 113 215 297 325 365 393 446 454
16 27 50 76 90 119 211 378 386
5 6 12 78 96 166 401 412 466
65 114 135 302 342 382 431 453 464
18 114 219 252 288 308 320 380 494
20 123 125 172 188 243 377 422 464
66 77 114 125 129 351 359 381 418
57 175 213 285 345 414 417 441 480
25 32 163 166 266 275 310 318 377
29 137 165 179 253 260 339 407 443
43 54 73 112 160 178 244 269 310
45 70 92 95 253 263 280 409 481
31 38 52 59 82 88 301 400 403
47 281 326 351 375 380 386 445 460
45 60 106 116 162 186 201 386 388
9 60 106 261 284 318 323 351 420
136 154 165 187 212 215 341 355 390
5 27 73 245 250 270 279 414 445
10 64 74 130 176 181 207 227 267
25 28 39 288 307 357 365 396 495
120 176 200 238 241 269 332 418 489
34 71 207 208 269 374 396 444 498
125 216 221 244 284 309 381 450 498
6 36 59 289 305 313 357 426 449
13 45 102 222 287 341 368 467 497
9 22 31 47 48 62 114 207 404
44 46 263 325 341 432 451 472 491
29 52 140 149 195 210 248 371 401
8 117 218 281 340 416 422 446 475
56 79 106 117 303 331 355 379 438 490
45 124 169 210 317 319 336 370 391 436
2 47 50 68 119 149 182 184 185 239
91 222 328 358 361 372 450 456 479 485
89 112 232 307 332 351 365 371 434 439
43 118 151 187 189 312 335 392 430 441
25 40 55 61 260 315 339 342 414 474
51 103 145 190 332 341 360 385 395 477
19 59 102 122 125 128 178 282 339 397
54 159 219 227 255 382 411 423 434 462
23 137 143 198 256 302 320 325 326 486
217 319 334 336 343 379 389 405 420 487
12 43 125 307 323 326 349 355 367 465
168 178 288 322 353 360 379 389 412 453
13 54 66 136 200 349 351 368 461 474
1 74 121 129 176 217 245 266 284 492
24 83 253 257 296 300 340 361 397 432
0 81 98 229 241 308 320 367 394 480
4 25 131 147 219 381 394 410 458 496
56 110 164 193 194 275 385 444 446 499
54 86 90 183 291 310 312 329 347 424
41 99 126 205 217 223 256 334 349 476
34 68 74 111 121 142 217 346 435 498
6 18 20 211 246 301 340 370 406 463
13 40 52 58 118 230 298 311 386 461
95 125 152 155 158 190 240 272 356 383
6 65 137 189 215 313 396 414 466 470
21 64 152 219 237 297 356 370 372 487
53 121 295 306 350 357 358 453 470 492
47 57 112 200 206 237 296 415 436 480
2 92 134 186 252 284 325 335 409 474
60 158 180 182 261 280 293 344 358 359
4 54 69 118 146 184 251 312 368 481
141 152 283 320 352 377 396 402 421 475
23 66 201 232 290 315 336 345 347 382
26 64 150 247 279 281 309 409 439 452
6 21 35 76 221 231 272 394 489 497
32 41 91 227 256 328 417 429 435 490
42 81 86 116 130 213 370 380 411 476
6 43 164 169 289 305 338 341 410 456
6 7 28 97 129 132 168 253 281 442
30 85 100 141 155 182 183 231 272 394
29 67 96 175 179 204 216 264 367 407
17 52 104 123 216 220 235 389 418 457
143 185 296 317 329 389 406 411 497 499
1 3 85 156 263 269 295 327 379 429
13 114 144 195 215 275 356 462 465 481
44 155 163 264 290 416 444 447 478 494
76 80 115 120 223 260 381 447 475 479
47 209 216 280 283 312 324 329 461 495
73 180 243 281 336 339 344 348 356 387
17 131 137 170 197 266 300 315 322 436
152 222 267 322 336 355 378 391 394 422
38 243 250 257 269 328 441 465 469 492
51 137 223 255 275 376 393 461 482 491
68 101 132 144 171 204 250 295 314 356
77 97 180 280 299 365 373 420 429 489
22 45 86 142 158 201 233 254 324 341
3 43 162 264 409 432 441 465 480 485
34 128 176 179 241 258 276 348 408 498
4 33 117 149 276 278 323 324 413 466
75 84 191 194 316 358 368 403 455 486
91 135 148 200 267 268 413 437 448 474
72 78 122 240 274 275 453 456 465 476
18 76 90 143 150 211 231 303 348 414
106 186 277 289 331 376 390 444 465 471
15 16 35 119 130 186 267 278 337 423
93 109 219 226 242 249 270 313 446 448
49 61 91 164 171 198 230 372 382 412
3 117 211 215 260 281 326 348 403 428
37 51 87 93 122 153 289 335 426 439
10 30 104 125 131 136 143 207 435 442
22 91 132 146 171 172 215 300 383 470
117 120 212 263 282 295 300 301 306 457
25 62 92 172 244 253 260 339 430 481
25 58 73 98 107 346 349 391 429 482
64 98 104 126 139 186 367 440 461 481
91 131 150 160 237 345 391 398 415 479
7 73 169 283 322 352 370 398 462 499
15 60 94 101 201 260 317 475 491 496
83 87 126 133 234 240 273 295 448 468
12 41 51 78 87 163 224 266 422 483
0 79 104 119 195 250 257 310 407 463
4 42 242 279 339 371 394 412 440 452
13 61 71 97 100 280 286 370 418 452
134 159 295 303 310 385 387 391 400 403
74 98 119 247 292 294 317 387 429 438
85 92 136 242 306 326 330 337 408 457
55 103 170 176 274 299 366 370 405 440
4 18 21 102 131 225 274 308 384 484
14 21 101 118 122 168 266 335 464 499
13 61 149 157 186 234 277 282 419 449
49 67 100 124 179 211 214 296 314 470
25 51 74 112 137 167 192 198 204 392
24 62 99 103 131 209 261 384 445 477
28 61 62 64 102 109 233 292 321 333
60 108 116 124 177 223 275 375 381 460
74 186 240 264 332 365 387 392 471 488
96 154 169 202 229 268 269 324 455 494
10 73 80 104 132 145 171 235 334 426
0 24 80 163 173 227 301 322 386 464
12 84 103 104 238 264 339 360 488 498
5 12 164 219 248 300 372 423 446 451
31 101 114 200 299 304 335 364 455 462
5 56 69 108 158 204 232 245 455 486
3 12 24 33 75 101 162 206 368 465
0 45 129 130 178 263 272 354 441 456
10 81 87 143 222 244 274 417 452 465
63 153 158 210 217 263 325 378 419 431
30 94 106 191 206 298 356 367 473 496
5 74 79 184 192 213 257 430 432 435
1 21 162 179 199 205 245 425 447 489
5 74 92 177 289 312 319 336 452 491
56 63 107 127 155 190 262 363 370 449
43 87 138 303 317 377 404 420 438 473
49 65 107 139 212 316 344 376 377 463
31 34 210 213 307 382 393 465 475 497
53 178 179 202 241 250 276 320 351 364
25 80 102 106 158 164 197 306 435 450
32 41 156 159 183 233 241 249 290 426
124 166 259 274 289 339 355 411 458 474 491
15 20 63 137 157 233 281 364 378 407 471
63 90 123 151 160 209 215 220 345 358 472
24 53 77 100 216 291 299 358 397 398 432
9 141 145 190 210 271 295 367 369 377 425
110 127 185 188 203 207 322 376 394 466 467
103 119 178 200 212 284 304 396 440 443 475
23 35 130 255 281 290 306 332 334 341 355
1 20 48 171 223 268 296 327 355 407 449
3 17 41 43 88 103 123 152 170 267 399
84 96 148 202 206 243 288 372 402 441 484
164 167 195 240 264 286 305 319 340 381 445
2 9 82 96 98 211 218 295 312 344 381
89 238 242 264 291 332 364 391 433 488 498
49 81 146 202 242 260 266 268 295 305 342
0 61 99 195 197 233 260 341 375 397 483
13 27 29 34 52 96 133 167 187 310 463
1 74 87 113 115 141 145 151 165 226 386
60 147 185 261 303 316 397 404 423 433 448
85 254 260 290 302 338 340 367 403 483 487
17 120 165 181 202 277 292 306 323 368 441
89 156 177 197 295 324 334 352 385 410 425
1 14 46 72 161 194 208 232 236 267 356
13 20 29 84 242 348 364 408 419 454 470
6 36 174 186 284 294 308 379 456 467 494
65 93 128 181 225 238 291 370 376 439 472
2 22 44 106 110 120 349 363 395 454 476
17 48 116 150 156 248 281 293 329 434 435
122 221 245 315 320 330 397 399 418 428 491
48 94 155 208 235 244 300 343 382 387 475
24 115 129 131 214 221 249 294 360 439 486
24 62 83 218 266 295 344 365 426 433 480
4 52 224 228 240 282 284 285 319 377 379
73 78 124 151 248 286 288 421 427 443 479
30 256 279 320 322 331 403 428 437 463 494
15 29 83 94 99 269 280 343 349 431 466
131 172 191 204 215 230 264 270 298 373 421
20 86 95 115 125 240 353 392 412 444 451
32 107 161 201 219 291 292 294 380 412 466
102 116 119 145 211 242 248 275 303 316 484
20 24 83 105 232 343 370 383 384 431 468
52 57 111 219 262 315 344 396 425 454 491
105 111 125 236 262 287 412 413 421 456 479
5 16 17 55 92 109 325 361 366 424 437
9 21 62 87 190 259 264 267 289 386 499
54 106 149 187 189 217 337 339 390 403 462
30 146 219 317 332 379 431 470 472 476 488
45 61 250 292 294 302 347 398 474 489 492
28 55 159 164 170 280 305 330 369 421 476
41 57 73 223 258 312 350 359 370 426 491
42 50 51 76 100 154 167 282 318 394 485
132 218 225 233 242 257 296 305 339 380 429
22 38 148 157 167 193 194 221 296 315 350
5 79 198 219 235 300 302 385 404 425 478
43 90 160 172 216 235 295 336 416 429 454
55 141 175 199 265 325 352 354 396 422 496
57 63 109 119 246 329 339 368 383 423 458
6 16 66 107 162 180 214 232 412 445 447
44 47 58 152 220 284 285 373 396 397 399
3 73 120 160 198 208 308 350 355 435 470
60 91 97 100 101 134 149 214 237 341 378
8 67 89 213 225 234 336 369 431 473 484
115 126 169 229 266 275 297 310 418 425 451
78 109 136 167 189 231 236 307 450 455 473
39 72 115 183 235 249 304 311 353 379 463
33 128 179 180 277 308 317 318 337 364 366
32 67 123 142 176 262 272 292 363 421 496
22 49 65 101 115 188 223 248 338 420 495
48 103 149 191 269 276 319 366 404 422 432
125 163 227 238 296 299 315 343 353 395 446
85 103 121 144 159 188 189 203 317 336 474
24 86 121 173 186 192 193 226 312 425 433
3 5 110 205 397 416 453 472 473 483 496
16 26 49 103 223 293 346 359 463 487 489
8 13 14 59 107 239 299 371 445 462 467
4 30 41 58 118 142 181 247 249 341 485
20 90 135 172 199 204 397 412 420 426 482
44 76 120 134 160 162 163 204 216 295 382
173 183 213 246 328 339 341 355 397 399 404
25 73 105 209 227 236 237 273 291 453 484
89 118 199 224 227 231 271 295 312 404 450
13 19 22 181 188 287 295 306 314 322 338
78 122 151 194 213 219 250 315 409 442 444
115 134 156 210 264 361 420 432 435 462 472
16 72 102 222 270 294 302 416 475 478 496
95 100 197 199 219 228 305 320 417 427 449
37 68 110 186 230 253 302 306 374 413 471
18 30 164 166 236 241 322 376 383 396 490
103 106 199 200 275 277 296 318 358 435 439
20 88 89 96 126 288 374 376 420 429 479
63 86 181 266 289 303 308 394 423 434 457
50 56 74 116 122 228 242 256 370 479 496
44 121 131 135 155 272 320 403 446 459 490
28 44 48 57 60 64 185 202 251 347 428
25 62 88 120 121 171 174 377 458 462 477
57 234 321 324 354 417 426 472 478 483 493
27 45 83 166 239 242 256 280 359 451 490
54 88 228 249 348 353 367 370 381 386 441
33 36 187 246 253 265 318 345 378 463 473
131 163 184 217 271 279 336 359 450 494 499
1 28 47 97 273 308 334 374 404 409 476
42 72 134 166 214 268 302 324 363 371 425
71 151 153 214 290 318 332 414 415 434 458
65 88 90 115 146 180 212 252 274 464 489
10 21 145 152 250 333 343 363 373 478 495
10 85 95 108 202 203 237 304 429 462 465
25 160 162 204 267 319 333 336 338 354 482
60 69 76 86 137 141 196 382 453 469 499
47 55 113 226 292 327 344 361 389 438 469
4 36 63 116 131 227 414 433 448 477 486
48 210 281 344 345 370 417 424 441 480 486
46 60 120 138 314 347 358 422 450 470 477
87 107 115 125 156 260 388 392 446 492 498
14 65 129 147 184 187 200 258 279 431 465
36 40 109 128 146 148 250 263 387 408 418
34 37 99 248 264 271 314 327 350 362 433
32 115 261 315 320 340 372 390 446 458 483
59 71 75 97 122 160 227 249 290 336 440
63 164 237 247 273 277 313 400 433 466 473
79 102 149 186 188 263 291 322 356 476 495
1 23 67 212 226 227 246 290 406 450 465 489
114 133 180 293 299 326 327 338 342 475 480 498
44 71 91 141 146 401 406 422 434 443 448 481
9 51 59 124 162 203 250 319 355 444 460 496
19 95 171 229 265 305 347 351 361 385 387 392
20 32 59 156 189 201 252 265 346 388 434 468
33 49 71 99 178 236 243 262 276 340 389 423
115 163 177 340 362 373 427 437 457 467 479 484
0 13 54 99 245 258 262 328 335 355 374 429
56 99 142 152 154 300 303 330 351 377 421 495
38 50 178 182 194 223 232 283 348 356 375 466
8 56 131 154 185 231 259 269 341 362 394 430
71 104 114 121 202 210 294 314 351 387 492 496
21 40 76 161 179 200 235 238 260 293 308 487
143 194 224 333 351 367 369 383 430 432 451 453
16 34 59 73 136 170 206 270 413 424 426 477
17 85 87 104 140 308 318 334 347 363 449 454
55 65 139 150 151 158 160 210 296 463 467 487
1 13 25 124 169 175 310 322 417 421 434 485
102 176 218 234 248 307 370 375 383 422 446 462
64 105 193 201 250 291 301 335 348 417 463 471
38 110 126 140 227 277 283 330 391 425 460 483
22 43 51 129 172 188 219 225 273 276 290 373
4 129 143 163 172 238 247 269 399 401 422 452
46 111 125 166 191 219 246 252 279 342 381 436
5 10 47 78 131 235 272 277 334 350 411 425
16 55 59 68 120 166 187 218 280 319 488 495
38 126 134 144 162 202 215 246 320 405 480 498
29 33 66 80 97 112 136 184 197 257 271 292
5 29 56 157 160 246 272 309 352 453 480 493
40 42 53 124 149 162 178 179 258 282 293 380
46 47 50 105 124 179 192 221 289 312 358 436
17 77 121 167 205 246 309 317 328 375 422 461
4 29 35 62 147 148 208 221 298 313 320 484
51 107 117 151 188 270 321 348 355 366 405 410
100 113 115 123 170 199 256 305 365 414 454 492
18 24 118 274 321 328 341 387 400 468 477 487
83 168 174 189 212 289 344 371 393 455 465 482
13 31 72 147 153 177 190 284 320 371 376 382
3 24 99 107 120 169 187 260 272 392 420 464
23 60 100 134 144 145 205 252 366 383 404 440
92 112 140 155 173 183 207 231 242 327 330 391
51 76 77 245 285 286 293 365 376 387 419 423
15 46 85 108 170 178 230 236 261 277 337 486
31 36 58 259 271 317 318 363 407 415 442 496
10 77 101 112 196 249 270 272 304 337 430 433
11 29 31 115 212 277 302 355 396 447 463 490
3 106 182 276 316 369 373 392 447 461 486 491
59 60 100 119 203 204 247 248 290 318 347 486
34 64 206 258 271 286 309 325 358 377 455 475
0 1 6 16 87 213 257 414 422 428 461 482
15 59 112 183 254 270 281 285 328 347 363 458
19 34 70 81 98 282 354 360 381 404 443 465
26 107 126 161 164 186 194 253 330 346 357 428
27 28 31 59 115 186 237 286 317 371 423 446
23 33 73 79 157 195 275 276 304 333 378 386
8 35 122 162 201 226 265 308 334 373 431 478
27 77 118 146 155 160 166 221 337 346 436 491
5 115 123 158 179 260 334 338 362 371 384 416
15 57 63 67 155 224 250 252 297 342 457 484
29 120 122 300 337 348 381 396 409 464 489 497
22 117 143 157 165 175 182 195 226 233 376 450
60 120 134 199 234 236 237 322 345 428 451 490
43 182 195 207 236 308 327 360 383 388 389 439
15 217 225 257 317 332 374 396 431 439 462 495
96 104 127 151 296 310 326 364 434 439 479 494
10 115 164 168 190 208 261 294 377 432 491 495
21 40 46 79 98 114 123 143 246 397 477 479
1 22 28 60 83 116 186 204 228 260 308 427
52 57 121 162 168 257 311 326 409 436 482 485
146 233 270 282 301 313 341 342 348 469 477 495
24 220 225 258 261 262 280 282 332 356 420 437
38 54 157 160 185 211 230 246 367 402 450 480
3 39 133 280 283 414 424 441 446 478 482 486
40 89 91 155 180 190 196 221 269 331 377 400
75 159 169 181 265 300 328 336 414 479 493 497
60 120 134 209 224 235 273 293 315 366 367 413
71 94 124 176 185 205 264 266 290 311 378 382
56 59 90 198 208 210 229 238 242 247 268 383
150 191 288 309 316 321 344 354 425 439 456 487
29 67 76 180 185 189 255 262 289 328 479 488
15 35 188 230 240 265 268 313 385 427 429 451
19 65 131 213 224 239 271 291 300 327 384 474
11 51 104 142 144 156 208 235 269 353 471 486
36 71 115 116 145 199 212 232 259 271 439 462
10 13 66 129 140 145 148 307 315 346 352 357
14 31 40 132 168 182 214 245 260 316 399 432
41 107 115 229 234 299 347 363 411 434 450 481
1 42 65 121 202 204 216 227 271 288 296 326
7 112 150 157 227 239 309 352 390 463 473 485
26 33 154 171 178 214 218 329 361 372 377 382
60 79 104 145 172 200 218 249 258 259 330 415
22 36 47 59 63 77 94 246 345 358 380 464
45 67 85 87 104 300 309 345 361 387 407 414
0 84 122 144 146 223 257 333 364 461 470 480
43 154 236 240 243 283 343 368 379 424 454 465
11 104 133 170 193 197 241 303 344 394 416 495
31 143 181 235 243 247 293 309 333 399 405 470
22 61 115 179 202 279 282 294 301 369 405 489
35 57 122 123 146 171 183 197 224 265 319 412
6 23 139 146 195 198 236 256 328 334 347 391
3 14 23 71 101 167 213 221 299 330 380 401
1 23 57 93 105 140 204 276 323 429 470 482
29 82 95 100 106 127 136 236 293 327 363 442
29 72 98 126 151 178 186 296 392 407 408 470
6 21 50 74 81 145 266 308 418 446 453 477
16 43 97 103 115 137 143 266 294 312 331 447
18 122 157 199 212 238 276 277 301 310 332 357
80 83 102 129 172 208 209 258 284 356 366 427
22 23 34 42 87 153 249 293 351 387 404 473
42 56 64 129 150 164 171 246 286 370 437 456
47 108 172 174 246 250 345 355 388 389 458 461
42 70 71 85 104 156 361 371 377 402 426 453
17 69 124 265 277 315 396 408 429 451 462 492
15 60 79 88 113 128 209 237 266 395 423 483
4 15 41 42 102 145 150 374 381 402 404 475
30 36 59 113 125 219 249 260 304 348 420 472
3 61 105 192 198 283 296 311 348 349 394 410
25 49 63 102 113 154 207 334 411 438 440 463
35 59 76 151 176 191 302 343 364 394 410 426
16 62 134 174 184 269 280 324 332 354 365 417 460
33 70 128 141 174 183 207 303 366 396 424 459 491
103 149 173 208 221 228 277 278 419 430 478 487 498
0 11 23 71 80 83 112 140 187 245 341 347 477
4 8 61 63 64 77 109 140 223 235 266 293 485
80 169 171 191 210 240 253 293 350 355 356 466 467
123 126 127 224 317 321 374 380 390 430 450 463 492
21 90 146 190 257 262 323 374 394 400 408 428 484
8 34 53 68 96 100 115 144 244 301 317 324 402
62 94 96 105 149 173 221 224 274 298 360 373 467
9 32 34 35 50 71 105 168 230 265 318 400 499
0 68 178 207 233 247 261 277 293 341 368 438 456
34 61 63 68 107 227 233 269 355 360 434 442 469
1 74 91 120 279 300 326 330 331 399 445 452 498
2 66 72 162 269 273 340 346 389 393 394 395 499
29 63 80 83 98 113 181 233 308 351 372 380 403
40 68 95 106 236 270 293 304 315 385 401 433 483
9 12 24 40 77 218 231 250 289 349 372 410 469
17 28 54 152 190 203 236 254 284 328 334 415 453
16 85 115 171 175 176 202 252 304 325 398 417 425
8 64 82 98 109 189 245 337 349 377 454 466 474
24 65 72 90 147 195 201 243 346 370 409 475 492
21 137 139 153 168 174 244 309 344 444 465 480 486
35 122 153 160 176 210 238 239 287 375 395 411 486
60 101 116 139 162 188 192 206 298 338 395 419 455
44 87 162 171 207 242 289 306 323 331 362 452 467
25 57 72 97 104 136 151 188 246 263 292 374 421
1 18 29 46 115 148 246 339 363 384 408 415 420
25 106 117 127 149 164 166 237 266 306 307 387 393
157 186 192 193 195 243 258 279 367 368 389 458 464
6 136 145 289 301 312 316 323 328 366 387 398 491
15 31 89 94 111 161 194 260 273 293 320 336 371
6 117 286 295 314 330 351 397 404 432 448 456 487
10 33 66 132 147 233 264 357 366 374 405 455 470
5 132 135 200 208 255 272 277 311 321 346 403 476
23 46 152 228 277 305 312 346 357 369 422 428 466
3 45 87 144 172 195 203 224 232 322 382 418 451
40 186 188 196 235 237 264 301 393 398 402 445 487
25 28 62 64 101 111 264 334 352 369 395 431 449
28 58 82 168 250 278 312 354 412 416 427 428 457
35 70 93 171 181 232 240 255 269 378 449 464 476
42 101 141 168 205 219 258 313 317 373 400 467 480
3 42 119 121 128 178 309 315 328 375 408 413 423
41 48 195 203 212 214 296 380 451 466 474 487 498
98 222 271 284 293 300 306 355 379 390 392 476 481
34 222 230 239 307 324 400 421 429 437 456 470 480
8 43 61 65 83 132 179 198 214 250 290 473 497
66 73 120 132 133 140 176 223 248 260 343 345 363
41 56 76 117 123 139 219 291 328 388 394 409 428
36 152 176 212 213 244 263 315 352 369 384 407 451
19 34 79 84 177 242 278 311 313 314 327 426 448
53 135 152 168 177 206 212 350 372 408 413 438 455
4 26 33 86 229 241 252 327 329 355 361 469 474
98 136 146 203 207 218 247 276 317 395 396 450 453
13 41 124 139 191 193 207 220 240 262 324 345 484
23 50 60 68 124 175 262 273 338 375 413 443 468
26 43 112 149 152 170 195 206 367 426 446 480 489
8 18 45 48 74 193 212 231 280 325 364 375 436
2 15 53 81 139 169 197 244 252 353 403 420 443
16 40 49 89 182 220 227 236 257 272 307 406 479
0 8 9 52 70 84 88 159 261 367 439 441 478
24 26 32 65 82 87 122 257 270 301 331 338 406
5 145 168 170 171 197 199 214 267 353 371 405 444
20 96 103 124 155 172 216 254 318 404 410 451 466
54 59 95 104 112 143 151 154 170 172 318 325 405
16 46 71 149 191 231 243 247 303 370 416 455 480
41 48 70 85 90 153 167 217 344 365 372 441 496
25 72 113 117 132 161 191 213 233 253 337 405 467
3 38 49 83 89 308 330 334 381 445 453 455 458
0 2 21 96 98 135 248 430 439 469 474 476 493
4 87 133 135 169 199 218 235 274 287 354 435 498
5 30 160 241 244 267 280 321 376 410 438 453 479
9 41 85 97 164 179 259 310 319 347 391 414 482
31 58 184 212 244 247 260 307 343 390 391 433 456
12 71 176 177 196 245 308 402 405 419 430 437 487
111 134 167 219 266 285 320 327 346 357 368 380 409
3 62 67 115 127 201 214 251 288 295 353 380 449
14 50 62 98 229 327 328 341 355 366 372 421 491
10 96 114 158 161 236 276 328 354 398 444 479 493
2 107 136 172 174 215 235 241 247 271 380 455 494
51 66 100 212 227 235 302 308 324 385 409 464 479
32 87 95 98 191 192 248 317 348 422 423 454 495
80 104 155 161 165 206 225 276 282 333 376 410 412
8 47 107 155 187 193 214 243 254 323 330 370 408
70 110 120 129 212 237 266 268 292 333 432 454 486
7 63 126 207 231 295 307 328 402 414 465 472 493
60 115 121 135 190 295 344 400 402 403 432 477 491
5 24 72 91 149 155 218 311 335 395 400 412 434
20 27 62 76 95 100 115 214 287 385 469 490 493
45 67 128 130 182 204 267 272 292 341 400 417 443
0 60 74 135 163 188 223 260 329 350 386 404 491
23 31 116 118 156 180 209 298 323 344 355 431 490
57 101 168 184 188 205 265 279 375 431 467 473 476
111 122 146 166 175 178 193 208 246 281 339 416 485
111 124 125 142 160 166 180 189 210 267 274 349 454
76 99 124 178 194 208 312 329 425 458 463 486 491
21 69 121 125 173 195 275 282 312 355 362 399 426
24 121 134 138 163 194 257 353 402 428 451 472 477
14 116 134 150 184 230 258 278 297 302 331 412 479
8 129 145 159 181 228 247 250 257 376 404 433 466
11 21 54 63 210 220 262 294 299 308 339 376 417
42 83 117 118 204 250 262 303 317 318 418 421 449
5 12 88 155 215 228 333 350 376 406 418 427 480
19 32 78 169 215 216 264 297 301 324 337 393 450
0 12 27 47 62 131 263 274 289 309 414 486 496
51 98 106 119 142 164 195 298 309 344 358 390 447
120 138 161 261 269 320 321 333 364 404 421 426 495
21 72 216 285 352 372 389 396 408 431 436 463 479
6 26 38 103 130 141 171 263 290 331 358 395 435
12 38 54 161 172 183 233 265 326 331 362 372 406
14 20 26 63 94 220 291 339 349 367 454 460 489
0 123 126 156 206 229 232 257 271 353 385 438 452
4 62 140 213 243 247 275 284 306 390 442 464 473
67 89 99 275 295 304 327 339 349 358 426 495 497
125 143 165 172 183 189 291 293 295 302 304 305 362
16 34 40 93 104 177 189 203 274 294 322 403 483
0 51 66 80 98 135 156 216 230 286 325 378 481
14 41 73 160 245 265 270 312 316 429 437 450 463
6 11 18 43 45 95 105 129 180 237 304 425 465
22 28 70 111 138 148 164 203 312 314 385 477 498
10 17 32 33 56 77 94 103 210 272 296 336 438 479
35 44 118 136 189 209 241 244 251 278 390 417 441 456
24 46 81 128 247 268 293 299 365 371 416 433 454 481
78 86 151 153 162 200 226 238 239 242 275 403 421 466
30 63 115 173 192 203 213 242 264 278 349 351 370 467
67 94 128 196 203 236 243 277 290 321 337 390 396 447
69 71 83 109 125 137 170 176 202 221 266 275 292 373
89 150 239 261 292 293 318 339 404 461 463 474 494 495
3 12 17 80 100 116 171 230 305 420 432 440 466 498
3 15 37 44 106 273 278 296 312 321 358 396 401 463
115 132 156 161 255 277 291 302 309 356 364 395 400 475
28 34 36 62 75 91 160 161 162 176 236 425 438 488
14 66 71 135 168 181 183 235 309 347 350 369 414 493
58 95 116 128 134 139 196 219 228 301 365 387 390 445
30 46 81 128 131 132 220 238 321 329 390 412 447 478
6 8 22 45 164 195 239 282 302 316 338 378 414 435
12 32 61 73 78 159 170 256 259 306 326 379 422 440
10 72 91 93 137 151 163 189 210 276 296 359 496 499
2 43 50 59 67 193 196 223 229 234 245 274 386 466
7 64 135 167 218 284 354 390 392 422 434 438 463 496
2 6 23 29 33 62 73 136 232 308 319 383 497 499
38 46 79 112 147 185 274 295 315 351 389 448 451 472
37 51 123 223 237 315 355 358 429 445 453 475 476 492
29 58 119 154 165 175 214 306 376 387 391 480 489 493
31 43 45 100 115 124 143 162 220 352 364 370 433 446
0 27 125 166 248 263 297 326 350 352 362 449 480 497
54 137 143 150 205 215 243 290 294 335 385 458 473 489
127 129 154 160 236 274 388 390 397 408 431 432 479 494
3 86 112 121 222 257 295 318 327 330 357 380 456 487
8 57 111 245 338 340 372 374 391 400 410 454 486 489
3 58 73 139 182 200 206 224 300 306 345 353 355 477
14 36 215 226 261 275 277 337 343 353 357 422 439 450
1 72 159 276 308 320 324 328 352 364 378 391 435 436
37 117 125 199 262 284 293 297 298 363 368 371 416 477
39 59 151 158 218 238 276 310 324 382 408 440 481 488
32 116 149 156 184 187 206 216 236 257 264 406 456 479
18 54 88 116 133 160 185 263 267 388 421 429 481 492
3 77 89 117 142 185 190 209 214 276 278 350 357 393
67 105 112 162 185 284 295 301 302 320 362 390 437 489
3 61 74 115 124 126 335 353 357 380 412 434 447 484
17 25 27 33 86 89 148 298 333 392 466 467 484 490
33 94 119 183 252 283 324 340 367 433 447 456 477 482
16 106 156 160 261 302 313 340 376 395 436 439 442 473
13 16 106 119 127 170 215 316 336 402 403 464 485 496
5 39 71 144 147 210 213 260 302 316 336 373 381 468
15 41 104 138 180 191 296 307 326 359 412 436 464 475
59 70 80 135 259 291 297 302 384 393 401 437 443 455
15 46 110 117 120 163 181 306 337 388 393 401 406 488
55 77 90 139 146 215 274 290 298 299 301 325 435 455
29 56 124 127 141 154 171 176 221 286 350 392 467 483
102 138 146 245 271 290 345 357 359 385 413 422 438 494
39 48 122 136 139 143 156 199 212 260 263 300 317 352
28 36 40 107 243 250 267 278 356 363 383 402 463 471
69 144 146 153 179 190 201 274 356 444 479 488 497 498
1 83 101 151 156 162 233 262 312 337 344 360 439 495
30 57 96 112 124 254 327 352 411 415 439 446 482 493
40 102 157 182 208 226 253 259 342 359 400 424 441 454
8 50 53 67 76 89 161 169 263 283 329 362 402 491
5 20 47 84 103 173 244 253 292 313 324 342 437 490
23 32 77 131 181 192 226 300 332 346 362 380 413 492
25 39 92 98 149 180 238 246 272 277 307 373 390 476
8 31 75 118 120 156 213 243 247 250 259 281 330 344
1 25 56 93 129 148 166 202 277 293 392 431 479 482
13 22 91 103 138 164 176 184 199 222 311 326 417 446
17 58 87 146 193 297 303 343 346 373 401 454 458 480
2 60 100 109 133 198 227 237 252 378 391 397 468 489
30 50 103 108 123 129 149 287 326 329 366 414 456 491
37 58 140 156 186 200 205 235 252 325 358 360 423 450
15 16 44 57 71 138 162 264 294 316 376 401 414 419
9 17 41 46 60 102 191 235 274 322 361 373 397 474
4 67 87 149 183 189 202 234 247 286 287 316 360 409
62 75 92 171 178 229 259 329 337 383 400 406 411 440
50 60 69 112 119 142 156 227 268 287 291 321 438 496
21 82 112 168 171 172 223 253 261 272 296 323 399 418
7 17 41 49 51 105 124 262 300 305 357 399 432 457
37 50 60 162 164 185 193 196 242 264 352 361 368 497
29 57 76 86 94 140 206 290 298 315 339 345 468 485
52 86 114 135 149 157 185 209 238 284 331 332 398 467
51 140 152 179 228 250 253 266 287 387 396 420 453 454
74 101 162 180 181 208 277 306 344 389 400 408 433 454
65 79 115 137 141 143 166 213 250 297 307 404 408 453
37 82 92 103 162 216 255 257 282 292 357 370 423 427
3 80 91 159 189 255 263 274 286 327 367 427 441 458
69 93 118 143 151 163 181 192 220 371 434 461 465 484
32 63 66 80 89 110 112 179 194 244 439 445 492 494
6 11 65 141 161 193 214 242 255 259 328 330 368 421
29 41 56 100 201 259 289 324 339 432 477 485 495 499
32 53 92 97 113 193 230 243 355 382 407 424 466 477
20 83 102 120 121 174 178 191 201 220 245 295 342 351
5 21 68 69 85 137 174 182 205 412 421 448 450 466
15 43 60 123 127 182 219 223 233 243 266 375 395 495
7 28 108 133 149 229 231 356 359 390 400 447 460 484
10 72 73 94 121 178 235 284 300 308 359 422 452 453
12 25 54 67 162 208 213 233 300 339 373 452 489 492
7 19 191 207 217 254 266 271 272 306 358 389 415 422
18 52 115 228 230 282 304 349 376 384 419 453 461 467
5 11 26 34 39 83 88 171 209 223 274 336 337 396
25 28 60 62 142 143 202 210 311 373 387 393 423 488
30 34 126 153 159 180 191 208 230 251 287 288 308 410
21 111 136 151 206 222 252 332 343 406 407 432 462 483
26 32 44 115 158 164 238 258 305 351 382 387 412 440 471
28 82 118 190 238 240 288 322 329 381 401 434 436 448 461
20 26 40 175 185 250 254 255 289 307 350 361 444 447 456
23 37 82 89 97 146 244 259 274 308 316 400 430 437 474
14 17 22 27 80 109 136 144 254 265 276 320 392 408 483
2 32 75 99 103 113 146 160 184 291 409 439 448 477 488
17 32 33 36 60 69 150 262 278 316 329 359 384 412 477
15 83 96 111 174 187 207 285 310 356 393 397 398 407 493
25 104 115 124 146 164 175 254 435 440 447 456 458 477 490
28 56 75 97 107 188 190 231 295 296 343 391 400 479 495
39 42 126 187 188 255 261 343 345 370 378 431 456 472 495
0 62 70 146 196 218 226 256 261 318 383 414 436 453 465
93 148 209 216 229 249 289 292 315 400 407 417 428 456 487
1 72 138 139 145 161 197 237 261 337 338 360 377 395 436
16 23 31 52 156 173 236 246 356 366 371 377 403 443 492
42 49 94 224 226 263 275 311 347 354 399 413 416 427 491
22 57 60 94 97 106 146 187 315 359 380 454 464 469 476
52 73 183 186 227 236 355 356 384 410 419 433 448 481 487
2 18 190 213 248 252 263 271 300 327 359 377 394 424 448
40 61 95 221 226 235 244 295 296 299 329 398 447 448 480
10 30 42 72 93 96 113 169 202 205 302 404 427 443 454
20 31 45 129 140 153 185 189 193 213 267 356 374 443 460
2 23 28 63 86 103 204 213 245 303 335 411 447 452 478
45 73 184 236 277 291 351 376 377 397 421 422 427 433 458
5 18 60 79 133 134 136 182 234 329 364 369 435 436 452
54 70 89 101 121 248 259 274 356 360 458 464 468 470 477
29 64 89 110 127 148 158 224 252 256 324 359 381 391 467
51 104 152 162 222 242 276 325 356 382 400 401 430 436 496
33 49 85 102 113 146 157 159 262 266 326 385 416 441 477
58 96 111 215 262 295 314 379 407 414 445 447 451 454 466
37 49 65 74 207 249 250 254 273 290 313 379 440 461 486
110 186 238 274 284 308 322 339 364 368 386 395 428 447 475
4 27 36 42 88 115 153 163 172 174 231 281 292 309 448
51 89 97 168 173 191 198 241 246 308 323 411 446 491 497
91 106 132 194 196 266 276 307 328 348 393 408 413 416 489
47 71 73 78 96 99 120 141 170 181 224 243 263 321 391
31 47 67 73 128 137 165 207 228 252 289 315 325 373 396
88 138 165 171 250 285 316 352 388 392 400 405 409 433 461
10 38 92 98 100 133 141 194 236 306 364 378 442 473 489
36 81 85 92 101 110 149 187 206 249 251 271 363 473 495
36 42 82 105 111 133 145 179 190 258 272 283 366 399 475
30 43 58 70 98 233 293 302 310 337 338 378 414 471 486
85 109 141 250 260 282 311 324 356 388 393 417 459 460 486
18 21 53 62 73 110 116 136 254 292 334 362 381 414 471
22 59 92 129 250 260 285 301 302 324 369 431 481 484 499
63 65 150 151 157 320 328 385 389 395 407 437 467 472 492
50 81 117 175 215 220 275 278 299 304 326 373 417 458 459
25 51 69 115 182 211 242 318 328 364 408 415 443 452 486
10 21 50 144 170 229 237 246 285 356 387 388 400 415 479
19 60 174 226 236 250 292 328 339 355 364 416 461 496 498
4 43 51 54 192 249 256 260 261 281 286 392 411 415 430
13 16 25 49 75 151 192 276 290 307 333 360 396 462 481
37 74 83 84 118 131 186 219 252 285 294 374 376 414 438
50 88 93 142 186 214 259 283 323 331 342 360 428 439 471
28 43 53 65 127 167 183 185 242 246 249 260 285 426 485
70 79 100 121 129 170 178 253 298 300 408 438 449 470 489
29 47 73 102 130 169 226 264 291 352 354 406 427 459 498
3 5 49 67 109 115 118 123 131 151 212 231 428 429 442
45 110 127 205 233 261 275 336 359 361 384 404 417 425 451
39 143 144 157 194 233 248 272 276 300 344 384 445 471 482
56 105 155 192 240 251 259 317 321 325 348 388 453 463 474
16 64 133 198 221 228 253 278 307 333 361 426 437 456 470
42 89 105 193 200 220 231 257 261 277 281 302 315 383 472
57 144 173 184 186 220 237 246 318 323 349 383 421 428 489
27 28 37 54 60 74 79 103 314 331 337 345 350 478 487
11 52 53 57 96 182 185 187 189 200 271 398 451 495 498
25 42 61 96 222 226 349 367 373 374 383 388 414 433 445
14 40 78 138 143 173 220 231 250 342 349 381 398 417 442
14 50 54 74 92 179 227 266 296 309 402 463 466 470 477
2 81 136 142 180 249 275 287 306 315 327 338 423 452 493
34 37 48 53 61 125 166 195 230 269 348 387 450 481 490
51 68 93 100 120 139 214 234 299 308 412 439 454 465 485
17 22 29 53 56 134 160 286 298 363 382 386 399 425 434
16 100 129 166 174 232 258 300 323 363 378 432 445 449 482
55 63 110 140 179 212 224 262 271 327 395 418 428 465 466
19 34 188 220 237 251 338 348 375 394 407 425 428 459 491
9 54 56 100 126 201 210 221 247 296 373 394 420 468 485
48 55 56 79 97 150 182 211 215 218 222 274 306 307 372
28 43 78 105 115 151 250 258 292 298 418 473 481 493 494
1 71 136 185 204 208 231 240 241 271 281 308 328 388 475
4 141 150 282 297 310 317 320 335 342 348 349 355 419 443
1 21 25 86 104 116 123 141 177 196 203 266 278 414 453
12 33 60 109 110 244 245 291 331 363 384 430 451 472 484
57 63 66 186 253 287 309 362 365 403 457 462 467 474 498
61 80 81 90 111 128 131 189 191 220 232 260 263 365 490
57 70 89 100 112 176 178 192 202 228 270 319 321 355 414
1 10 21 45 62 107 133 141 199 214 233 285 354 377 457
30 115 145 181 207 216 220 233 263 373 421 422 450 462 472
19 41 84 104 170 186 196 287 294 312 359 422 424 463 487
28 29 85 102 126 146 157 176 199 282 323 420 427 487 490
32 50 58 65 149 157 183 192 239 240 360 371 377 459 470
23 52 122 141 178 197 207 274 287 306 317 398 402 430 435
8 13 76 260 298 327 341 345 348 389 394 406 452 458 491
51 76 93 146 149 224 225 254 255 274 393 397 462 479 489
3 7 9 46 53 73 95 164 203 247 282 299 339 388 490
2 8 130 157 278 322 336 361 395 400 420 421 425 433 489
17 38 49 64 65 134 137 361 388 400 415 429 468 478 491
26 57 120 153 159 175 202 275 292 306 324 384 389 394 402
13 69 131 132 204 207 264 284 318 336 379 404 414 432 467
26 38 75 148 163 232 255 263 321 411 446 452 473 475 486
44 64 68 137 196 208 224 241 261 265 337 348 368 479 491 498
104 105 182 198 223 232 240 246 285 304 313 351 384 397 455 457
119 131 177 196 275 277 300 336 348 353 363 364 376 424 448 466
9 21 49 52 58 81 115 135 169 196 238 293 381 392 400 428
19 35 45 91 123 172 249 332 361 366 385 401 411 428 484 496
28 51 75 98 155 167 254 291 296 369 383 415 425 436 443 469
54 57 58 115 163 177 212 220 242 284 291 397 418 428 457 467
25 31 53 67 92 100 118 301 303 309 336 339 377 441 490 498
0 22 29 47 71 170 185 194 260 305 394 410 443 451 453 474
4 12 14 72 158 173 242 262 264 316 334 346 363 396 400 477
29 57 58 135 199 228 245 294 315 323 340 355 398 413 476 494
6 64 89 91 135 139 142 261 298 313 328 337 358 395 417 439
56 60 90 119 145 226 253 255 270 273 324 351 371 406 412 413
26 34 108 115 156 184 252 271 325 329 370 372 388 451 460 476
36 77 120 132 185 187 216 218 258 259 296 313 339 411 431 464
29 81 126 189 204 212 254 286 307 317 346 364 386 432 433 484
50 65 82 86 115 152 167 254 260 309 321 333 340 370 379 488
5 34 56 84 164 185 229 262 287 354 373 379 390 416 449 452
51 60 71 79 100 134 154 159 222 229 246 247 311 340 369 382
8 76 82 126 128 131 183 189 199 200 218 254 442 450 493 496
23 57 105 119 159 213 238 252 257 264 272 335 422 427 480 490
33 38 49 57 77 86 120 164 167 183 218 320 356 364 440 451
37 96 136 168 212 250 267 275 283 284 302 342 371 420 481 485
14 25 139 163 173 201 226 241 254 257 285 317 362 417 447 482
1 22 29 76 135 187 229 238 242 248 280 286 296 361 404 435
3 4 83 139 210 226 247 271 278 285 327 333 351 356 447 496
34 64 68 81 107 197 204 234 262 273 310 336 357 377 407 479
39 86 152 160 169 204 214 216 290 293 294 377 452 454 464 495
73 128 178 195 197 250 255 256 271 289 300 307 330 335 349 385
53 56 59 87 155 161 181 212 230 314 316 324 334 357 408 417
47 56 73 135 153 163 172 190 212 232 269 350 428 435 436 461
11 47 108 231 286 330 332 335 343 353 362 370 446 458 465 475
2 12 41 51 68 114 122 135 160 175 204 299 366 449 451 469
82 90 130 136 169 190 209 221 257 270 315 318 391 424 426 484
8 14 19 23 74 97 150 157 164 170 285 291 314 319 355 443
103 117 164 216 236 267 268 278 298 314 344 378 410 417 453 483
40 70 75 185 300 342 344 351 356 372 375 394 411 415 454 477
16 47 52 80 86 135 186 243 247 273 289 325 327 340 429 460
13 77 179 205 213 242 266 284 343 354 400 402 412 423 453 472
18 30 51 71 128 133 149 312 374 416 449 472 473 481 488 492
0 52 75 77 93 145 170 183 259 300 356 385 394 402 418 456
26 28 63 85 146 161 199 243 382 391 406 416 420 431 469 485
10 62 120 192 198 200 250 261 335 338 343 365 373 446 486 493
63 71 101 157 256 281 286 322 338 372 377 406 435 449 453 476
33 76 103 108 111 141 145 184 188 228 256 305 407 464 468 496
17 40 103 116 118 119 146 202 209 215 235 286 334 397 425 451
8 42 94 132 171 177 191 212 257 280 300 317 335 385 483 495
43 48 80 105 138 151 181 268 277 285 385 405 420 427 462 474
20 24 53 84 151 168 203 222 266 278 290 327 370 406 430 444
19 28 41 109 110 131 154 205 214 224 268 269 321 328 403 473
5 21 55 97 98 106 115 157 189 193 240 250 299 313 418 488
2 36 48 75 93 115 122 125 147 229 234 348 354 361 375 476
1 15 16 102 118 126 164 179 233 279 299 339 343 345 382 447
0 12 46 62 86 99 110 167 261 282 358 365 390 392 424 438
6 30 53 102 133 173 194 267 286 293 301 316 408 415 425 497
6 71 98 114 143 155 272 301 320 331 335 348 357 380 401 412
11 64 259 284 316 319 342 353 361 382 386 417 442 457 468 475
4 80 97 141 161 163 191 238 273 278 282 330 359 414 440 452
77 88 89 103 120 130 151 215 242 246 338 458 463 476 486 494
14 60 104 116 140 171 190 214 273 287 331 355 388 400 402 418
38 118 142 203 259 266 273 296 300 362 379 389 402 425 448 485
68 99 101 103 162 193 194 246 264 299 322 330 366 458 480 496
24 39 57 74 103 116 180 181 183 199 294 339 340 364 389 398
10 27 160 195 204 252 284 298 373 392 401 410 415 472 487 490
27 40 45 51 111 138 140 214 266 306 316 363 411 482 484 494
22 33 114 146 164 175 219 305 350 387 392 411 440 444 481 495
6 20 51 94 106 142 245 247 254 280 318 335 378 394 407 439
4 44 73 77 122 130 232 233 246 275 292 322 358 364 365 413
75 82 159 160 191 227 300 303 326 331 364 370 383 436 451 480
19 52 55 64 101 149 188 216 278 328 346 437 453 456 483 494
4 31 98 124 127 133 138 197 220 247 306 319 359 393 413 469
95 122 141 200 210 212 271 280 312 346 378 433 465 479 490 494
43 70 96 132 140 180 204 257 313 332 357 362 388 424 483 487
32 62 99 112 119 120 154 174 204 258 275 314 367 434 466 498
72 83 92 108 130 148 198 218 233 236 250 306 345 349 370 496
22 72 189 192 244 271 316 317 327 363 380 445 459 465 487 489
53 68 99 161 179 200 216 263 274 353 384 391 435 464 469 492
8 58 122 142 170 173 181 227 240 245 254 262 267 361 367 386
49 66 69 91 112 122 201 250 259 268 279 293 303 348 389 418
4 14 104 117 147 183 213 216 228 265 343 369 400 425 446 471
53 191 202 225 269 308 320 333 337 342 360 419 420 438 439 480
3 14 73 84 114 133 170 206 220 280 338 349 375 386 432 469
34 58 70 111 117 127 131 148 168 208 209 268 318 379 428 474
10 25 47 86 92 98 105 137 146 154 217 234 266 286 304 395
60 66 114 120 124 133 151 236 300 312 335 370 378 382 388 495
77 117 121 149 157 158 209 236 266 296 373 393 428 432 446 492
42 150 154 163 171 249 285 297 299 307 324 345 356 410 478 492
12 60 61 115 124 167 234 244 253 289 341 420 446 455 470 471
4 13 15 31 101 106 168 185 187 246 249 320 336 338 442 471
52 73 126 157 161 180 291 296 332 339 356 394 411 415 460 482
1 33 71 99 269 273 300 307 354 398 405 412 419 442 484 485
25 31 55 83 86 104 105 117 147 191 221 234 318 376 417 470
6 30 120 132 161 202 228 231 241 249 304 313 362 380 443 479
49 50 62 76 103 125 223 254 259 268 337 353 358 382 427 439
0 30 41 43 123 153 191 195 240 242 288 362 383 394 404 442
56 93 183 272 302 306 345 364 379 391 418 442 452 462 480 498
8 20 137 213 232 234 322 355 365 391 398 431 432 441 475 476
106 121 146 171 270 309 353 366 369 380 382 424 428 474 494 498
18 20 27 63 112 129 155 183 205 234 239 264 306 432 442 460
9 80 109 110 115 143 153 166 190 241 350 390 423 435 466 467
6 43 58 88 231 252 294 319 333 336 349 355 356 387 420 434 471
10 41 46 67 75 91 93 164 178 192 207 209 218 221 255 418 469
12 35 61 73 83 143 174 263 270 289 295 320 324 325 365 376 452
39 86 91 125 132 148 151 219 227 237 271 284 299 339 349 378 448
5 80 84 86 122 123 130 155 219 232 233 249 272 355 410 420 482
42 44 46 59 80 122 180 186 248 267 283 344 347 375 405 414 472
9 22 155 217 247 269 275 276 294 311 336 346 349 403 416 447 478
45 74 81 102 153 160 170 176 218 222 238 257 306 344 403 442 457
7 55 58 60 66 94 157 206 239 250 258 295 296 382 387 446 493
67 79 102 108 147 154 208 265 292 294 345 352 422 423 433 453 475
2 28 34 59 113 148 205 219 221 233 251 301 311 342 347 405 411
30 47 78 81 100 170 269 276 320 341 363 384 385 387 397 445 464
8 27 67 101 120 122 168 172 203 206 261 331 362 375 394 423 485
37 81 99 105 111 151 229 236 280 337 355 372 418 420 430 431 454
15 38 58 139 141 153 235 259 274 318 331 406 421 438 448 455 470
11 14 65 98 159 176 234 277 286 289 292 326 367 451 469 472 480
0 2 25 71 72 91 96 118 125 182 193 198 206 281 330 375 376
3 13 21 47 75 112 130 140 186 224 250 253 286 353 392 416 463
15 21 97 104 134 140 143 189 193 280 310 312 338 369 432 447 465
2 50 75 116 192 194 202 250 353 385 386 420 425 453 472 480 482
44 51 92 135 147 195 199 250 260 306 318 344 352 396 472 495 499
17 58 93 103 122 171 206 217 242 256 264 270 318 337 384 395 403
14 96 98 111 112 126 142 151 163 167 203 305 310 384 443 488 494
39 47 59 87 90 93 123 141 160 165 261 263 287 308 409 426 445
15 65 93 108 113 116 117 175 181 232 244 250 266 288 336 477 493
25 27 52 72 90 111 159 167 176 213 238 264 269 289 290 323 487
38 51 118 180 214 218 247 295 335 342 364 374 387 407 445 470 478
21 46 105 132 146 154 164 184 228 275 408 415 423 430 445 448 466
4 24 59 100 120 137 176 247 251 272 285 305 312 328 370 439 452
33 36 45 83 113 135 139 144 206 207 219 260 309 348 411 456 462
84 137 156 164 179 196 256 266 275 281 298 328 388 396 429 446 474
7 42 61 68 103 143 177 192 195 281 302 312 319 380 395 414 491
52 82 93 105 113 118 132 146 202 219 307 350 356 358 389 422 430
24 39 61 81 88 103 147 164 171 209 242 245 263 321 327 419 436
6 35 56 69 75 231 237 294 309 318 346 366 397 409 410 417 483
25 43 62 94 122 124 160 203 287 299 305 331 358 376 412 420 491
25 46 48 115 138 146 154 173 174 270 301 306 345 393 419 459 487
8 15 20 89 124 171 172 209 270 274 299 320 344 464 469 470 497
38 50 61 63 86 196 219 240 260 338 351 359 421 425 427 429 462
10 101 104 110 138 182 234 239 256 265 310 334 344 347 386 393 457
12 14 43 83 228 317 325 334 375 388 403 414 432 452 458 475 485
19 96 113 179 190 233 264 279 347 364 393 405 409 417 418 454 466
10 27 41 45 75 137 171 184 245 253 262 325 335 343 384 483 486
25 71 82 127 145 177 181 203 214 263 321 347 375 379 431 473 474
23 47 49 170 179 189 223 237 253 358 367 373 396 404 405 419 457
33 95 102 104 117 142 186 224 257 280 316 350 358 377 425 430 487
50 123 125 148 154 184 185 217 230 240 275 278 294 300 413 415 492
35 61 69 104 112 114 116 132 212 231 246 270 297 306 316 374 464
8 92 103 143 178 193 228 232 254 297 324 346 347 395 455 469 495
10 38 60 94 99 101 207 212 231 241 257 274 281 341 344 484 485
11 41 67 115 147 151 164 176 182 220 262 301 344 355 401 409 419
62 68 160 222 233 271 275 279 344 373 388 397 425 437 446 478 495
24 26 36 90 178 189 190 245 285 304 329 346 440 455 471 472 489
50 68 177 216 232 236 243 247 253 272 281 307 444 447 469 479 493
14 35 176 203 232 264 277 293 316 321 326 376 434 462 463 476 490
35 40 63 100 108 166 167 176 241 258 318 324 333 355 394 400 487
71 99 102 180 186 212 267 276 298 314 341 349 352 396 428 471 488
9 38 63 69 101 122 135 139 189 206 237 242 260 338 395 461 494
29 51 75 79 111 125 128 165 208 213 228 277 320 332 390 429 473
16 25 35 48 50 70 94 99 132 136 142 225 237 354 444 473 475
6 16 28 34 128 207 212 224 252 283 298 372 385 402 412 451 486
35 68 74 88 119 130 169 233 264 300 306 317 355 358 412 428 435
88 109 124 131 145 213 215 246 266 268 285 294 306 372 373 388 463
25 36 41 55 136 137 160 172 183 228 283 316 327 380 395 431 458
6 8 15 51 76 80 99 103 118 171 204 213 314 361 379 395 433
26 60 133 171 179 251 253 263 318 379 384 424 455 462 464 484 493
3 25 47 48 56 79 151 290 307 378 397 404 420 457 464 466 491
14 38 72 122 125 127 192 202 244 281 285 304 307 367 373 390 438
10 11 26 71 85 103 137 156 165 265 266 306 313 385 393 419 452
31 32 131 155 182 228 230 292 301 302 323 396 436 460 466 495 499
19 50 56 64 69 73 124 181 211 260 301 330 409 453 466 488 496
27 63 76 92 175 176 187 190 213 214 216 247 335 391 446 448 498
19 55 59 126 205 223 235 240 272 300 345 358 371 381 428 454 489
4 32 143 221 241 252 257 294 300 313 314 332 335 343 350 386 463
20 25 67 70 131 159 214 228 266 308 345 365 435 456 470 483 496
5 72 133 173 242 245 249 268 278 307 334 375 407 412 420 467 488
67 90 101 104 113 156 221 228 231 242 299 317 410 437 451 454 480
2 6 7 18 82 105 182 254 271 285 298 305 325 327 357 461 462
0 56 69 70 71 78 118 127 170 193 203 208 279 301 352 469 487
11 23 25 67 107 133 146 156 199 241 279 303 349 350 451 456 486
13 43 83 117 127 128 214 235 262 282 320 410 414 445 473 477 489
8 24 28 80 96 99 172 199 209 232 269 322 381 451 462 478 497
0 68 171 176 226 227 281 285 307 376 429 434 471 477 485 487 492
70 99 118 124 133 177 182 187 198 217 232 323 412 419 450 453 498
13 16 23 32 97 112 143 214 258 266 271 290 325 391 402 411 475
35 77 89 207 277 284 285 287 305 316 319 371 381 432 442 444 457
13 17 26 56 60 119 135 138 165 181 204 221 300 337 357 361 432
75 135 159 228 240 242 255 257 316 342 360 367 403 439 459 467 495
7 27 47 56 84 104 157 257 258 266 326 360 373 374 414 483 486
20 63 105 131 136 184 207 219 304 350 356 369 380 390 409 455 456
1 3 52 74 97 121 192 243 316 332 333 386 419 432 458 495 499
22 46 63 65 67 138 154 183 217 223 247 275 304 338 385 416 482
21 35 40 59 80 90 112 114 120 163 167 333 344 345 367 442 489
4 49 61 66 72 73 125 219 236 284 291 309 338 413 424 430 469
29 61 73 109 126 179 357 395 418 440 449 456 459 470 481 485 488
13 31 62 151 174 196 216 218 237 283 297 388 396 405 416 421 477
2 44 129 141 171 249 257 258 262 297 333 338 354 396 420 424 472
11 105 123 129 152 159 225 229 246 270 310 330 347 423 453 466 470
2 9 20 61 121 149 151 169 241 266 309 351 401 404 431 486 490
38 86 214 234 239 256 294 316 320 347 356 389 391 420 425 440 484
29 42 55 62 75 92 93 102 140 198 207 220 254 289 315 406 449 475
65 67 92 117 135 159 203 234 245 268 287 330 332 375 394 407 410 431
28 30 56 92 108 111 182 188 231 232 256 276 282 304 323 396 445 451
3 45 84 100 105 121 154 156 206 214 252 299 304 317 373 417 418 430
30 31 36 47 48 69 90 107 114 115 229 244 286 315 331 338 396 450
7 51 66 72 73 74 80 82 149 198 200 205 225 259 301 355 360 403
7 46 83 130 152 155 240 247 287 329 368 379 405 420 436 446 452 484
34 116 123 147 169 176 211 218 265 318 325 335 378 384 403 440 456 495
5 19 51 74 79 84 91 130 192 199 205 222 284 386 423 464 470 480
26 81 93 98 117 130 181 195 234 258 262 295 314 375 404 471 476 480
16 84 86 219 221 233 276 330 334 348 371 390 431 443 470 487 488 492
8 25 46 79 157 174 229 230 260 322 393 417 429 439 460 464 489 492
49 159 180 268 288 293 302 319 361 362 375 377 391 399 413 447 465 482
55 134 160 161 170 173 199 203 205 270 284 292 297 327 331 365 435 488
17 27 56 72 95 111 123 127 157 188 210 305 319 340 368 428 445 479
10 36 95 101 126 175 192 199 267 309 321 328 404 407 417 449 464 483
7 10 53 125 142 189 211 239 247 263 333 337 352 392 405 423 459 463
17 42 67 72 78 140 172 175 187 191 210 233 260 264 299 371 486 499
115 170 192 207 209 253 254 279 324 347 366 372 383 440 444 458 490 496
8 26 28 56 80 110 157 268 289 318 340 351 369 376 392 408 432 473
17 48 67 93 122 152 203 227 239 261 269 272 313 319 352 371 392 410
72 74 89 100 105 137 251 341 351 394 395 405 407 409 412 449 470 479
9 24 78 105 122 133 135 182 188 254 288 307 319 342 394 435 449 472
12 22 47 56 138 159 164 187 209 248 249 250 318 322 402 423 434 499
40 51 94 117 141 166 175 187 221 237 256 329 354 370 446 453 481 482
18 29 30 65 68 171 182 188 194 233 237 253 266 273 278 317 349 377
7 11 31 48 71 90 117 126 127 184 197 321 343 393 408 439 446 450
4 49 57 90 100 144 165 192 204 273 301 344 368 380 387 430 490 499
32 50 65 78 82 147 151 248 251 292 372 382 395 405 438 446 465 496
7 10 16 23 50 84 204 309 322 331 332 345 353 378 426 455 483 486
8 61 72 81 107 144 178 249 270 299 305 369 431 454 470 474 480 490
12 32 37 73 86 104 105 116 160 162 205 327 334 375 434 465 471 486
60 95 110 168 182 213 276 293 296 327 333 367 370 374 434 440 461 498
5 21 42 106 126 155 171 197 243 279 321 332 335 367 368 412 426 482
60 85 98 106 124 203 204 216 345 347 359 371 377 404 416 469 495 499
9 53 57 78 136 137 180 204 221 235 268 371 402 414 422 429 458 479
33 88 113 114 118 134 149 167 183 198 224 313 323 327 337 342 369 409
51 54 142 149 151 156 157 184 214 245 262 298 315 328 360 374 391 471
4 13 56 64 99 104 106 149 162 240 287 302 306 332 363 406 436 438
22 52 74 115 214 226 227 266 272 321 343 348 394 443 444 460 482 492
17 86 164 168 200 206 229 247 287 292 319 320 352 396 414 417 430 454
21 26 102 114 125 172 187 248 300 302 323 338 340 359 363 385 399 425
14 32 33 49 77 101 151 217 252 263 281 310 326 343 383 428 470 493
30 38 67 96 120 122 123 142 175 185 267 307 308 377 413 431 441 478
72 125 148 178 179 202 222 257 259 270 338 384 415 423 441 445 458 480
52 53 58 71 75 86 107 153 188 233 239 352 366 388 409 425 455 481
27 112 116 147 148 166 175 177 218 273 276 287 297 298 387 409 425 478
1 55 78 95 166 185 217 227 281 306 310 331 351 361 386 445 480 495
6 11 44 104 115 163 176 177 221 234 248 260 287 296 323 330 390 398
17 67 95 112 114 122 174 207 213 226 235 269 286 292 309 385 423 437
37 56 164 208 260 274 298 314 315 326 364 405 411 418 429 438 469 494
92 123 147 160 176 213 254 273 312 314 329 330 338 363 403 457 459 471
35 70 124 234 255 295 318 321 322 353 387 431 452 464 485 488 489 499
37 42 67 99 103 158 164 167 202 213 227 255 267 280 425 433 456 477
0 14 32 67 120 123 143 150 192 216 324 403 417 448 451 469 473 475
1 45 61 78 92 159 183 184 221 224 253 260 330 345 405 439 480 495
39 61 101 133 139 192 201 215 242 251 265 267 283 286 323 326 327 477
41 51 65 106 121 137 140 160 169 187 188 218 250 277 299 334 386 435
19 51 60 73 78 144 152 166 184 282 314 321 331 351 357 447 451 483
31 36 54 68 75 94 110 114 120 149 196 245 292 324 327 343 351 378
40 71 109 114 139 142 168 184 201 233 276 295 315 384 441 450 453 461
4 10 33 46 72 96 133 172 187 207 217 219 272 283 315 333 438 445
20 57 95 97 102 130 188 200 244 265 292 293 304 352 378 438 450 489
14 38 70 105 125 145 170 215 220 232 245 260 268 387 457 465 476 494
43 67 83 99 109 119 183 214 251 258 266 281 298 313 314 346 349 439
33 89 102 130 152 200 203 207 218 221 254 270 288 291 298 383 452 482
6 16 54 65 247 248 289 293 300 309 377 402 420 442 443 462 469 490
11 103 105 113 121 175 180 230 290 297 308 313 337 353 361 405 438 450
4 9 14 36 98 102 138 161 166 243 297 305 334 347 422 433 447 484
14 15 65 83 91 137 185 257 305 317 323 373 375 381 405 417 435 454
4 39 76 77 82 89 113 126 154 189 202 274 285 303 349 404 445 481
28 58 60 81 94 110 129 135 151 238 243 297 311 328 342 372 382 469
37 104 117 161 217 299 304 324 329 343 347 361 372 389 390 415 435 498
2 14 44 57 65 72 120 122 165 170 250 296 346 350 378 382 396 476
107 139 180 216 250 258 266 291 305 310 349 360 410 411 446 448 458 483
21 40 77 104 109 113 137 168 184 195 241 316 415 417 466 471 475 492
12 15 24 77 87 114 130 148 175 190 191 207 282 286 394 429 454 460
68 119 139 144 159 170 177 179 183 186 227 237 293 311 335 338 378 389
13 51 102 143 206 219 232 236 307 319 340 362 402 437 462 488 490 494
8 142 152 159 168 176 221 303 317 344 345 363 371 435 445 449 472 483
1 12 13 24 33 56 66 108 111 167 182 271 313 322 350 370 396 398 460
53 64 66 142 180 202 215 223 247 260 322 338 368 378 409 412 440 487 493
3 9 81 112 115 132 149 152 177 240 247 256 266 290 308 372 381 403 417
2 17 36 84 88 96 159 194 198 258 301 348 384 386 409 429 446 463 489
125 149 152 153 180 229 230 248 267 279 283 331 357 423 424 444 454 465 487
23 26 30 58 66 73 80 93 111 153 316 317 327 355 392 410 422 443 455
4 5 138 142 167 210 223 259 263 286 316 350 355 357 372 380 464 468 486
105 126 127 135 156 173 295 297 327 355 358 373 377 392 412 425 428 458 478
33 75 86 101 116 125 149 242 245 252 266 311 325 361 420 425 476 483 494
6 26 83 116 120 135 200 207 213 263 272 329 372 374 380 389 406 433 482
23 95 118 137 164 172 174 190 196 200 252 290 318 330 360 382 389 411 498
7 9 35 50 163 164 172 216 218 270 284 304 377 383 412 480 482 493 497
12 41 62 112 114 129 155 163 190 208 253 280 325 340 346 414 432 449 458
48 53 90 132 137 156 160 219 294 302 320 353 401 414 423 468 472 475 496
64 70 110 129 174 182 196 203 249 273 304 312 333 349 368 382 427 445 470
6 52 65 93 98 137 190 191 208 224 267 268 283 344 345 373 392 433 492
19 35 46 48 97 105 113 219 227 242 247 251 255 275 302 342 379 380 486
50 68 86 95 96 147 190 224 251 300 305 313 315 347 415 422 433 437 442
32 49 81 90 110 119 124 160 175 197 228 255 258 370 371 420 454 458 495
20 125 136 241 242 264 296 301 313 325 331 337 356 390 403 454 458 477 496
7 31 119 129 174 176 180 223 228 249 303 321 324 355 381 435 483 488 494
14 66 143 147 183 186 204 227 255 267 325 374 437 443 448 464 471 473 497
52 58 152 153 170 172 179 200 220 259 277 305 316 369 383 393 431 437 459
2 4 12 35 47 75 81 92 95 116 119 152 216 242 329 353 366 401 407
31 43 78 90 150 165 177 178 222 227 230 231 238 247 260 276 366 375 410
12 38 61 96 101 154 163 165 266 272 307 333 336 348 362 372 421 428 486
6 21 22 48 52 89 142 209 263 276 282 303 308 348 402 418 465 477 483
11 18 87 89 151 164 167 237 239 242 243 281 285 353 423 428 430 433 466
3 20 37 92 137 144 172 191 199 208 209 247 268 346 355 369 468 474 479
65 88 100 132 158 170 179 189 198 204 270 272 306 325 391 404 474 476 493
22 34 40 47 84 91 127 185 191 309 310 334 396 402 445 454 476 480 495
5 17 25 46 73 107 140 146 148 203 236 257 294 338 355 401 434 443 444
25 31 67 70 74 139 199 205 237 284 292 297 333 381 407 414 432 452 463
7 146 152 238 243 291 340 347 358 362 373 398 442 444 448 486 490 492 493
8 9 10 21 23 28 40 42 50 70 72 81 101 151 205 207 245 260 304
4 34 71 118 120 148 231 237 264 268 272 300 301 316 318 331 411 432 452
0 5 13 21 53 60 73 81 82 177 219 266 277 329 343 344 459 482 490
42 45 52 90 126 134 156 164 224 225 242 316 318 372 389 420 434 461 493
22 30 46 61 65 79 85 119 268 298 316 329 332 363 384 446 457 478 493
3 28 44 99 121 123 159 213 217 225 246 278 282 294 299 332 333 423 437
41 56 75 118 168 204 207 212 223 227 236 310 344 380 447 459 468 473 497
1 34 46 168 170 173 210 237 242 273 293 306 307 338 339 340 362 444 475
8 10 70 105 111 115 150 163 172 175 198 246 257 310 337 431 459 460 464
16 24 34 47 68 74 77 94 145 229 232 257 277 365 373 405 465 470 492
23 72 75 81 101 110 121 193 200 233 257 258 292 330 345 356 361 437 444
3 33 102 113 122 138 143 224 231 246 251 269 298 302 347 361 394 397 485
25 36 68 71 74 77 103 121 126 169 177 183 217 318 383 434 442 465 485
14 48 50 57 119 173 181 215 222 246 248 268 275 286 365 471 472 482 483
13 31 66 91 123 125 134 221 247 258 317 324 330 332 395 401 446 459 486
6 31 68 69 78 90 97 132 158 177 242 279 305 322 341 414 431 435 445
31 79 87 106 150 160 178 223 245 267 358 371 396 397 431 443 468 477 499
14 36 88 132 135 156 159 165 167 176 231 267 287 292 307 336 439 467 470
19 44 56 59 113 128 143 209 239 254 263 297 299 322 342 361 362 398 458
72 88 129 139 257 269 270 311 321 338 341 359 361 390 396 434 487 490 496
35 57 66 117 130 162 184 195 227 234 256 275 340 369 414 433 469 481 488
8 21 39 62 82 87 125 145 147 173 180 188 210 236 244 289 306 377 471
44 48 59 133 145 181 190 201 224 241 260 272 329 340 366 376 410 436 454
113 115 131 159 206 218 224 265 277 302 329 395 408 418 438 451 457 471 483
4 36 67 85 108 122 155 162 169 216 256 267 357 360 374 378 396 442 452
6 22 91 102 172 175 196 217 276 310 313 322 323 341 348 370 448 479 484
7 24 52 55 58 78 142 199 207 229 231 268 314 349 354 382 419 476 498
30 56 76 84 101 105 128 161 199 201 246 252 262 289 331 372 387 413 461
5 8 16 112 133 148 151 207 259 260 267 345 377 391 395 418 448 449 477
7 14 26 35 61 87 100 166 210 217 305 318 348 382 383 401 429 451 472
16 36 117 134 143 159 194 221 239 287 295 323 328 333 381 383 397 400 445
61 71 76 84 175 176 191 210 214 250 268 309 344 359 432 444 455 463 480
19 43 56 114 140 157 218 268 295 308 316 335 358 364 408 410 429 491 498
37 61 81 106 140 148 154 158 237 257 272 287 290 293 309 312 348 363 424
12 26 42 44 63 71 137 145 146 216 245 274 300 321 345 367 402 405 454
17 40 80 108 141 162 189 205 239 253 257 296 353 358 359 366 455 456 473
15 64 74 139 141 195 203 240 251 262 276 297 300 303 338 345 391 412 431
11 31 40 54 111 121 144 170 188 224 229 245 256 285 329 360 382 463 494
10 29 61 69 96 108 120 181 186 236 257 292 301 306 326 336 353 366 466
6 47 51 52 64 87 146 221 230 238 260 281 326 327 357 388 424 443 474
27 54 75 99 143 153 155 191 209 227 255 286 306 386 407 439 453 472 481
14 47 57 83 115 121 130 180 182 188 228 253 323 325 403 425 438 446 457
33 72 95 98 115 169 177 243 247 254 303 316 337 352 376 428 439 445 475
4 20 22 27 59 64 67 94 102 160 174 228 246 310 329 332 376 432 441
2 27 29 42 70 73 82 109 177 189 213 238 278 293 327 333 397 427 471
9 10 33 56 165 171 202 207 213 231 334 336 359 382 433 434 442 462 463
67 81 135 165 203 263 298 300 321 343 359 363 364 388 395 403 404 433 441 484
60 88 89 121 123 166 183 221 287 311 364 382 388 406 407 408 413 419 421 499
12 37 43 58 80 88 132 183 247 286 290 306 343 347 356 363 367 376 411 488
14 28 38 68 119 188 193 228 285 293 315 341 385 392 437 450 456 469 490 493
21 28 32 87 127 130 167 191 236 266 286 298 325 329 332 359 362 405 440 468
12 24 46 58 95 126 195 227 250 251 260 303 314 334 337 352 372 400 411 417
32 43 50 93 135 142 143 153 185 231 253 282 319 362 375 382 420 433 481 495
6 29 35 47 52 72 99 172 188 207 208 247 279 326 367 418 423 424 461 479
13 35 58 94 145 146 150 177 257 271 282 297 309 311 325 332 357 382 400 450
41 94 128 160 164 185 188 238 247 305 335 394 415 432 433 435 448 452 481 486
0 54 83 88 98 112 117 187 229 300 303 344 386 398 401 419 423 479 493 499
5 22 41 59 89 159 203 216 219 254 260 367 380 386 396 400 431 458 471 490
30 56 83 97 123 153 186 190 207 272 284 318 355 368 419 439 451 455 478 494
6 7 9 19 43 46 53 56 82 238 242 243 245 267 325 335 345 362 365 425
19 58 72 101 105 107 120 137 150 174 231 267 284 287 304 307 328 359 464 470
19 63 68 85 95 121 148 158 160 166 180 192 222 245 253 369 388 419 482 490
4 13 21 53 71 88 108 117 213 307 319 322 333 342 376 410 426 433 457 488
94 97 134 153 154 253 262 270 280 318 356 360 366 370 386 403 445 451 490 494
17 61 149 154 177 191 195 201 227 233 270 304 324 328 388 405 432 466 477 499
19 36 109 116 122 135 178 181 194 224 242 262 300 306 398 402 415 424 480 495
28 31 38 98 99 102 104 106 119 125 135 137 186 219 242 320 327 403 457 459
10 27 53 77 91 98 113 135 138 169 198 292 300 323 329 373 384 453 454 474
5 50 96 112 126 155 190 191 210 233 247 248 266 268 269 280 310 320 376 481
51 61 109 133 148 155 175 176 209 226 283 308 334 354 365 391 400 465 483 499
14 55 82 135 160 178 232 243 260 264 279 330 340 400 411 412 415 445 450 452
69 111 117 137 162 174 181 200 206 238 279 320 323 356 370 376 417 455 474 479
16 45 110 130 157 170 195 197 220 242 244 296 311 323 353 357 360 377 450 477
24 29 83 155 164 187 190 215 251 255 299 328 350 362 363 364 384 406 408 431
10 104 131 166 216 228 231 289 305 383 388 424 439 444 451 456 476 483 485 499
3 16 65 124 126 141 158 166 234 251 358 365 369 371 392 400 423 439 462 485
6 8 29 41 70 71 106 141 195 196 208 234 236 248 301 317 381 467 487 493
2 34 41 42 59 133 186 204 262 272 299 301 308 328 336 347 405 459 486 494
49 51 85 89 95 107 166 183 216 228 229 306 327 329 388 406 418 444 445 471
6 31 35 39 46 116 151 154 177 190 198 211 244 277 294 316 344 376 415 451
22 46 50 51 97 155 159 168 177 186 220 268 331 398 405 411 453 460 461 483
13 26 144 159 163 168 180 211 237 250 253 270 345 402 409 410 416 465 486 493
21 37 40 45 82 129 146 190 216 245 246 248 279 303 337 361 382 387 443 491
1 9 20 85 87 102 108 131 142 150 163 196 255 257 258 314 326 363 381 427
5 56 61 65 123 143 145 149 150 168 187 225 299 304 336 340 351 414 461 475
106 118 120 154 156 162 180 185 204 224 264 274 284 289 295 305 368 385 412 488
15 51 52 80 124 154 188 230 234 245 247 260 273 309 322 367 414 431 443 489
7 40 77 96 97 105 117 127 157 175 217 228 236 354 368 371 421 437 464 481
4 29 45 48 83 109 149 153 156 202 263 286 295 307 322 345 400 442 464 481
65 70 97 133 172 180 186 194 306 325 358 372 388 416 418 438 453 458 460 485
27 64 110 119 124 155 160 190 279 280 289 349 352 397 430 444 447 464 467 496
31 63 91 97 100 125 161 162 199 200 216 226 239 258 335 408 423 460 468 492
3 23 66 91 93 148 153 157 207 208 209 213 289 304 325 329 379 410 443 496
21 107 110 139 189 202 216 233 316 322 334 348 356 374 385 388 396 405 464 466
29 52 62 115 139 148 159 183 186 199 228 270 360 370 425 450 465 472 476 477
1 19 31 104 121 155 173 222 236 245 257 261 298 299 302 309 401 402 479 497
21 25 71 81 87 129 139 157 191 202 228 247 301 330 344 421 422 452 470 471
4 104 107 133 160 167 183 207 236 239 248 264 291 305 307 395 402 464 475 482
9 59 67 70 132 142 152 160 280 318 326 328 350 377 405 434 437 454 496 498
19 21 41 52 54 58 88 119 140 179 205 226 279 301 353 406 421 426 465 497
25 45 101 112 119 128 130 152 185 189 196 239 245 251 294 308 317 366 426 446
25 54 148 158 206 220 250 290 302 303 308 312 320 323 340 356 366 391 448 487
113 140 149 152 157 207 209 224 235 239 243 244 261 265 267 301 334 359 406 419
33 50 60 84 112 185 206 213 214 222 252 270 314 353 366 393 395 441 472 474
12 101 115 121 178 180 197 224 251 312 355 361 392 400 403 417 433 450 466 492
41 52 99 101 112 164 200 202 225 267 310 366 397 403 419 472 476 482 488 498
1 21 23 28 71 86 102 115 125 181 187 195 210 316 318 377 390 440 456 475
23 60 65 73 151 182 218 236 237 238 240 241 251 266 269 306 316 343 394 419
63 70 78 79 89 90 92 96 118 143 175 230 246 247 249 255 363 442 453 465
26 40 53 92 116 154 163 173 242 260 264 279 283 298 327 373 424 436 478 486
16 30 51 77 85 145 178 183 191 192 195 235 253 284 287 324 329 338 345 498
8 46 62 70 154 187 192 196 235 236 269 281 304 349 364 415 456 466 481 497
39 63 71 94 148 174 197 212 213 227 264 275 276 311 332 370 400 417 427 460
50 54 57 64 104 107 147 198 204 250 293 376 399 404 413 424 428 453 488 492
1 31 43 61 156 167 180 196 216 227 236 254 299 313 352 410 435 452 454 456
24 33 44 73 91 116 126 163 166 172 214 283 352 362 403 415 429 453 472 477
37 70 119 121 161 177 214 264 317 328 363 367 372 374 394 403 416 430 470 493
22 23 98 165 176 182 192 224 240 258 264 268 322 403 431 455 466 481 487 497
12 18 86 115 133 139 166 210 216 263 275 277 305 336 342 360 367 425 431 445
82 84 96 102 184 214 234 264 272 285 291 318 327 329 335 353 365 398 416 447
13 16 25 83 112 135 139 180 194 218 250 257 275 309 353 370 408 416 458 473
27 29 51 77 79 106 109 175 191 223 256 258 261 304 310 350 368 379 385 452
8 29 71 139 140 149 150 224 232 251 270 276 309 339 371 422 465 480 482 490
2 4 30 118 213 214 235 284 291 294 326 334 360 362 381 401 430 437 442 498
47 67 104 113 159 165 166 175 268 290 327 348 372 404 428 443 451 470 488 491
6 9 27 31 32 45 99 136 152 210 228 236 243 264 272 295 312 435 467 479
