210 213
455 482
400 446
213 284
305 331
150 165
395 397
3 10
122 179
325 336
318 328
126 181
309 330
422 478
314 398
169 198
320 365
213 293
238 249
201 253
38 98
180 192
402 427
38 80
471 474
203 246
219 257
17 79
60 90
34 68
242 289
19 85
443 481
438 493
317 394
106 176
125 136
305 377
218 248
420 469
417 465
227 263
19 55
231 265
12 16
441 477
308 325
419 472
144 154
230 258
436 468
349 371
174 182
242 297
244 272
137 163
443 478
354 395
51 92
95 98
212 215
143 188
109 176
90 99
31 81
256 282
187 192
322 359
12 77
430 451
12 66
224 233
418 468
236 269
230 231
437 482
281 287
125 190
129 174
417 476
236 280
454 485
102 136
435 480
133 148
251 280
105 152
312 319
443 471
125 143
271 283
166 172
38 82
412 454
352 365
136 191
137 153
444 483
332 365
201 237
419 493
113 186
251 261
208 286
421 455
336 379
205 285
203 262
337 360
203 298
410 466
170 173
2 36
306 317
413 421
12 26
190 193
305 332
21 59
359 367
61 68
165 197
320 339
39 81
338 366
145 157
16 94
162 177
227 299
352 393
448 465
110 192
10 64
447 454
102 123
26 60
35 39
485 494
371 376
407 461
76 86
304 342
119 127
250 255
20 54
52 65
241 267
81 92
165 195
45 70
209 295
149 176
140 195
54 88
429 441
352 364
343 365
253 297
301 307
132 193
258 272
112 194
48 97
217 299
213 267
338 368
133 187
115 158
310 385
344 394
207 222
333 356
20 29
48 79
158 186
434 440
412 453
108 122
418 477
130 179
441 471
300 310
26 52
103 136
405 461
14 55
188 191
310 369
241 273
386 389
13 75
321 387
335 389
138 185
39 51
363 388
223 289
216 277
37 75
400 463
20 64
248 291
245 296
104 187
30 82
302 346
115 132
161 193
174 175
234 287
452 475
2 22
251 281
56 62
249 259
207 250
75 81
257 264
45 84
53 92
205 257
36 40
328 392
448 469
82 92
140 192
426 428
447 473
246 259
282 286
321 365
307 318
323 334
120 131
117 123
101 146
208 296
331 391
206 287
29 34
100 174
249 264
306 391
206 269
283 296
309 363
208 261
379 386
417 476
143 187
263 286
309 370
450 474
319 346
420 496
147 199
444 499
109 151
417 420
284 299
4 46
135 173
6 43
114 157
341 387
144 187
216 292
312 325
350 364
255 268
160 168
408 424
128 170
220 262
477 499
31 34
349 386
362 387
411 483
411 424
83 99
76 80
252 260
318 321
319 346
24 61
327 389
283 296
443 449
416 474
42 58
330 339
211 292
465 476
418 430
427 434
174 184
345 356
144 179
327 348
44 64 375
60 90 99
124 141 219
51 209 276
344 409 429
25 42 471
392 406 492
122 194 268
76 83 92
107 112 403
253 427 492
125 330 347
4 6 296
307 361 484
267 271 277
46 60 78
36 43 230
81 369 372
428 442 447
60 435 451
109 140 196
36 70 296
256 429 473
21 333 392
163 229 250
190 307 352
52 55 161
60 80 353
15 73 236
245 353 377
29 88 93
53 483 491
5 113 118
326 330 395
151 401 448
55 77 357
154 185 204
167 388 396
170 374 395
50 326 346
130 230 259
117 155 215
214 278 300
255 267 475
233 415 419
232 283 439
123 135 330
73 81 222
12 75 79
303 325 395
1 8 165
54 97 454
212 372 382
274 326 340
101 212 296
303 345 347
304 426 427
217 225 229
235 243 269
170 231 257
283 442 467
340 344 357
143 169 470
277 400 422
210 292 398
345 442 474
124 166 168
36 42 56
19 89 175
44 61 417
15 91 400
339 343 358
237 421 445
27 48 373
12 312 395
244 428 494
97 409 471
132 185 433
311 395 451
224 261 262
38 62 368
253 285 472
2 8 370
12 229 233
103 139 491
9 224 299
102 182 387
305 309 357
164 413 486
10 344 367
201 297 489
446 463 467
184 335 370
199 432 489
166 411 481
224 258 473
98 203 299
348 435 450
9 33 284
234 424 454
194 337 395
129 434 491
16 21 146
282 289 333
83 164 190
241 257 273
235 328 383
142 165 238
100 159 355
104 194 282
140 307 347
55 130 172
37 321 346
207 256 346
48 95 295
97 119 181
179 309 328
238 490 496
58 108 123
40 68 385
14 99 423
106 120 191
91 346 375
50 402 427
222 286 348
102 119 478
42 260 279
32 88 107
27 74 125
274 288 291
254 309 375
160 351 386
116 170 266
308 373 418
203 218 253
163 326 392
89 435 437
244 264 304
152 186 392
152 190 459
107 141 143
39 362 384
74 83 366
130 337 354
150 151 200
30 422 494
308 367 380
170 327 330
321 345 383
266 313 333
7 232 251
57 60 268
209 327 338
119 143 164
340 379 387
2 25 488
4 65 154
259 300 388
201 210 227
178 308 366
145 152 216
411 427 466
341 351 367
198 328 348
252 267 289
114 139 179
108 136 241
195 222 295
80 476 490
293 445 471
424 455 468
261 312 397
429 431 439
2 46 323
485 494 499
56 302 338
83 339 396
226 272 330
30 87 317
176 431 478
53 68 88
390 396 428
183 186 358
390 445 493
249 315 342
55 435 460
8 71 101
3 18 471
376 406 447
204 275 397
169 174 348
36 78 172
22 165 185
322 340 375
118 137 185
36 407 446
120 307 320
226 362 394
225 254 297
125 135 256
43 57 437
342 366 487
115 200 241
138 143 250
10 39 92
438 448 490
261 348 364
23 262 275
257 275 451
130 144 350
342 414 420
120 190 195
297 410 489
232 316 387
130 211 227
48 392 396
40 137 156
22 86 97
116 307 379
28 41 479
265 308 375
278 366 379
104 127 187
138 142 280
206 215 232
330 377 396
237 328 382
24 41 309
206 250 438
212 488 499
325 407 492
5 275 283
65 459 493
270 402 447
138 209 238
10 457 495
14 46 186
187 462 468
137 148 197
27 51 384
143 441 482
210 223 305
80 87 130
104 113 429
149 356 382
409 419 460
368 422 468
70 79 291
211 229 259
218 315 384
167 401 476
270 294 422
442 448 463
107 131 139
61 171 185
19 100 179
119 170 219
30 306 341
41 142 143
251 339 368
406 428 442
183 348 357
180 182 371
73 133 177
20 67 201
357 360 367
12 403 416
56 224 261
337 340 371
20 84 289
311 404 446
26 60 231
109 193 484
253 264 274
74 331 372
0 13 186
7 412 451
60 82 95
216 254 327
387 446 458
301 403 424
50 57 422
104 184 281
179 400 456
113 117 181
257 309 325
258 287 319
32 39 272
188 461 481
38 65 103
40 42 56
131 158 181
279 315 369
41 78 327
14 103 189
140 149 327
94 247 255
211 408 431
1 57 65
4 35 324
104 146 422 449
32 41 51 194
163 205 219 325
51 78 199 409
226 286 371 412
254 262 330 468
52 70 447 470
177 273 294 461
129 189 220 335
67 321 358 444
28 199 219 278
220 235 260 354
138 361 428 480
31 358 363 386
38 103 404 409
4 41 121 481
99 189 305 308
95 320 372 400
48 52 82 138
220 274 328 437
50 72 75 326
31 435 452 465
209 299 346 414
199 218 266 430
106 124 137 145
92 98 119 272
75 275 413 437
37 107 194 231
146 250 318 338
40 121 169 368
62 63 254 380
11 53 170 236
365 413 441 498
60 388 412 492
324 420 438 489
108 132 436 496
32 333 345 381
7 25 406 433
198 235 245 342
98 131 139 189
34 68 221 266
53 229 303 304
80 300 395 398
235 245 304 392
255 257 276 448
15 46 198 273
3 63 87 214
6 125 323 357
109 127 255 443
268 303 326 388
114 145 262 432
153 182 272 415
48 215 278 282
64 389 417 459
60 69 414 454
1 25 119 360
2 214 228 251
129 187 191 451
33 48 290 398
17 102 305 330
24 49 435 464
99 161 257 259
10 56 76 432
14 145 225 255
122 185 403 432
181 225 493 495
269 272 405 409
195 397 413 415
137 314 382 470
231 238 262 310
10 110 401 460
221 228 244 261
64 96 271 291
241 425 457 490
127 149 205 264
62 88 181 208
80 218 415 463
69 93 96 330
34 348 357 420
138 413 459 496
91 144 328 363
223 287 420 470
3 53 310 367
94 160 418 438
23 42 307 426
4 30 35 465
297 327 397 398
21 386 443 472
206 311 323 457
43 225 298 479
73 146 420 436
2 122 172 444
22 65 148 150
115 260 269 314
0 64 222 362
64 91 106 246
15 413 437 463
85 200 301 328
162 357 409 469
20 315 423 460
88 139 148 169
45 137 199 210
278 341 400 486
19 153 172 238
34 73 476 492
139 455 467 471
107 152 326 335
67 309 330 394
11 100 184 441
54 137 222 235
59 144 163 438
144 213 465 499
19 20 170 211
84 203 251 262
42 78 98 333
303 304 364 414
279 289 296 495
14 33 100 336
31 84 286 491
187 252 289 290
9 57 88 492
54 124 331 354
181 440 443 498
86 122 413 435
4 197 449 490
132 187 469 473
46 170 489 498
115 118 137 457
264 287 465 490
269 297 439 493
148 230 326 371
100 209 299 469
214 280 301 396
195 237 250 299
38 53 232 263
214 272 373 440
87 326 383 462
136 185 200 472
84 118 429 491
260 300 390 392
32 36 52 455
1 37 47 54
159 230 271 358
5 10 33 368
120 252 273 297
242 355 377 450
63 64 88 186
128 169 334 349
140 407 435 472
2 219 244 262
207 219 233 458
46 349 401 467
0 298 323 333
272 351 402 448
108 287 346 368
125 344 422 462
2 45 102 497
39 256 327 360
378 384 477 496
43 94 232 383
343 422 436 498
276 288 377 488
23 37 157 173
25 53 88 367
19 41 271 386
5 20 75 482
0 172 314 396
206 209 297 397
248 455 460 481
138 315 323 490
133 239 293 352
49 456 464 497
135 157 171 347
107 212 392 393
85 110 164 265
74 120 172 188
111 291 309 333
360 383 393 496
35 71 236 484
136 183 208 295
8 224 235 425
15 66 180 421
173 184 448 487
119 158 225 361
3 21 97 392
25 326 333 373
159 168 177 194
63 104 114 117
248 282 340 368
352 390 421 433
401 451 462 485
3 27 414 416
234 267 335 340
50 62 103 270
17 95 224 268
231 276 390 415
89 334 352 414
2 244 297 396
234 249 280 347
12 428 494 495
114 134 188 220 378
19 54 227 269 441
73 159 254 304 340
84 307 326 351 415
37 55 241 377 420
102 154 182 258 478
31 100 365 377 456
18 39 177 254 270
11 252 285 324 397
0 78 89 304 393
116 151 175 269 336
92 230 241 303 348
41 95 143 146 429
270 320 415 427 454
112 208 418 422 451
41 144 453 471 491
37 84 213 217 254
65 119 172 218 300
250 256 261 441 471
196 307 327 392 450
118 248 260 327 483
233 239 257 381 495
273 331 340 381 440
21 27 71 73 229
257 282 285 354 459
53 59 259 274 351
13 334 371 426 463
184 311 342 352 477
11 51 55 233 358
45 114 118 129 192
150 166 198 257 320
87 132 138 192 295
106 126 283 355 454
346 355 420 429 476
11 112 133 281 338
65 176 216 273 313
198 265 278 294 318
230 242 271 285 488
25 37 260 415 423
135 247 297 385 463
92 99 239 285 315
9 217 262 307 316
138 225 267 272 419
49 83 105 124 338
19 22 275 435 445
89 108 198 296 441
47 113 122 128 319
199 375 376 403 407
7 31 42 86 351
43 84 222 327 377
29 214 237 277 369
62 131 429 443 453
120 224 241 306 322
100 125 167 222 287
122 145 252 264 408
36 42 59 212 448
126 183 186 248 313
29 307 345 421 444
74 84 302 401 425
66 89 234 263 494
53 70 328 398 435
213 280 356 360 480
146 169 230 361 409
272 309 359 392 415
82 202 238 241 434
213 245 283 404 495
40 81 100 129 327
20 74 146 217 223
38 65 324 327 366
94 190 307 336 499
100 139 313 358 443
18 24 60 295 399
94 145 147 190 401
77 224 225 250 469
73 215 352 386 390
36 421 445 468 470
94 198 268 314 379
63 307 351 428 491
85 127 204 298 445
46 54 72 343 416
170 209 247 249 415
46 169 234 247 265
81 220 223 290 437
131 169 393 398 421
2 196 273 278 467
34 114 143 275 457
4 9 121 212 249
10 87 115 253 316
7 122 149 215 340
153 304 362 442 456
124 231 242 358 369
88 245 295 300 496
87 314 347 393 496
115 158 191 193 294
202 223 272 288 290
208 250 281 292 409
208 231 251 257 278
77 225 278 335 399
410 424 447 449 475
73 328 388 392 411
153 223 310 352 497
6 84 232 298 429
38 61 312 348 354
21 105 311 315 332
64 78 174 326 439
164 262 337 352 493
112 135 280 302 391
62 135 182 449 497
115 211 405 443 456
261 311 365 387 437
5 266 270 362 416
141 165 331 343 362
108 120 140 197 253
15 120 313 406 408
191 269 326 376 435
8 75 76 183 200
11 63 77 97 491
10 84 204 324 342
41 42 50 204 467
12 34 83 124 125
93 179 415 430 442
85 125 251 294 308
119 147 298 413 447
166 210 228 387 423
122 139 249 299 477
120 240 266 301 441
109 301 384 396 493
13 23 271 449 475
137 199 390 426 443
66 73 88 147 328
156 200 244 441 498
39 185 191 236 322
15 189 320 443 460
11 138 403 433 435
67 122 126 142 305
157 174 236 444 487
203 308 335 387 453
41 164 230 241 243
4 9 93 303 434
209 210 211 262 265
1 38 354 364 479
167 213 238 283 445
76 250 255 294 406
4 106 370 454 489
15 61 62 264 334
17 86 98 345 407
316 347 351 359 381
224 238 262 308 477
338 355 356 379 403
94 109 305 324 367
200 216 247 289 376
6 84 190 276 491
173 267 349 402 431
87 189 203 418 459
211 225 298 319 410
108 215 274 449 495
274 339 350 395 460
348 360 362 413 449
79 139 160 284 353
46 166 234 317 387
90 93 119 199 212
134 165 275 277 291
103 387 420 440 458
179 256 276 493 496
283 309 408 413 449
15 66 98 436 473
182 207 225 326 332
60 215 241 248 282
40 222 326 397 470
8 25 341 343 493
63 203 221 311 356
29 44 117 405 493
100 224 317 456 473
13 76 138 216 228
193 201 305 403 472
61 72 79 82 288
157 160 347 367 376
308 313 340 356 465
83 242 302 318 357
29 49 144 263 264
76 114 162 189 448
45 147 186 190 483
38 48 63 71 177
51 107 180 199 452
21 79 435 437 448
44 99 179 294 493
37 153 200 207 468
106 168 268 446 478
152 257 262 263 293
33 101 263 311 355
121 201 205 273 300
127 162 257 310 386
20 68 187 444 466
46 89 271 312 485
270 286 369 390 490
15 144 188 386 388
270 312 323 453 493
11 13 22 23 76
40 109 160 195 417
16 38 156 343 368
239 251 291 309 333 380
44 83 210 472 477 480
103 122 202 413 414 429
6 104 279 428 487 489
64 219 246 398 442 449
17 19 221 303 364 424
152 228 238 264 317 380
23 98 124 195 306 370
30 58 316 326 382 494
151 201 221 226 233 298
181 184 359 419 427 497
156 168 184 186 377 493
279 363 401 425 437 498
72 344 351 387 445 484
83 96 100 117 161 205
64 103 126 179 371 380
19 251 275 369 466 487
37 44 249 264 308 338
79 115 129 136 188 426
48 265 389 393 408 427
6 146 219 250 273 297
127 131 134 259 435 497
27 263 308 316 317 430
24 160 374 380 389 420
42 106 119 200 326 366
71 79 141 271 349 442
305 314 364 380 403 450
9 18 269 363 375 435
287 292 372 395 396 455
108 124 217 338 357 373
29 82 85 162 375 455
121 136 150 250 394 478
8 232 262 343 356 386
1 56 290 299 388 414
145 298 387 413 443 450
253 302 333 369 374 396
57 93 112 264 271 484
149 187 248 318 366 379
115 310 329 373 374 388
51 62 76 119 194 373
15 130 135 190 207 325
14 82 189 317 336 341
4 101 402 406 437 491
57 184 211 219 261 295
35 144 234 264 291 422
31 122 202 209 269 360
11 71 200 241 286 289
153 194 228 229 257 311
18 51 310 378 432 473
205 256 302 305 310 377
46 200 216 405 429 439
11 74 87 99 419 438
96 160 181 190 361 421
218 295 358 378 381 390
233 254 277 295 297 404
51 112 114 184 253 435
0 10 363 365 402 448
76 96 158 357 439 445
286 312 316 336 369 440
29 56 66 119 142 443
34 44 132 185 201 422
106 202 300 331 416 427
93 128 356 365 406 444
55 186 243 266 417 422
169 257 314 410 437 443
101 138 290 348 368 424
19 63 80 86 191 416
126 144 354 426 436 450
0 144 176 200 247 248
42 76 142 291 470 498
117 133 200 296 430 495
35 153 278 353 360 377
1 28 51 305 379 383
141 336 359 387 433 494
32 124 166 235 245 270
141 160 262 318 404 408
43 69 207 306 311 390
61 90 254 315 317 366
11 56 64 158 159 494
208 307 320 399 425 469
15 42 65 98 144 235
128 354 364 371 435 468
0 17 22 46 356 467
62 140 302 439 480 494
7 14 18 181 313 359
117 125 128 146 215 223
102 143 157 264 312 470
106 120 130 255 417 482
36 105 281 347 424 437
82 112 300 361 369 370
57 72 196 230 240 476
18 83 96 446 456 497
9 21 25 81 209 222
143 276 287 420 422 486
11 42 128 335 473 483
15 126 262 291 297 347
146 255 400 460 478 493
27 219 288 298 392 408
16 41 357 440 465 487
125 187 192 228 239 390
25 123 148 157 279 350
3 104 235 298 465 480
146 281 346 396 411 473
55 99 253 306 447 499
6 7 10 19 51 260
110 160 167 168 182 298
216 256 313 357 467 479
7 211 338 383 413 485
160 326 345 358 383 425
62 113 251 300 465 487
229 366 432 455 459 472
32 54 64 132 239 241
12 26 97 384 391 416
25 183 279 361 408 471
108 131 301 305 350 383
87 127 162 165 336 472
121 178 225 270 295 473
255 303 326 365 434 492
29 173 276 324 389 473
40 224 231 334 411 430
90 92 293 308 328 392
46 70 71 121 344 402
203 214 337 374 398 405
47 95 270 276 282 307
12 333 373 409 412 476
6 28 79 167 319 371
6 8 32 33 319 350
62 80 88 258 305 391
0 101 203 332 333 376
46 71 217 360 434 469
132 176 351 356 425 473
205 232 247 293 353 364
62 103 157 299 426 491
134 319 351 376 391 489
87 94 325 386 429 489
19 35 77 231 318 375
16 26 141 169 196 230
60 204 213 264 272 305
55 68 115 125 143 273
51 52 99 190 395 398
119 185 254 407 454 481
95 99 274 291 373 413
98 210 257 412 455 489
40 110 176 324 392 427
160 240 245 256 337 379
144 279 308 337 365 493
71 94 201 242 284 290
131 223 230 270 290 443
42 167 344 430 479 485
49 150 456 461 486 494
57 258 291 346 348 417 480
4 23 197 230 283 344 384
49 71 72 175 259 263 376
27 67 120 155 170 278 292
88 106 326 434 463 485 487
178 269 391 401 452 454 472
15 174 203 214 216 390 493
244 304 375 403 429 455 491
34 79 83 166 298 395 479
61 69 138 262 445 457 474
57 97 157 161 291 402 472
32 109 164 169 211 265 340
189 312 418 426 484 492 493
56 73 85 212 226 373 466
212 302 323 384 403 483 497
120 281 298 328 385 421 460
12 38 252 295 422 424 445
113 189 289 291 349 358 384
47 59 185 351 376 377 451
225 259 295 449 478 480 481
110 136 167 175 177 334 379
24 62 152 193 328 436 483
187 284 304 310 360 366 496
39 138 270 289 354 415 493
63 127 142 220 236 309 322
88 131 160 196 197 272 283
7 33 85 173 475 481 499
109 302 313 321 364 416 453
52 164 189 228 245 395 427
98 139 236 243 276 289 298
60 230 359 360 372 410 436
9 10 27 81 127 174 274
124 189 232 250 352 378 409
45 50 203 251 269 419 482
0 15 112 182 221 473 486
21 32 69 210 301 309 406
49 97 171 313 324 344 465
104 244 245 371 404 439 451
144 167 188 212 332 343 426
15 212 224 327 341 399 417
154 252 296 320 328 358 399
128 132 161 379 418 450 482
30 48 57 88 137 176 243
72 127 167 298 327 365 409
15 20 231 279 312 395 433
38 40 43 85 98 130 411
66 67 77 217 250 394 486
38 253 288 346 349 383 412
158 223 391 420 430 439 494
2 82 88 195 402 423 426
92 210 238 450 455 458 474
6 28 159 275 318 391 444
173 301 332 336 384 435 463
31 77 301 322 386 449 477
107 136 149 155 377 397 456
244 261 263 269 302 425 471
107 119 226 273 280 362 377
144 169 170 253 266 488 498
43 61 215 227 289 334 376
60 131 333 348 392 395 456
194 218 244 294 297 318 383
69 181 311 352 404 435 479
134 206 223 237 342 376 443
24 62 148 193 197 240 413
23 118 208 253 290 392 484
26 66 88 111 249 260 292
105 108 117 206 212 431 490
143 230 305 340 360 446 476
4 43 83 162 227 321 443
59 89 137 150 228 456 481
114 122 161 187 198 239 277
32 170 172 199 375 406 426
58 117 212 218 259 363 448
36 91 236 239 315 415 487
169 248 283 391 436 461 493
20 77 122 215 246 265 279
1 74 87 178 265 345 365
47 112 122 154 222 355 386
78 100 106 156 270 330 358
120 156 198 224 246 353 430
129 133 165 254 296 346 393
96 98 114 315 361 429 479
11 51 244 270 274 417 477
130 264 267 330 338 392 398
85 122 123 171 223 259 296
9 103 107 398 455 480 489
88 123 199 204 215 328 463
5 56 124 203 205 259 277
160 214 222 252 281 435 476
55 62 215 334 366 433 447
41 73 83 179 208 219 477
20 88 138 201 304 388 397
29 127 159 246 331 348 419
8 11 160 173 217 291 367
7 51 56 105 209 291 489
10 73 292 363 410 453 495
31 82 100 283 287 304 382
21 135 210 250 307 378 398
37 108 311 314 331 473 492
59 170 319 336 351 376 455
62 67 299 318 398 423 453
21 23 30 97 227 253 489
38 84 99 320 367 438 499
109 120 129 136 206 247 274
320 367 380 407 426 459 487
115 139 204 278 297 324 416
149 156 208 239 331 419 467
73 77 278 317 363 430 492
36 71 81 330 376 415 456
36 54 65 143 390 444 455
14 50 70 89 118 161 393
119 144 187 197 234 328 368
13 20 87 116 198 391 412
18 42 52 212 316 359 488
55 144 215 227 290 310 370
77 189 247 257 357 381 416
89 123 155 232 274 400 463
141 274 364 370 397 398 452
31 87 327 331 405 406 429
84 199 290 345 422 432 498
48 95 225 279 319 365 461
13 14 91 347 371 372 441
126 169 191 265 286 402 409
9 95 322 376 392 416 439
201 300 311 356 386 391 401
52 57 417 432 455 461 464
64 189 191 228 277 353 381
30 40 44 57 143 156 232
58 65 102 113 147 395 418
57 135 268 277 291 328 329
38 64 67 73 89 212 253
10 30 51 57 177 249 437
27 142 240 257 306 387 443
22 34 194 268 306 333 343
1 66 263 328 335 351 449
6 19 53 71 375 387 401
63 116 263 348 383 463 465
78 179 181 235 361 457 469
237 396 409 420 434 467 493
151 201 286 294 342 416 423
102 113 215 229 256 405 468
2 68 126 210 269 270 474
43 200 223 249 256 291 347
8 66 124 236 252 286 477
21 112 131 437 438 460 487
31 182 184 234 451 457 458
17 71 136 223 324 358 410
48 112 157 173 277 371 473
185 241 243 333 406 417 483
71 107 132 189 250 288 463
59 61 196 357 438 461 474 478
90 91 98 115 120 159 263 364
14 19 72 106 202 262 331 469
253 306 353 359 368 411 431 473
29 119 237 290 372 419 440 451
49 64 70 126 135 165 327 418
9 87 140 277 324 414 416 471
47 72 236 292 299 322 333 485
93 100 134 187 276 294 312 454
42 63 78 85 172 324 358 475
9 11 58 70 111 319 357 484
115 196 398 405 471 485 486 497
208 289 297 301 321 330 396 470
32 229 248 368 466 472 477 494
27 91 312 322 340 384 395 414
139 185 226 258 378 380 429 480
39 43 95 138 182 334 356 439
13 93 241 388 397 414 419 498
47 134 184 212 261 312 378 491
28 34 151 155 164 345 357 382
3 27 59 197 208 409 417 486
20 154 216 281 318 340 343 449
79 86 159 209 232 314 383 447
8 9 47 89 146 147 177 191
123 241 326 344 359 369 382 478
64 189 221 237 384 407 463 472
7 36 171 228 420 476 486 497
130 136 164 169 193 200 365 432
10 95 258 312 332 346 359 384
48 125 150 168 301 374 382 433
47 124 125 145 170 189 268 494
1 54 168 264 320 330 390 487
40 123 136 138 147 184 225 282
76 150 168 310 436 449 462 478
19 58 93 94 126 182 310 312
119 170 205 359 415 443 462 497
116 130 156 160 179 223 270 436
153 236 315 344 388 437 459 489
10 108 136 222 250 432 464 495
36 63 149 153 218 226 233 267
101 143 144 193 198 303 372 388
11 31 64 166 205 360 388 391
205 212 228 258 356 422 454 484
22 38 186 194 296 301 367 378
144 168 171 182 302 305 312 438
49 53 263 337 370 401 415 456
31 75 97 210 297 413 481 491
88 129 141 311 338 385 446 454
99 160 313 336 360 404 420 432
41 70 110 136 305 334 370 405
26 58 90 125 161 242 396 435
121 130 194 195 273 345 390 431
1 134 303 365 389 436 462 471
8 11 50 116 383 437 440 467
66 118 128 196 306 335 397 438
22 123 126 147 156 170 398 426
52 55 91 101 133 156 243 250
62 121 166 173 264 436 439 471
59 84 240 313 316 381 412 481
27 108 157 225 330 437 452 495
18 57 64 126 135 202 265 485
92 197 210 218 359 438 473 483
85 146 160 178 208 280 345 354
27 39 48 57 59 171 244 390
1 83 100 148 241 250 272 284
72 86 231 265 290 386 402 454
280 296 322 335 340 407 417 474
155 163 213 337 422 427 459 475
109 166 177 218 288 334 335 341
45 109 123 220 299 324 328 358
44 47 102 194 203 261 268 279
24 204 277 303 341 359 384 390
109 129 267 273 312 361 364 366
24 195 303 332 352 359 415 474
18 48 62 202 291 293 331 461
22 116 128 135 152 231 424 449
37 107 159 160 231 248 343 379
14 60 63 121 285 303 316 468
0 84 222 248 268 308 364 497
100 149 182 200 220 408 416 433
67 99 152 192 226 259 266 409
21 45 83 146 212 213 434 438
18 38 67 86 282 390 448 493
117 156 160 267 338 368 375 442
128 166 168 209 262 269 310 466
50 116 132 209 249 251 387 423
159 201 215 216 327 366 443 471
21 92 117 130 281 371 467 499
43 74 120 331 354 368 372 475
6 33 166 199 203 278 382 484
29 150 232 236 295 319 387 473
29 31 62 334 353 456 467 490
195 287 310 318 384 397 421 447
110 126 177 193 278 417 419 447
2 85 159 208 258 364 381 384
10 33 75 180 185 262 325 354
20 78 107 149 288 375 383 384
17 93 105 151 246 401 423 447
134 180 276 365 426 432 459 469
104 172 193 217 222 254 278 478
6 40 116 214 242 301 327 353
43 238 247 291 353 402 446 489
38 66 207 253 284 297 431 491
20 25 58 68 130 303 422 434
35 102 126 188 220 379 469 475
65 85 148 157 235 298 333 452
52 94 232 279 284 316 349 363
46 162 181 217 273 361 375 379
3 11 182 266 354 408 425 459
7 104 107 195 200 312 426 453
2 4 11 54 75 99 131 185
18 63 101 189 316 351 379 402
6 39 44 54 162 190 410 439
89 109 113 161 196 248 364 373
119 153 165 244 261 306 388 496
28 53 66 102 144 331 337 460
9 23 45 49 318 386 484 487
11 53 164 220 308 309 351 376
5 62 209 284 329 402 412 452
21 57 205 210 232 341 346 387
12 82 84 85 88 230 273 486
23 111 172 208 251 337 401 491
52 66 70 81 131 286 294 481
21 100 122 181 182 184 339 344
2 67 120 136 142 149 223 475
82 109 221 247 250 279 284 355
58 129 240 280 338 369 399 413
24 33 47 120 277 281 308 452
146 175 223 246 273 306 320 393
45 172 193 309 314 382 389 493
15 47 59 114 125 195 207 223
33 88 117 135 438 459 482 489
17 21 37 56 77 162 337 410
118 119 196 225 317 381 465 492
27 102 145 199 214 325 362 417
25 33 35 67 120 133 447 459
46 58 112 113 189 384 428 483
119 123 148 226 229 280 345 365
126 204 212 237 270 392 431 437
42 136 160 239 262 437 453 493
0 163 303 309 320 399 434 454
232 290 336 362 404 439 443 487
31 54 67 130 227 299 408 454
97 134 159 209 212 361 427 472
83 169 360 384 396 416 464 499
29 100 151 268 346 367 403 475
36 117 128 144 304 307 481 496
62 74 78 224 438 449 476 477
11 65 202 337 384 391 418 478
184 213 233 285 298 306 424 460
88 106 132 218 272 277 286 400 491
15 24 36 70 177 207 287 339 390
37 112 170 185 234 259 325 392 423
125 217 246 250 258 346 383 435 451
18 19 71 76 194 230 247 266 423
4 22 25 36 95 97 309 316 377
8 39 102 121 258 262 418 442 463
10 101 104 248 250 270 316 334 464
55 131 250 279 338 341 352 359 371
19 102 113 122 203 257 313 315 477
60 109 240 250 254 330 335 425 435
46 57 130 176 211 258 406 419 497
67 129 131 174 252 284 411 414 437
41 53 80 104 105 133 149 184 358
1 47 74 94 106 245 277 335 345
33 194 197 287 331 407 409 454 471
85 127 134 155 169 181 222 325 366
11 41 56 94 321 327 403 414 466
33 108 176 196 200 233 351 411 488
24 32 36 164 177 254 257 268 419
14 314 414 430 438 472 488 489 496
71 74 119 132 144 191 281 291 489
3 51 54 63 332 373 420 444 446
1 18 239 277 301 449 475 477 495
2 63 131 145 202 240 257 289 404
133 167 174 254 278 383 415 418 434
101 151 177 210 221 240 338 372 436
234 239 275 314 316 354 408 412 438
49 84 127 142 162 188 280 362 489
72 95 100 122 157 193 240 278 286
17 53 200 249 270 327 389 461 478
7 18 138 148 312 338 441 461 468
37 40 73 177 306 400 408 448 491
37 66 180 208 220 287 359 398 496
111 138 169 248 266 269 308 397 461
81 152 156 183 302 303 327 415 480
4 81 84 197 280 303 325 333 444
5 35 50 104 230 232 253 462 489
31 174 262 288 368 417 445 488 490
59 93 208 305 329 344 403 434 476
40 180 280 346 380 452 464 482 484
15 135 157 166 258 281 321 345 486
7 57 79 119 205 255 338 361 378
71 109 158 195 235 277 278 376 479
68 149 183 221 222 227 265 362 491
22 35 100 108 197 316 318 452 470
40 235 236 289 350 369 465 474 486
8 149 253 270 421 441 465 492 497
106 121 156 160 318 321 349 394 430
118 148 208 211 229 262 299 405 487
9 185 258 277 366 368 369 452 478
100 133 142 192 273 439 444 464 483
107 131 244 250 308 316 473 486 492
6 110 166 203 220 319 414 473 479
7 29 68 80 101 133 267 427 441
2 55 76 151 183 318 460 473 491
46 53 58 60 197 220 293 326 408
251 279 299 301 327 360 366 367 425
25 27 122 133 140 233 256 331 359
71 186 215 256 272 285 300 308 461
21 55 110 119 148 156 231 272 413
49 72 244 296 329 341 372 393 418
11 34 169 283 330 359 382 403 419
52 129 140 169 171 184 329 371 491
49 71 91 161 184 349 439 472 476
6 72 104 173 194 198 269 362 379
37 60 101 184 214 310 340 344 490
18 27 32 354 382 424 456 460 474
84 171 274 372 379 395 444 471 476
31 149 158 173 187 263 385 409 428
83 187 235 261 273 298 389 407 479
12 63 247 276 301 318 417 443 445
193 248 283 332 362 403 418 485 497
92 101 199 237 313 329 367 402 460
9 159 277 341 362 380 384 421 460
8 87 163 253 321 433 485 488 492
2 7 19 68 146 155 281 282 358
5 7 39 47 118 191 196 284 353
68 106 249 261 357 384 386 470 471
0 41 72 104 128 243 367 369 468
2 49 65 68 75 244 308 362 474
61 107 119 121 152 248 326 357 359
46 113 135 137 207 396 411 471 477
35 84 93 95 110 224 306 334 479
25 38 95 166 286 326 351 358 361
36 44 61 100 123 165 310 317 402
18 35 70 175 218 239 283 346 455
10 30 81 162 171 229 355 363 475
64 201 274 289 293 312 340 405 491
112 198 205 259 318 349 409 473 483
46 95 247 299 399 411 441 475 478
67 91 189 242 246 250 268 272 443
192 253 260 279 281 282 302 328 359
55 81 82 277 291 357 371 400 432
32 43 58 244 246 309 359 383 491
27 102 168 204 233 256 265 372 448
85 126 190 196 216 348 424 458 463
144 193 256 260 383 392 433 457 496
57 131 239 249 256 314 335 346 488
6 17 34 247 301 315 420 435 449
86 103 270 295 301 347 391 462 468
95 126 136 188 227 234 308 421 497
87 115 134 155 179 192 252 310 395
39 175 204 379 432 470 477 481 493
40 111 282 290 291 389 406 421 462
157 205 218 263 387 447 468 473 492
23 99 123 286 341 385 430 431 496
137 226 259 418 420 456 466 467 498
117 231 252 269 320 378 455 474 482
127 183 191 228 268 311 320 345 412
12 80 116 122 147 200 280 338 339
25 153 179 194 230 260 372 400 408
46 63 104 110 115 186 335 355 495
69 104 215 274 280 385 410 431 432
24 30 130 164 193 201 231 394 428
122 165 254 322 346 374 385 409 449
26 77 242 273 313 343 363 364 383
71 73 95 131 157 192 229 300 453
12 100 236 336 343 404 449 484 488
23 31 231 242 291 409 411 439 477
23 45 159 175 182 183 225 344 389
108 110 149 197 293 310 353 480 493
35 145 177 230 261 309 327 340 397
136 192 195 219 271 291 332 487 491
35 171 210 283 301 433 476 485 490
69 125 148 305 320 334 360 375 446
46 56 129 144 269 359 411 423 468
11 139 252 281 293 332 409 444 461
41 78 125 176 241 334 358 470 472
8 10 32 184 198 345 426 442 447
45 74 97 144 163 206 232 347 421
9 50 80 120 332 336 422 439 456
20 54 57 105 124 134 180 228 367
34 175 191 263 287 297 384 406 438
28 29 86 94 129 350 379 390 399
11 53 121 193 236 277 357 386 449
33 49 56 75 93 108 180 281 494
57 74 78 91 166 190 269 363 380
103 292 299 315 318 377 390 448 491
4 104 167 285 360 384 421 442 473
109 115 157 179 233 234 330 337 352
0 81 114 126 222 279 303 307 451
0 8 230 265 363 437 466 476 479
9 25 28 57 172 174 272 428 498
78 87 258 293 297 337 359 372 439
41 131 151 171 177 221 297 365 430
14 210 351 366 400 414 446 457 479
47 56 92 133 248 305 346 464 481
127 311 322 323 364 401 478 494 495
13 59 69 76 121 138 212 261 274
38 39 44 49 68 303 359 372 431 499
107 141 156 268 343 355 370 419 429 486
77 227 235 248 287 345 375 426 432 499
84 182 211 223 234 337 393 397 407 452
48 126 158 186 195 305 343 398 468 470
123 126 171 172 177 214 223 288 374 389
30 151 241 258 317 340 396 420 480 494
18 106 181 273 297 308 347 446 468 472
6 47 150 213 228 279 343 438 479 493
1 77 135 162 174 186 217 322 349 472
2 3 66 143 157 176 285 326 327 391
24 36 90 140 159 336 414 429 432 452
253 327 345 379 394 424 427 454 458 470
22 31 53 76 170 190 235 372 375 445
95 112 113 202 307 358 360 391 457 479
66 72 138 155 158 179 246 298 372 417
56 191 255 276 315 338 350 461 464 491
30 97 156 170 211 290 303 315 359 444
27 61 69 81 111 152 221 278 435 494
234 249 269 343 362 377 385 409 414 436
117 205 225 234 283 296 398 426 469 481
25 140 238 255 257 265 322 328 358 485
0 16 128 233 274 380 386 462 492 497
2 22 110 214 254 256 362 369 427 461
26 145 165 330 370 372 400 474 476 488
113 124 132 139 172 299 404 411 468 476
20 98 272 306 317 326 430 460 461 469
59 215 259 299 312 319 338 412 420 486
56 75 82 83 90 106 239 326 391 424
28 46 137 143 231 235 381 388 432 445
3 14 18 48 49 208 231 384 434 499
20 37 52 130 176 216 273 275 459 495
3 121 158 244 295 302 306 351 354 490
136 211 223 272 381 386 388 405 476 495
22 202 251 257 357 360 393 419 447 460
21 85 108 228 251 281 284 349 396 421
116 124 169 174 176 201 283 398 421 476
19 150 174 178 187 211 239 347 459 484
7 11 160 325 329 388 394 409 410 497
131 240 259 353 401 414 423 461 480 485
14 70 209 230 279 287 314 452 462 475
23 101 119 147 195 298 346 474 491 498
1 42 97 130 194 219 302 332 335 494
60 117 140 141 152 237 283 321 398 412
42 93 158 160 199 202 243 284 318 334
60 209 229 236 250 300 396 405 426 459
8 34 74 88 184 186 303 326 405 411
107 127 157 167 174 179 258 381 439 495
131 262 268 275 282 283 285 297 374 404
70 77 139 151 157 224 227 302 310 313
37 107 158 180 209 211 229 277 299 445
145 321 368 382 388 410 418 438 470 490
59 124 151 178 211 220 223 382 400 413
6 25 50 84 89 96 209 277 314 439
79 97 162 305 318 320 418 456 482 487
109 163 179 190 214 272 295 300 422 463
77 92 135 173 180 240 257 319 341 394
292 329 335 338 352 423 442 475 477 497
8 20 43 71 136 294 464 472 478 485
240 254 280 339 351 417 444 448 455 473
88 104 119 123 133 149 292 332 448 490
131 156 157 161 176 181 192 220 385 442
24 46 59 137 184 189 238 275 417 477
80 116 135 164 240 327 367 455 464 485
46 94 105 119 231 280 345 350 364 487
22 99 145 170 220 225 280 400 425 475
3 38 46 266 268 309 343 415 464 467
27 28 41 61 150 187 237 296 330 397
93 125 147 187 189 215 337 344 368 375
63 134 177 195 200 264 317 322 341 458
4 75 136 202 285 291 306 393 485 499
48 56 102 106 141 307 309 352 413 485
167 172 180 239 273 318 373 406 424 462
155 181 187 223 228 229 311 359 390 420
52 87 90 155 164 188 193 225 373 466
15 39 138 141 145 154 186 287 374 484
20 90 142 250 259 268 281 349 360 427
32 62 120 137 138 146 235 241 380 395
10 23 74 288 291 315 316 330 379 451
29 34 106 123 183 251 358 404 414 462
32 79 152 205 207 211 304 363 379 401
140 192 259 296 304 335 370 402 410 446
0 32 63 101 120 128 338 354 387 492
157 210 262 279 281 328 329 416 433 470
4 25 71 192 288 299 366 405 417 447
35 62 74 80 277 279 300 319 365 488
79 144 199 325 328 408 412 421 444 453
11 13 62 123 181 232 247 274 431 490
23 188 217 218 300 329 442 455 489 493
29 96 111 149 191 215 226 331 353 388
23 71 111 165 178 246 421 428 435 458
136 147 168 243 257 321 391 399 479 494
21 45 128 160 162 252 319 326 339 436
67 103 183 220 360 383 399 429 462 464
5 7 22 73 81 88 106 204 401 491
32 70 77 78 96 157 360 382 387 412
13 35 70 148 176 201 220 224 260 418
146 210 214 217 338 341 353 363 377 452
161 173 185 209 372 391 405 415 438 444
5 145 190 225 246 269 376 382 439 443
84 138 232 277 336 367 377 404 422 434
75 148 150 196 215 225 277 315 472 493
79 96 130 139 193 205 272 414 448 482
30 104 114 122 234 273 339 391 480 491
88 105 228 299 324 382 397 407 447 490
50 180 202 308 349 389 393 429 451 458
13 27 77 98 202 214 218 254 413 483
33 109 166 183 206 270 324 337 344 374
16 32 210 221 255 269 300 323 384 411
2 53 135 208 212 273 312 461 493 497
85 160 369 391 418 420 430 440 486 488
134 199 267 274 314 389 441 467 479 488
75 98 102 112 140 184 247 325 436 466
36 50 63 87 104 107 109 114 286 484
40 78 94 255 279 306 340 430 440 467
66 184 201 232 257 273 281 291 319 411
18 38 138 204 207 251 310 336 360 369
12 135 162 332 393 396 402 419 462 477
32 137 268 287 313 342 355 401 428 496
17 67 136 179 281 340 373 394 476 497
15 39 47 109 151 156 210 388 463 475 491
62 119 153 170 283 317 346 365 382 437 462
65 87 142 191 283 291 313 322 349 353 475
74 91 119 149 243 340 384 404 405 460 466
13 68 128 206 284 304 351 353 390 442 470
57 95 98 115 170 173 336 337 363 410 469
32 111 126 278 322 328 345 407 429 463 486
2 4 12 15 40 94 190 255 257 337 445
5 8 28 47 132 140 146 396 412 469 492
21 33 120 125 187 282 308 389 425 427 460
0 11 51 112 302 356 373 379 388 434 479
0 7 41 57 71 87 93 170 303 366 493
20 65 96 181 262 313 370 378 413 415 435
23 26 93 109 144 259 280 310 325 361 388
35 37 66 69 104 122 169 185 221 359 425
71 109 138 275 312 317 370 411 435 451 471
48 50 60 108 135 221 314 386 403 449 452
12 59 170 198 217 245 248 257 319 485 492
41 108 172 201 204 234 276 339 348 398 498
52 100 151 193 305 324 337 364 378 413 433
25 85 88 92 119 310 319 321 335 368 376
65 89 128 176 211 311 338 353 374 420 471
10 32 57 58 107 134 176 283 328 408 452
36 51 61 71 73 150 158 247 283 341 493
29 71 117 125 223 275 396 406 454 474 493
59 94 167 196 231 273 384 438 472 476 493
56 217 264 268 284 344 352 403 424 431 442
76 99 153 251 281 309 330 408 439 449 451
77 133 136 137 142 159 270 298 390 406 463
39 122 141 153 162 164 233 280 326 337 447
62 73 100 148 163 190 212 223 232 246 418
17 30 81 153 259 302 342 395 445 487 499
146 161 184 305 318 326 354 374 440 471 487
51 69 91 96 142 183 214 262 359 368 391
28 41 150 202 219 247 249 260 331 357 449
29 77 84 129 197 246 268 294 356 409 472
35 48 109 116 194 340 408 414 424 430 475
47 61 77 135 169 210 310 369 401 438 454
41 80 98 163 164 315 424 425 457 467 472
167 188 200 310 405 427 433 481 482 490 493
49 51 133 139 153 180 248 258 333 354 366
65 97 102 162 179 268 296 378 396 459 461
25 48 83 89 106 135 146 154 264 326 495
37 76 133 147 156 207 218 239 351 473 479
6 11 18 75 142 197 228 393 418 464 493
57 72 81 84 127 143 147 162 179 218 228
33 44 49 81 168 171 268 373 374 494 497
15 24 195 199 202 205 241 261 271 443 452
32 40 64 72 93 156 159 190 286 307 434
28 48 52 68 163 165 168 194 219 334 389
11 60 127 130 131 155 163 253 374 382 410
16 46 47 73 81 103 207 311 399 455 485
17 80 87 116 134 236 241 335 353 385 390
28 131 215 219 234 249 290 311 377 444 486
15 73 80 159 219 291 310 333 366 375 452
4 18 34 74 126 130 163 197 312 360 427
217 262 286 289 292 310 352 379 458 476 499
93 105 115 170 198 405 406 430 452 460 470
69 91 109 118 183 247 258 311 368 401 482
18 22 61 122 131 186 254 437 439 489 499
9 48 51 63 80 130 139 153 240 410 471
44 70 98 121 158 168 221 268 323 329 422
66 146 200 201 211 260 263 283 389 393 451
9 88 104 142 192 276 308 379 395 400 496
16 104 114 174 220 326 368 378 432 450 464
7 12 36 71 94 110 126 212 236 298 373
34 130 164 196 283 298 319 320 438 481 491
57 62 121 124 286 331 382 385 399 401 491
0 15 35 128 141 254 265 270 325 378 479
6 17 130 181 258 388 412 442 462 465 491
8 14 17 18 67 130 276 320 333 437 455
42 99 158 185 199 209 233 238 305 308 485
17 36 87 191 217 258 266 387 414 427 499
0 27 33 98 136 162 219 305 342 383 439
20 57 121 153 195 210 212 226 240 247 369
24 35 44 128 225 242 261 298 333 347 459
35 55 65 83 84 110 167 180 368 398 450
17 18 21 62 136 200 211 218 257 263 490
30 87 124 239 275 342 374 411 437 455 488
37 103 243 251 288 292 294 335 339 425 451
106 120 143 169 286 294 301 368 383 444 451
0 9 18 62 98 112 148 169 330 380 483
128 130 241 268 295 309 352 363 384 447 459
48 55 83 103 121 128 141 169 365 372 432
4 20 27 39 131 147 149 171 260 305 465
13 60 65 93 129 175 282 422 479 489 494
8 15 29 47 59 83 118 185 237 435 481
7 68 91 173 229 330 344 423 432 439 458
28 43 58 163 246 336 354 373 425 472 486
120 122 254 258 321 324 336 399 433 448 455
95 100 168 220 228 323 352 353 393 465 496
20 78 137 197 275 294 334 386 396 414 420
11 78 148 214 218 232 235 269 270 287 457
157 192 215 257 285 333 338 354 397 454 469
33 56 92 93 148 161 202 314 356 415 475
47 196 223 229 237 259 276 299 412 459 483
3 117 146 176 210 222 303 367 437 451 486
110 161 211 215 323 350 394 430 472 482 488
1 22 133 170 206 292 293 301 314 449 494
25 113 119 125 169 281 331 360 364 423 433
33 143 172 194 206 211 260 265 345 453 461
112 118 204 228 231 244 286 328 336 416 451
4 8 23 32 97 109 147 247 371 403 421
22 110 137 266 269 294 314 316 350 392 416
52 122 167 205 314 315 321 341 352 411 461
27 44 139 153 159 270 298 348 357 433 436
13 23 144 173 236 252 306 432 443 485 491
4 15 25 46 61 84 109 253 288 342 485
97 141 146 187 207 226 308 319 329 416 454
11 41 74 96 225 298 304 374 395 406 461
5 53 70 117 154 226 242 263 292 409 454
54 69 95 96 122 156 178 194 219 228 472
23 139 152 249 369 392 396 412 422 424 459
21 41 60 130 208 223 235 256 362 366 388
55 99 104 132 139 191 198 217 359 433 477
66 91 97 146 186 273 306 323 403 445 492
13 19 103 179 223 237 325 389 462 474 477
18 168 182 205 254 257 281 305 383 390 473
71 95 106 131 183 309 343 381 393 466 482
12 29 43 69 92 144 160 188 225 276 279
43 111 156 219 238 271 273 277 390 426 470 480
0 3 42 59 81 103 157 200 230 265 290 328
26 57 63 85 124 170 192 193 195 199 389 444
8 42 54 103 135 187 193 219 238 251 318 382
0 46 107 166 228 264 268 283 344 398 407 417
5 17 86 105 213 268 311 387 440 444 466 480
13 21 98 101 158 167 207 215 221 248 407 442
6 52 64 70 77 127 246 258 301 371 374 422
79 113 114 160 250 268 284 330 364 375 378 468
106 138 144 170 269 334 376 395 396 404 406 411
47 65 87 292 297 319 348 363 413 428 447 459
29 58 61 99 115 131 251 256 302 461 475 481
33 35 52 64 124 125 150 203 241 252 326 365
5 7 105 114 125 134 189 195 199 248 298 459
10 64 103 112 138 213 276 290 295 343 385 421
42 43 84 93 163 307 374 413 452 457 458 469
4 11 17 55 57 165 296 377 407 449 460 493
59 65 153 163 165 179 237 305 393 417 431 491
88 99 145 203 232 254 261 301 357 426 451 463
16 44 65 75 182 209 223 301 317 388 442 454
66 88 95 177 219 267 286 345 368 409 429 436
4 13 110 244 249 325 361 368 373 385 431 474
11 84 94 98 150 180 186 303 345 421 440 467
83 103 110 189 190 199 226 383 402 404 410 458
21 31 39 65 78 163 239 301 305 404 458 491
20 55 91 151 163 173 221 246 322 329 330 459
24 46 48 172 263 270 275 288 388 395 456 484
65 67 69 99 110 188 192 242 411 428 472 491
21 46 61 70 90 142 197 220 265 276 318 331
77 104 149 169 231 249 293 345 358 365 393 426
13 33 61 76 218 219 256 260 392 451 490 492
33 63 96 176 262 271 277 298 352 374 380 424
29 114 144 194 236 241 248 260 311 352 436 437
50 66 93 107 167 191 264 344 405 455 456 498
25 102 108 177 201 207 226 229 280 430 442 472
63 82 131 160 169 206 317 354 356 374 404 421
3 14 38 101 110 136 175 180 341 349 360 393
4 5 25 32 86 110 274 288 314 320 333 467
9 109 120 140 368 376 407 417 425 481 483 497
38 66 113 138 139 162 188 246 303 364 430 433
3 16 82 83 87 103 194 198 229 350 368 423
18 30 39 149 169 196 214 229 248 285 372 465
110 169 212 263 308 346 404 423 429 437 483 494
65 122 204 208 224 251 289 329 332 365 423 450
15 16 135 166 304 347 355 372 468 473 485 489
34 36 73 173 190 277 278 284 397 433 447 491
131 144 184 233 255 260 311 333 453 469 479 481
110 119 177 202 204 221 245 252 303 456 485 492
181 185 271 285 298 300 304 337 356 369 426 481
80 84 110 138 186 207 226 227 342 389 417 451
45 85 90 105 156 193 226 232 275 289 449 458
146 187 239 283 293 326 348 361 378 401 438 463
36 47 57 118 154 201 295 318 335 394 412 438
73 80 207 211 296 307 317 328 434 437 468 470
41 43 53 77 152 155 204 208 343 454 459 487
0 140 159 178 201 202 235 265 269 332 438 467
8 56 60 63 93 113 127 178 240 244 299 425
21 60 63 143 226 258 278 340 366 406 459 490
68 118 122 143 152 215 236 289 317 403 470 489
137 148 149 199 222 328 363 368 378 406 410 492
92 196 205 213 253 326 329 367 383 422 437 457
106 209 266 267 283 294 314 381 444 452 486 495
47 115 125 166 220 224 252 276 295 297 395 466
38 59 83 133 195 231 324 349 358 392 442 483
9 114 127 202 263 322 333 358 376 404 430 462
20 37 41 45 61 119 153 218 306 355 406 477
94 113 153 157 166 197 276 321 409 435 448 490
29 99 113 170 178 196 198 201 313 333 466 493
74 138 180 228 238 245 248 393 408 414 449 456
32 39 149 187 194 215 272 280 292 399 415 458
12 86 119 136 184 376 382 413 422 449 474 499
97 129 217 232 249 304 333 348 355 467 474 484
49 56 97 126 140 215 234 265 274 349 355 499
74 154 155 157 233 279 287 311 338 340 450 483
35 281 310 333 346 410 420 429 471 475 485 489
81 123 136 252 278 280 284 306 377 457 493 498
62 65 102 212 249 297 305 311 333 382 444 474
0 34 46 51 57 58 60 76 139 356 372 484
122 134 198 202 204 211 235 264 290 319 464 479
1 3 42 117 158 190 242 306 339 411 443 470
142 175 257 273 295 343 351 388 400 424 432 498
2 11 47 59 177 223 328 353 417 432 497 498
63 112 168 187 251 266 328 329 372 419 425 429
17 103 158 213 224 321 340 386 430 453 469 487
16 47 68 112 169 214 223 304 425 459 477 485
169 175 191 209 216 222 328 343 362 372 412 489
38 58 133 136 157 261 279 304 324 374 402 405
117 179 184 221 255 279 326 333 377 383 395 428
13 118 195 236 260 287 322 395 398 447 470 472
44 132 140 147 177 209 245 282 419 447 488 499
11 122 157 205 289 353 370 379 386 443 469 482
47 68 86 115 135 261 301 321 357 381 410 484
48 55 70 87 172 343 383 386 412 416 432 469
40 250 253 280 286 317 332 374 433 437 482 499
43 51 133 158 191 263 280 314 357 436 447 471
4 23 78 144 221 244 266 276 309 362 388 488
17 30 191 197 233 249 272 296 331 347 356 379
4 22 31 44 48 78 147 196 243 314 377 485
84 85 117 272 324 338 360 383 416 427 438 486
88 106 113 192 217 265 361 373 376 420 450 476
64 277 284 302 321 382 416 426 430 476 483 498
53 73 81 89 97 284 367 389 390 396 457 494
18 24 67 88 186 202 223 274 306 371 376 393
34 99 158 167 181 201 208 263 297 349 403 433
51 59 107 128 136 246 259 315 317 371 404 409
29 64 83 88 106 114 264 290 316 342 344 350
27 28 33 69 124 266 306 309 358 440 441 450
40 189 243 333 337 348 363 369 380 401 402 449
27 107 109 126 135 140 145 231 306 372 402 495
41 110 138 168 205 207 233 320 415 417 418 456
18 41 47 51 61 66 106 225 252 282 314 400
71 98 141 171 265 316 322 366 434 435 486 496
32 44 46 66 238 253 308 339 413 422 433 476
27 47 121 162 208 229 300 371 372 390 454 477
227 304 312 324 329 341 361 411 416 426 430 439
60 108 117 119 138 169 182 217 259 384 405 441
3 28 45 59 76 110 158 186 197 232 235 433
47 80 92 229 230 248 310 345 407 435 456 484
18 55 110 146 199 243 249 404 432 436 484 499
25 28 41 99 178 214 251 252 308 423 480 495
7 149 214 244 267 310 347 362 366 434 435 485 497
25 86 164 206 303 329 373 381 388 393 394 409 432
16 32 63 77 123 289 305 360 367 420 421 441 472
13 50 118 179 227 251 318 345 368 392 441 442 499
29 72 95 149 159 265 345 346 386 422 431 473 482
6 31 60 117 161 162 196 249 304 314 337 342 454
62 69 106 168 189 213 214 241 256 260 376 422 437
3 20 48 53 85 181 191 216 264 308 349 393 402
4 13 80 144 149 161 165 175 217 369 376 440 466
9 19 74 87 102 132 200 250 266 279 280 360 394
89 158 162 178 225 285 303 319 381 413 484 488 492
24 40 50 70 76 193 230 238 301 320 345 381 480
21 104 115 132 183 189 212 310 372 417 482 489 498
24 28 69 174 235 243 244 252 256 324 345 381 449
17 21 83 132 145 230 232 272 279 414 426 431 473
103 159 199 234 240 285 293 354 404 405 428 486 488
22 36 38 116 136 156 208 283 308 330 421 423 425
11 19 124 194 222 223 230 238 258 341 356 394 474
1 27 138 149 204 220 228 235 245 292 368 400 462
6 25 38 39 270 282 295 344 379 398 451 463 491
117 153 169 227 263 269 277 418 430 476 477 480 499
102 186 192 198 291 310 328 425 440 452 454 463 484
37 61 104 135 183 225 284 322 427 430 436 438 498
41 50 60 82 129 158 198 332 349 412 424 467 484
0 14 101 117 118 135 137 234 298 324 408 464 482
9 32 83 111 192 233 301 311 313 331 367 415 493
1 9 30 50 72 121 186 247 251 264 318 359 369
28 48 76 80 126 189 245 314 341 362 383 405 457
52 125 175 211 212 215 223 246 282 305 437 456 467
38 57 68 103 119 177 208 326 332 354 402 482 483
5 57 58 71 89 120 150 187 191 235 278 466 479
29 67 165 178 184 214 216 223 251 264 304 380 415
69 120 141 145 170 190 226 233 270 315 328 378 384
88 110 132 140 165 256 257 274 310 383 384 397 428
25 47 49 54 201 213 227 258 423 427 449 467 479
55 69 114 173 180 210 256 277 324 441 456 459 482
58 131 155 160 161 174 200 216 304 316 364 430 439
87 92 93 141 181 294 349 351 370 393 438 469 475
50 124 171 209 219 224 246 258 272 305 334 406 433
30 76 80 235 252 263 281 288 366 407 412 447 486
9 10 30 102 138 198 316 340 343 358 416 430 466
69 149 190 199 212 227 256 277 305 343 399 423 441
18 75 85 88 114 124 190 259 361 379 387 409 444
24 47 91 96 144 212 218 229 255 311 429 440 481
21 34 99 164 165 264 299 343 347 357 373 459 480
17 63 137 188 216 224 274 279 309 367 373 385 482
55 58 75 96 150 158 314 451 455 467 468 474 498
57 97 138 152 159 235 239 273 283 321 377 443 489
16 74 143 169 177 192 207 289 336 364 400 443 475
46 63 115 121 202 227 245 310 349 356 365 432 452
107 217 224 233 288 294 295 304 327 364 442 475 480
72 105 144 148 187 216 236 300 321 361 387 412 451
7 12 60 145 162 211 213 238 258 352 380 414 482
45 47 176 198 213 290 294 298 338 403 464 490 491
30 35 66 87 97 111 112 139 190 203 257 314 361
39 175 199 202 219 247 250 252 276 287 340 384 440
20 76 128 132 148 195 280 289 295 344 382 434 460
14 75 154 227 243 298 327 329 331 356 387 408 424
99 104 132 172 214 242 254 264 280 307 350 379 447
66 145 160 164 175 189 190 206 235 395 410 420 468
42 75 114 159 177 263 279 321 337 338 404 432 456
29 160 199 244 287 314 315 371 413 432 464 472 496
16 26 56 59 67 120 200 325 346 401 404 427 464
1 21 45 79 84 101 164 226 261 311 323 326 380
18 27 55 62 69 163 166 174 286 313 331 361 434
55 101 134 143 168 187 301 355 379 397 422 460 474
13 127 134 187 231 243 341 343 373 375 383 434 469
36 72 119 140 169 179 223 237 295 323 325 350 388
4 19 73 84 92 100 243 265 274 383 385 477 480
14 58 121 158 178 272 308 362 394 449 477 480 486
17 44 47 60 78 125 163 185 211 250 264 323 363
19 29 71 87 113 228 330 354 364 391 410 411 416
2 13 33 36 179 221 342 361 377 421 441 480 488
1 28 116 175 185 265 315 369 403 471 483 484 487
43 91 107 114 142 159 164 176 190 206 333 365 452
1 68 218 244 260 264 281 394 400 432 437 448 493
18 78 115 138 167 203 232 301 433 445 461 474 499
70 112 200 227 252 275 292 311 343 365 411 442 451
33 64 76 96 98 167 251 303 383 386 432 461 482
208 251 283 322 330 337 341 345 346 354 402 414 460
53 64 75 81 92 94 109 171 175 204 289 333 366
1 17 40 72 117 129 149 156 190 230 277 343 455
40 52 114 159 161 180 186 236 311 342 362 382 489
16 18 155 161 244 293 346 347 348 367 375 456 470
6 31 41 87 106 137 155 281 318 338 346 386 489
13 25 61 77 131 157 230 291 351 355 392 399 496
71 89 124 129 148 160 165 250 256 335 359 395 408
97 161 198 244 272 274 282 362 403 428 454 471 475
14 16 22 26 63 200 239 290 295 302 366 406 436
8 11 13 18 71 78 91 98 150 240 290 430 451
28 42 64 102 104 174 189 200 297 358 364 401 481
12 20 59 160 164 168 306 337 397 424 454 460 485
65 112 140 199 255 259 270 299 338 350 362 457 459
28 36 37 54 139 147 187 314 367 399 402 447 454
25 47 137 143 251 294 309 389 421 458 469 482 484
8 62 116 117 142 204 253 291 297 410 413 452 490
2 16 29 91 94 104 166 246 252 406 448 449 474
21 26 114 168 237 320 368 369 381 394 399 475 487
6 7 8 47 51 251 289 398 415 428 448 466 474
6 115 121 142 164 178 182 206 367 405 409 438 480
9 76 84 129 203 247 280 366 436 442 447 471 478
17 22 37 204 269 273 278 282 313 323 334 431 488
4 8 25 37 49 59 105 112 223 416 420 429 431
32 108 113 242 247 285 328 346 349 363 367 409 424
114 127 131 132 170 193 212 238 449 480 487 494 495
2 100 134 219 230 246 315 325 345 354 365 395 495
23 25 77 82 113 253 259 260 370 424 428 434 497
34 62 142 214 244 287 357 396 401 417 419 453 498
61 84 105 211 216 229 236 289 358 390 443 497 499
50 150 181 209 265 268 282 288 323 386 411 450 461
13 40 52 118 141 237 270 277 280 310 331 394 417
9 103 118 159 175 189 195 315 356 360 397 428 469
21 57 203 213 223 227 296 355 372 411 419 427 475
1 17 35 52 73 133 371 380 395 411 414 432 443
73 124 131 132 143 176 276 306 308 318 394 430 432
24 123 140 160 161 164 167 281 297 325 340 365 472
48 73 92 118 120 138 161 163 193 254 283 421 463
29 31 48 199 249 263 267 349 390 399 442 454 468
18 24 65 94 194 202 258 288 304 336 363 400 417
160 161 173 217 231 238 257 275 305 322 354 409 444
48 62 173 232 278 288 328 330 338 367 442 448 473 483
40 64 89 98 150 214 224 227 240 341 356 369 380 463
72 78 85 139 172 262 283 289 313 370 377 389 430 479
7 21 26 34 92 220 261 270 283 347 352 370 378 426
6 22 44 70 81 112 159 237 252 275 279 362 428 439
31 44 49 62 163 202 251 266 304 320 370 381 429 477
5 143 157 203 227 229 240 241 279 290 310 370 398 487
1 29 38 65 129 187 281 341 362 374 396 403 430 499
0 93 114 140 156 162 180 195 199 276 296 320 354 444
51 53 72 86 96 114 128 195 246 266 375 388 407 408
84 117 120 126 138 219 258 380 421 441 443 444 481 482
19 74 85 88 174 242 284 312 325 328 358 366 436 468
6 8 81 140 144 174 201 215 237 366 406 412 424 451
2 18 45 127 140 157 171 194 198 267 270 353 368 457
0 30 46 186 189 221 228 289 290 299 394 441 443 485
74 77 108 122 177 200 217 228 242 261 271 329 377 432
9 13 17 21 65 69 102 129 140 142 236 291 432 449
75 118 138 155 216 221 313 331 360 381 397 486 490 492
38 48 52 128 199 240 298 299 303 366 381 473 474 491
15 95 105 173 202 221 232 281 301 303 312 341 374 394
89 118 199 219 232 237 271 284 328 374 410 419 461 487
30 32 45 60 80 207 254 262 270 296 445 448 459 465
38 39 53 84 114 161 178 227 261 271 422 476 496 499
55 107 134 138 207 237 261 299 325 336 401 451 453 464
8 19 39 143 175 260 263 322 332 391 398 405 432 498
6 21 38 43 101 108 245 275 283 404 432 464 476 481
14 25 57 92 138 172 311 327 341 359 361 408 442 476
1 27 48 101 159 171 217 229 231 242 259 323 466 472
36 100 129 158 188 214 242 245 293 327 372 375 403 495
11 22 23 49 62 156 176 201 220 256 287 393 476 499
23 31 56 75 101 220 290 357 405 422 432 438 484 497
38 63 72 125 167 299 355 374 376 410 415 458 476 495
8 105 152 173 224 238 266 308 320 344 428 440 472 494
32 67 98 102 185 200 201 289 317 340 400 407 424 498
12 29 56 69 86 119 125 150 151 191 229 253 336 486
83 88 169 178 191 233 243 296 300 317 322 323 375 499
9 12 13 51 104 147 234 236 260 280 282 302 312 341
27 46 112 140 179 207 268 277 311 320 356 378 393 430
82 110 164 224 259 274 321 368 385 392 400 448 472 481
50 66 118 127 175 183 291 327 345 379 380 391 418 421
47 78 122 160 184 270 299 362 372 397 402 432 456 497
19 21 96 201 264 306 313 315 369 439 447 452 470 494
20 90 97 180 242 245 249 278 283 285 298 330 422 498
2 20 43 56 88 223 244 320 337 373 379 427 455 478
67 149 185 281 375 383 402 441 443 445 478 479 486 490
0 4 52 71 115 124 173 205 216 228 234 248 297 350
15 34 87 115 138 183 213 223 229 293 346 359 378 423
27 101 131 155 176 198 242 243 300 326 347 352 422 437
0 48 74 115 143 175 181 194 296 305 389 401 451 487
45 46 111 117 120 142 184 239 242 255 275 397 418 429
73 106 177 210 215 225 298 315 388 425 471 481 495 499
71 104 124 129 132 157 263 305 337 363 396 416 440 443
55 72 140 187 193 195 327 393 394 397 465 466 467 496
2 62 90 97 123 187 211 216 243 298 392 428 431 482
66 142 150 152 191 252 269 299 309 373 416 427 460 468
44 83 113 152 170 173 204 240 263 292 345 348 356 373
26 28 36 105 164 168 182 219 231 256 276 277 307 315
59 61 66 136 163 180 189 193 290 332 380 395 429 431
26 98 118 176 190 228 240 241 279 296 308 380 459 493
32 92 139 180 189 212 289 307 311 334 358 422 428 462
4 27 66 94 183 185 188 215 344 376 382 395 494 495
12 16 38 61 110 131 167 224 242 268 408 417 469 477
60 79 154 172 191 205 302 345 384 436 456 466 470 497
8 12 36 37 38 63 104 148 202 230 261 366 407 413
49 53 101 109 121 172 190 203 220 247 272 293 297 327
119 121 142 145 194 211 216 276 327 344 407 448 464 496
98 129 198 201 206 228 245 289 295 357 386 472 492 498
17 49 57 75 105 108 222 268 283 349 380 403 432 455
1 20 71 76 98 114 149 165 167 245 257 290 364 460
58 166 220 237 270 273 284 290 311 367 368 386 396 472
21 92 99 122 144 185 188 204 255 260 292 321 411 476
12 15 41 62 70 98 132 202 276 303 310 348 362 492
11 26 32 76 142 155 161 199 207 211 229 339 371 420
20 31 125 127 158 199 211 213 219 254 288 293 453 472
127 135 153 158 185 254 297 324 348 372 378 392 419 477
5 141 143 175 215 247 310 320 435 441 449 452 458 467
108 123 141 171 191 230 246 283 284 358 396 426 451 481
39 67 78 189 215 236 264 349 426 434 438 446 462 482
34 40 89 107 157 204 210 233 291 302 326 339 355 416
31 52 56 103 108 130 138 238 248 311 343 370 387 460
135 143 174 184 185 230 321 329 334 345 395 446 489 490
83 156 157 161 188 196 225 330 343 358 399 434 460 461
107 153 192 221 253 286 313 333 343 398 410 417 449 499
18 19 26 51 84 168 220 240 267 299 357 413 428 477
8 21 103 116 119 152 156 158 164 322 386 413 421 449
51 167 176 219 261 275 280 325 334 348 353 360 379 474
19 51 88 107 119 207 215 225 229 235 251 259 397 403
8 21 41 93 136 171 210 228 283 351 383 386 437 464
16 51 58 96 134 139 143 169 245 313 337 385 434 480
25 55 111 121 223 268 286 300 333 344 371 418 430 467
13 40 42 45 55 93 115 229 231 259 272 398 428 433
11 44 52 74 120 131 177 216 247 254 297 360 409 411
60 82 151 177 179 303 308 323 333 357 386 438 453 473
27 49 54 68 87 92 192 225 270 314 345 387 446 449
98 122 213 235 261 272 301 323 370 371 406 423 445 453
144 188 204 219 234 293 303 329 338 359 379 426 435 488
5 77 98 106 140 195 196 201 272 278 349 397 451 452
10 57 91 126 138 191 212 222 400 403 443 449 461 465
74 80 108 114 115 240 259 267 284 302 326 398 468 478
9 12 41 49 126 167 181 375 389 391 447 458 478 493
5 78 85 93 107 148 211 220 231 267 273 348 395 454 474
43 61 108 197 251 297 323 325 352 374 381 450 464 473 483
58 91 144 188 196 204 209 284 306 319 339 351 410 436 441
43 63 84 95 114 118 208 264 371 402 417 473 484 487 491
89 131 135 178 180 282 303 351 367 376 438 445 458 494 499
26 48 91 135 164 220 270 294 297 318 332 382 433 474 478
11 51 59 84 89 119 199 209 277 295 303 320 339 466 469
18 30 70 79 170 186 199 233 276 297 308 334 339 434 459
5 19 29 52 77 161 163 175 211 232 235 236 349 369 372
88 160 179 180 206 264 285 331 335 349 386 406 419 422 446
19 66 151 164 195 232 264 307 308 368 402 426 427 430 437
1 32 34 79 89 134 135 168 198 252 259 292 302 311 464
78 82 102 103 111 212 236 259 261 333 340 369 402 416 492
9 22 40 44 84 89 108 195 218 244 295 391 426 427 485
8 37 78 89 102 105 116 147 211 424 439 442 452 455 490
74 84 89 100 101 146 223 248 267 268 273 305 329 404 469
39 59 85 93 118 128 161 163 166 242 263 307 309 337 473
18 21 29 40 68 137 238 281 283 287 289 318 433 455 491
91 125 127 153 197 201 229 245 351 370 377 388 394 461 464
4 33 53 78 99 111 130 132 145 151 212 229 246 328 459
4 30 50 114 142 169 185 203 300 306 325 329 335 369 453
45 109 112 115 186 189 226 239 319 347 350 360 377 395 493
4 21 90 100 109 166 178 192 239 252 307 309 316 386 463
6 34 45 104 172 188 196 237 260 322 323 347 357 376 404
11 20 29 71 98 116 212 234 275 293 297 312 395 478 479
30 40 57 63 118 139 140 150 165 175 194 336 354 366 469
30 45 92 151 199 226 238 333 344 345 347 407 410 455 467
35 118 177 205 212 252 334 339 382 400 438 442 464 465 496
93 153 167 177 194 230 235 244 270 295 338 403 414 439 461
40 46 50 81 191 194 197 224 225 235 274 283 332 493 497
16 60 63 161 209 283 304 306 373 375 384 404 441 442 446
47 75 109 120 199 212 334 341 383 394 431 451 462 497 499
41 72 102 117 163 223 244 259 329 333 362 415 427 467 498
101 146 158 160 180 201 225 231 274 282 283 370 437 442 468
5 9 34 54 91 222 283 341 361 379 400 404 405 408 476
9 58 76 116 118 228 272 284 326 328 353 407 448 467 474
63 80 97 103 115 118 139 144 156 164 187 252 254 433 462
16 79 90 115 134 173 227 313 338 340 348 376 458 460 497
40 44 50 123 132 188 258 270 288 297 395 411 416 447 489
31 49 89 101 183 191 203 253 260 276 309 369 380 455 470
50 73 147 155 156 221 253 283 301 318 351 354 381 389 462
100 150 155 159 190 233 253 360 406 408 433 454 455 480 491
2 14 24 41 72 96 116 158 222 230 245 255 267 310 325
4 26 139 140 164 169 253 260 293 294 433 448 455 465 487
55 60 69 116 118 124 231 268 294 314 347 373 380 419 466
25 45 51 63 107 133 146 152 192 220 268 309 369 443 477
1 25 52 82 94 120 189 196 207 237 261 294 311 317 433
18 20 25 51 61 249 262 313 324 325 327 378 409 441 487
17 43 46 78 84 113 125 167 193 251 271 274 298 389 487
3 6 35 53 87 97 113 127 195 199 239 245 319 364 390
5 6 64 68 88 95 122 182 261 269 290 295 435 443 445
26 28 37 76 118 145 228 238 273 292 319 367 419 438 453
26 37 65 82 142 148 190 194 216 263 279 304 321 409 430
74 83 94 167 182 189 211 240 255 262 270 282 382 409 475
78 79 92 95 104 116 152 226 291 299 318 321 327 407 431
21 41 78 198 224 262 271 312 313 373 391 432 436 456 462
22 55 68 69 71 94 117 122 174 218 219 255 258 311 413
35 61 76 91 94 96 149 152 181 207 215 266 297 322 462
55 58 100 110 135 149 180 195 196 202 203 260 263 264 384
22 60 75 122 212 228 241 257 308 314 377 405 415 482 489
4 8 21 90 161 184 210 226 287 290 317 362 390 471 484
1 43 54 126 147 163 169 175 255 266 325 353 369 392 423
20 22 30 45 73 97 127 138 193 210 332 377 387 426 484
4 24 26 29 34 44 72 102 120 126 243 295 325 402 456
28 39 69 142 143 234 261 276 285 342 385 389 403 473 494
1 49 154 194 221 246 292 309 347 371 382 393 424 463 494
33 60 104 128 133 155 167 187 309 339 356 375 392 419 463
2 62 123 139 142 145 195 204 314 373 384 390 394 440 497
115 206 214 247 264 320 406 409 412 423 424 451 479 485 486
118 157 164 168 312 316 323 324 335 359 378 418 482 489 499
18 43 106 126 134 148 158 201 215 227 253 367 407 451 487
19 139 150 167 228 229 270 273 302 320 321 359 433 475 487
54 60 70 76 93 123 194 201 237 282 300 310 326 338 468
97 149 154 164 177 183 216 266 290 308 390 430 445 478 493
7 85 94 115 121 191 206 261 272 277 317 331 374 389 435
110 115 136 204 223 230 323 331 395 398 441 452 494 495 496
2 50 77 121 131 217 219 222 267 328 335 402 409 477 497
43 122 143 155 272 287 321 324 371 375 442 475 476 480 483
26 72 111 165 182 228 301 306 350 387 395 437 477 495 496
41 65 112 142 148 152 200 203 218 273 347 356 424 433 453
2 13 66 143 147 183 229 244 274 278 403 412 425 460 475
6 14 40 64 136 150 161 297 336 352 355 407 420 426 454
42 51 75 78 118 210 226 252 260 286 303 396 401 492 497
4 34 96 151 155 180 196 263 268 270 286 346 367 435 464
8 30 58 63 139 185 226 266 313 339 376 413 425 464 466
7 103 112 183 218 261 267 282 313 314 353 366 398 411 450
36 46 67 69 77 189 242 251 262 332 384 412 415 432 481
58 92 99 175 195 216 227 243 316 327 336 337 348 480 497
0 72 137 151 187 192 215 222 293 327 328 362 411 458 494
27 51 55 84 156 168 176 196 219 287 303 340 448 474 479
10 46 59 106 117 159 187 215 284 293 320 394 430 431 464
10 22 106 130 132 174 194 199 209 211 213 293 420 424 494
60 118 136 141 173 176 187 244 298 340 365 369 371 414 456
91 110 127 146 149 188 195 250 292 295 303 373 400 406 414
41 48 69 73 222 240 284 289 304 326 397 403 421 437 456
104 133 149 201 205 214 220 255 337 344 348 428 445 452 475
10 43 48 141 176 204 209 236 252 270 334 369 396 457 489
50 88 134 193 207 258 282 315 363 430 439 451 463 479 496
107 108 133 145 146 157 183 241 281 399 421 436 447 452 469
10 11 81 145 275 292 307 311 312 376 407 410 423 449 486
23 32 55 65 100 106 137 141 160 194 206 245 265 336 343 397
34 42 67 196 227 242 296 297 332 340 351 358 402 409 414 497
10 32 69 93 101 207 214 266 282 299 369 433 445 451 453 463
63 89 120 164 190 191 205 214 241 262 288 303 333 429 467 492
35 61 107 129 136 170 203 224 229 251 254 388 414 462 463 489
4 6 15 67 118 131 145 164 220 327 338 348 371 391 430 470
12 63 123 139 165 169 233 341 370 380 390 394 429 444 461 462
39 46 61 97 112 184 191 268 274 308 314 330 368 437 448 498
45 57 58 134 154 156 173 187 287 294 305 306 459 484 485 494
46 62 76 129 186 192 219 298 341 357 380 418 446 451 480 495
8 101 115 123 146 152 176 184 344 353 356 394 397 409 444 454
19 92 142 151 180 181 205 245 282 286 315 412 441 453 454 466
0 14 25 32 69 107 168 215 220 244 250 258 276 327 338 492
23 39 50 81 93 258 259 263 305 320 322 342 354 403 425 486
29 88 91 101 137 208 225 232 263 348 391 394 396 409 423 443
13 93 114 133 240 277 289 295 299 301 304 331 354 366 387 489
35 82 89 104 118 196 224 307 311 330 379 451 454 460 466 480
0 8 14 16 49 70 73 92 171 216 221 241 298 447 483 496
20 40 50 57 60 67 110 159 185 290 411 416 445 458 466 484
6 34 49 51 71 77 79 82 139 156 235 269 270 385 428 464
71 88 143 206 207 209 217 285 297 309 379 382 398 412 462 498
18 35 48 80 263 280 309 321 376 378 393 414 437 481 487 496
25 130 199 208 255 261 299 341 346 351 353 366 374 417 470 488
3 7 22 49 185 194 236 248 283 329 337 374 422 424 435 499
48 69 74 96 120 129 188 265 279 382 395 398 404 424 428 474
10 63 95 104 132 158 221 234 264 293 305 315 322 350 358 456
2 16 17 20 52 55 74 103 180 240 265 271 327 383 443 490
38 51 104 112 128 147 160 341 381 390 420 441 448 456 464 478
4 23 36 54 97 115 119 179 212 224 239 347 352 362 387 411
9 36 59 107 162 166 168 174 239 255 278 290 291 295 367 426
42 64 88 97 144 160 172 199 200 225 242 255 328 366 423 489
16 70 238 293 313 315 337 369 379 405 419 438 444 479 480 492
22 24 118 138 153 159 170 218 221 248 278 307 325 387 446 457
20 39 83 84 109 116 146 197 206 249 328 345 346 387 439 448
7 42 48 171 192 233 303 308 309 323 345 369 381 390 398 414
15 66 72 103 154 159 172 258 279 300 307 319 360 372 413 484
10 14 101 111 114 116 166 178 183 233 266 305 351 355 371 491
17 23 45 50 59 123 136 144 168 195 222 317 342 373 400 421
50 113 137 206 270 298 313 327 336 346 355 356 357 430 439 499
34 144 169 182 191 214 232 250 258 259 317 323 332 397 419 435
8 51 53 67 83 112 139 146 170 182 211 215 247 381 407 433
37 98 150 168 251 277 278 316 409 423 445 454 463 471 478 487
36 40 108 152 153 156 214 237 301 390 393 428 451 457 489 493
5 41 43 44 70 106 108 127 183 187 214 289 338 373 423 442
18 52 71 179 263 267 297 337 338 363 367 382 384 399 419 456
8 49 51 146 147 223 254 266 294 309 311 322 339 426 440 497
20 41 50 78 116 117 171 200 213 236 261 339 342 385 435 482
1 9 13 36 44 68 98 139 185 191 208 215 238 271 316 384
7 18 40 96 121 141 145 221 234 270 354 400 418 427 447 495
23 24 28 55 81 101 173 239 264 272 284 344 346 362 452 490
1 20 62 74 75 78 254 266 293 303 317 357 361 374 390 498
11 48 118 183 266 286 293 298 335 405 448 465 479 481 485 492
3 14 73 134 164 198 266 274 276 294 300 403 411 424 474 497
26 78 99 170 181 183 235 246 267 290 293 319 363 403 404 490
23 120 129 165 182 190 192 197 230 246 274 280 322 342 355 404
12 32 41 70 185 197 214 216 233 255 279 280 281 289 334 391
146 156 203 236 262 269 298 303 338 372 376 422 446 477 484 493
58 92 93 198 208 296 316 349 366 393 395 397 427 462 475 480
10 12 24 63 101 189 230 259 269 280 302 310 345 354 464 494
54 60 200 230 242 259 273 274 281 319 385 397 402 414 444 474
25 28 31 44 79 151 179 222 247 257 262 322 337 412 429 476
31 33 70 87 139 148 157 171 182 195 237 255 267 326 333 381
70 102 171 215 223 230 250 268 302 333 340 389 402 436 452 480
12 14 38 49 50 98 111 122 180 252 266 271 275 279 339 409
1 77 95 132 152 158 173 197 199 246 280 282 292 294 411 490
19 90 117 127 143 144 197 205 248 310 374 427 442 454 460 490
43 73 198 234 235 272 281 296 298 320 343 371 375 381 466 482
1 2 135 180 211 215 247 254 269 279 308 316 364 396 440 459
37 48 57 70 71 116 141 145 226 255 290 297 383 440 455 472
23 28 55 121 122 123 126 152 219 252 275 402 422 424 454 492
2 64 71 132 134 153 159 160 213 318 339 396 421 430 450 466
13 47 50 88 98 102 172 179 258 264 282 303 405 423 439 440
25 34 37 49 53 95 111 163 176 186 300 311 363 396 468 471
115 121 143 186 229 254 255 257 271 285 286 290 354 412 494 499
14 112 198 200 226 241 265 282 293 305 311 321 329 411 414 478
59 69 131 135 269 330 361 383 397 408 409 423 447 454 471 489
39 47 54 57 75 96 109 173 225 233 272 274 297 320 433 474
69 81 90 92 169 188 198 234 254 283 340 349 384 428 444 481
55 133 140 145 190 191 204 212 232 296 363 374 384 388 435 484
72 85 119 126 179 301 306 394 395 399 421 424 426 468 477 480
97 105 113 125 128 132 161 167 176 181 196 219 297 342 419 427
17 52 77 91 119 127 186 206 256 303 320 325 355 399 413 417
3 18 30 116 126 155 161 176 207 225 371 392 397 410 426 491
1 38 47 50 104 130 153 176 254 299 306 340 360 426 452 469
26 27 40 74 85 118 138 146 156 169 197 247 311 410 411 417
0 60 71 74 80 85 115 148 186 213 274 320 352 404 456 474
92 157 160 176 203 208 213 226 321 322 342 373 418 448 451 462
16 17 29 36 59 120 159 174 177 186 227 274 442 466 475 494
114 153 166 167 218 219 255 261 267 295 296 321 347 371 445 457
21 58 69 169 260 265 298 306 314 366 390 417 420 427 471 484
11 19 39 67 144 149 155 180 212 224 245 250 287 377 440 470
50 52 67 123 176 213 224 241 274 310 328 376 425 454 467 478
5 22 32 51 61 73 93 143 205 222 318 348 419 441 456 473
15 63 75 92 104 150 246 252 322 363 418 421 440 471 480 483
10 42 45 51 58 119 122 130 167 177 184 209 219 220 315 373
3 29 91 93 159 163 171 196 228 313 360 416 419 459 488 490
81 128 162 215 216 228 229 230 297 307 329 340 368 379 433 436
48 72 113 133 137 169 235 258 259 265 344 363 381 387 406 446
3 40 49 78 115 116 203 206 220 225 254 323 387 431 485 494
6 25 48 75 96 180 275 284 285 332 370 413 423 494 496 497
2 11 46 70 71 120 150 200 245 250 262 304 356 382 422 444 449
34 44 56 63 76 92 159 165 172 174 199 205 213 234 297 334 336
21 33 80 91 94 184 192 252 318 325 350 366 380 392 420 424 459
44 52 83 129 160 161 242 246 254 275 280 382 420 426 469 470 475
11 39 67 73 78 107 175 214 230 233 239 326 382 394 398 455 493
94 102 127 153 163 200 215 221 232 248 252 271 325 375 454 460 467
18 27 164 175 181 195 213 219 270 276 277 282 367 401 425 446 468
10 37 56 95 97 104 107 111 159 229 266 357 370 382 388 422 478
10 27 58 61 66 76 106 128 138 145 172 278 307 315 359 458 489
49 51 89 133 152 174 223 241 251 315 317 335 391 395 398 441 442
14 42 103 112 167 207 235 248 257 277 307 328 333 363 366 387 438
11 112 119 150 160 181 186 195 214 226 232 262 272 289 344 480 499
70 101 105 115 127 130 140 147 148 190 236 268 290 351 369 459 481
136 175 176 186 246 259 267 329 341 356 411 415 423 432 461 482 489
23 77 123 145 183 186 225 227 239 240 265 317 328 356 406 421 479
2 128 197 247 266 287 291 295 316 357 365 382 386 410 426 435 459
3 15 23 28 39 59 66 106 116 132 174 204 248 288 307 314 492
33 39 187 239 248 256 297 313 323 332 334 362 366 407 435 441 447
55 74 112 133 193 222 274 313 333 344 345 387 404 421 432 457 480
13 14 21 52 81 144 255 278 310 338 349 375 383 397 435 436 445
1 8 18 24 57 113 129 141 181 229 292 322 358 361 413 463 464
37 38 53 134 160 179 189 211 231 277 328 340 371 376 419 440 463
5 41 78 114 118 154 184 243 246 265 273 336 373 414 449 467 495
20 81 88 162 188 194 202 204 249 256 286 309 315 335 337 401 455
3 8 39 40 50 81 104 162 178 247 334 341 351 394 415 424 466
17 30 31 73 201 215 261 326 361 372 389 400 404 446 460 470 497
20 25 37 39 44 92 121 136 175 184 206 285 300 306 388 427 483
0 39 87 150 174 201 206 239 240 250 260 285 329 344 385 406 446
10 11 39 42 55 61 62 152 218 261 288 301 305 346 366 481 498
0 46 52 60 66 80 99 150 194 216 282 334 343 373 378 461 471
46 58 91 130 145 198 266 326 382 393 398 415 429 472 473 481 487
8 32 33 71 78 99 134 173 260 282 320 322 340 368 396 402 406
37 50 65 82 89 167 272 276 356 394 401 403 405 437 443 459 476
28 50 74 102 104 110 172 179 213 240 245 291 304 329 370 422 449
147 168 169 180 205 253 303 315 333 348 396 414 429 439 442 478 481
23 56 59 99 147 149 186 289 293 295 302 305 397 402 410 439 478
32 70 73 102 126 145 192 232 288 306 343 376 386 446 459 476 496
77 90 128 176 186 201 220 231 269 279 286 382 390 407 414 436 460
21 31 33 44 88 91 117 148 150 169 209 279 282 293 423 431 445
17 60 80 107 161 168 182 187 245 257 268 270 386 414 425 437 484
9 80 117 124 223 245 290 301 318 346 352 356 426 455 465 481 487
63 83 140 143 148 149 158 161 175 187 191 196 203 278 381 385 495
104 153 154 177 189 256 317 318 336 337 341 358 360 432 435 476 491
9 28 31 57 61 78 91 150 163 264 309 314 357 426 440 493 498
45 57 62 95 127 137 224 273 314 332 347 352 363 387 398 450 456
45 47 52 76 91 156 162 170 227 240 249 290 401 438 449 460 467
13 17 41 58 59 74 104 105 124 171 181 207 371 386 411 462 476
8 12 30 48 57 98 102 126 173 242 303 327 339 343 362 393 414
68 69 152 161 167 173 208 233 255 260 314 331 374 392 460 480 483
104 160 190 195 199 231 256 281 318 320 381 405 430 467 471 478 481
18 43 70 91 116 121 124 155 157 231 232 284 355 405 455 475 490
15 29 47 48 53 59 149 163 236 282 288 332 347 408 418 438 496
1 68 83 94 95 131 175 214 215 235 261 290 330 343 395 450 483
81 87 138 140 157 159 160 197 202 224 231 267 277 291 302 391 461
9 20 116 118 128 159 184 229 248 289 341 347 355 376 406 412 429
30 95 135 201 204 220 221 233 244 261 283 290 300 343 383 385 465
4 21 62 88 130 157 215 222 238 242 246 268 345 349 398 422 498
2 15 50 119 147 232 271 295 317 334 350 378 414 415 435 444 496
35 38 42 45 66 84 110 283 316 338 342 356 390 440 454 455 496
18 38 47 61 66 116 154 184 206 221 237 291 296 320 341 373 420
39 45 64 106 128 204 246 250 275 280 299 307 346 355 357 389 493
21 93 173 208 275 303 318 366 367 369 372 375 387 403 411 418 473
24 33 129 131 173 183 190 240 261 308 310 323 326 384 403 443 455
23 51 109 110 127 129 146 152 189 263 319 346 381 399 426 441 484
10 21 32 40 54 55 225 298 370 375 378 400 404 417 421 422 454
50 116 118 134 182 196 226 232 271 314 377 385 387 388 407 460 467
86 142 196 200 202 222 252 266 337 341 401 413 416 433 456 463 491
78 130 144 149 192 226 248 266 285 323 372 402 449 452 477 492 494
25 29 51 92 124 130 156 159 169 213 222 240 320 329 431 444 460
1 6 58 88 110 117 252 258 271 274 286 303 310 391 430 441 496
11 113 124 129 147 162 216 254 256 267 332 337 366 396 411 428 493
6 19 84 88 111 121 182 210 237 308 315 405 428 448 461 465 487
6 19 32 85 113 122 126 129 185 186 237 284 285 361 386 414 438
101 106 122 196 208 218 239 251 282 290 298 322 342 386 396 424 467
51 53 114 123 125 146 205 226 234 266 355 397 399 401 403 423 478
11 17 49 80 131 144 145 156 190 229 248 329 367 376 426 438 455
4 70 166 173 205 215 229 283 285 333 364 381 384 386 426 433 465
19 79 152 162 165 224 233 253 254 293 301 310 345 369 401 426 473
50 116 128 142 240 247 251 267 286 308 361 393 397 400 413 447 496
11 42 94 117 142 152 172 234 252 277 330 336 353 372 449 486 490
26 41 44 88 102 126 151 154 162 187 250 258 268 306 367 431 481
20 31 33 37 39 117 132 152 189 238 243 309 324 358 390 406 487
14 52 129 179 182 183 224 239 277 280 364 371 454 455 474 482 494
106 110 127 135 175 176 215 220 238 286 380 440 452 463 468 479 498
64 97 113 135 161 176 179 195 220 241 263 280 348 357 454 463 485
36 40 52 76 82 86 185 238 275 305 309 326 334 349 389 482 490
17 42 108 137 139 238 270 297 318 328 396 411 425 458 466 475 487
13 68 71 87 136 166 171 174 233 319 365 419 431 432 460 470 475
1 29 44 59 85 101 102 159 160 175 233 340 398 403 411 439 479
22 45 111 165 188 193 234 237 277 283 327 339 353 358 374 414 492
2 54 100 111 130 141 172 269 286 293 326 367 385 387 425 469 480
4 63 79 147 169 206 242 279 298 347 352 408 422 424 460 469 473
13 157 162 168 175 184 194 210 214 223 376 377 395 404 415 468 489
16 41 72 81 119 123 180 245 276 277 282 297 300 322 339 474 480
20 29 35 51 134 143 179 231 264 282 351 412 424 433 463 473 478
13 21 62 96 100 112 116 124 195 203 220 231 255 305 355 373 382
0 86 149 210 214 235 239 251 279 288 291 299 346 367 379 432 468
10 32 37 45 46 47 83 186 222 237 295 298 324 327 360 363 397
17 45 117 140 165 167 175 201 217 235 236 245 252 272 398 402 409
29 30 39 42 95 117 145 213 233 259 288 346 360 365 374 408 431
12 14 17 26 60 62 101 107 134 169 178 185 233 289 321 352 446 477
1 2 8 98 108 173 197 239 284 303 314 347 375 383 407 410 427 451
9 17 52 104 143 144 193 200 218 242 305 349 382 404 449 456 490 492
12 46 76 107 113 174 189 206 225 229 296 306 360 400 424 431 445 487
24 27 29 75 105 119 130 136 203 207 241 246 249 273 301 349 438 490
17 59 74 86 148 210 211 224 242 298 321 336 367 406 409 454 455 466
11 12 47 115 123 163 175 185 200 249 323 338 348 387 401 410 435 482
40 96 136 140 146 214 217 252 279 308 318 327 340 349 394 401 403 410
44 46 94 120 133 179 184 238 256 269 291 296 308 359 374 421 444 452
0 6 8 33 76 96 98 206 236 238 272 335 373 409 458 460 465 469
14 26 73 85 131 185 205 243 305 382 391 401 414 445 466 470 478 490
31 37 56 77 121 139 153 173 184 185 235 280 284 309 329 390 402 415
21 28 29 68 94 105 111 128 165 227 272 275 278 312 336 364 393 427
1 63 81 94 111 128 213 214 235 256 297 325 369 370 380 389 391 433
19 27 49 127 153 159 199 202 216 248 268 273 282 302 344 375 418 451
28 153 155 178 181 186 197 226 234 251 255 284 294 311 344 381 392 453
63 94 117 153 171 216 222 229 283 294 303 319 349 353 399 445 462 488
59 67 89 117 138 144 173 202 254 260 270 290 341 369 407 415 455 481
5 8 26 81 135 136 200 208 277 291 301 333 352 368 455 470 474 482
30 36 51 91 129 142 165 193 218 231 259 260 285 309 373 412 415 420
9 10 98 118 127 179 202 219 232 261 360 385 441 458 475 480 483 496
41 60 101 156 211 241 255 297 299 304 315 332 363 398 411 458 461 489
28 40 132 143 165 191 247 248 249 257 289 294 296 358 361 363 374 477
7 140 151 244 315 320 328 370 376 401 425 432 434 448 472 476 487 489
43 61 94 111 157 174 200 281 300 321 351 366 376 403 426 452 459 488
14 90 141 143 184 204 242 269 291 313 348 355 364 379 391 393 427 452
124 144 151 153 164 181 242 273 275 290 306 312 349 366 410 425 456 470
5 14 52 60 65 93 131 183 186 187 208 225 333 354 365 395 424 497
73 96 99 110 220 233 315 316 335 356 367 388 389 408 423 434 446 472
86 134 161 175 176 266 268 272 283 284 301 312 315 318 325 403 436 442
7 14 34 38 40 59 68 80 147 185 195 199 200 238 289 347 385 454
23 30 44 93 99 135 142 216 262 270 278 297 362 416 441 442 447 481
30 98 145 146 151 156 162 166 172 236 258 260 273 321 352 411 424 477
55 73 81 95 122 200 212 241 245 255 257 293 327 440 449 461 478 498
13 17 25 138 165 203 274 298 300 320 331 358 420 438 447 464 470 493
19 66 84 94 101 122 160 162 214 248 261 302 319 415 420 428 461 477
89 98 171 178 180 184 205 211 219 220 231 244 265 301 311 325 390 397
14 58 68 106 116 130 131 180 182 240 271 295 378 409 437 468 483 484
4 89 108 140 150 165 167 220 318 353 359 365 379 404 425 451 452 491
2 39 78 109 115 129 151 180 181 208 209 218 223 252 288 316 404 484
27 34 36 43 55 98 130 186 218 229 238 258 282 290 299 306 332 492
6 19 49 54 137 162 168 188 217 229 244 275 287 299 316 367 480 494
13 45 101 102 107 123 147 182 183 227 270 294 316 325 350 367 441 466
5 33 66 79 90 181 254 269 279 305 323 334 383 421 444 466 482 487
2 67 69 114 126 153 174 193 206 223 246 251 291 374 424 449 462 476
4 26 30 54 77 78 81 104 108 126 160 184 235 352 359 383 385 487
12 13 118 179 187 195 202 203 252 267 288 311 332 358 395 398 404 451
22 118 129 158 169 218 237 251 272 289 325 333 334 407 418 450 455 461
4 72 143 228 230 292 298 299 305 318 327 329 344 345 392 394 401 470
4 12 15 66 77 90 125 153 154 160 204 220 278 320 331 447 473 474
31 63 72 85 91 128 137 166 173 202 209 217 236 240 251 275 347 407
3 4 40 190 202 249 272 323 325 335 351 401 416 418 420 435 444 476
3 42 51 58 84 115 132 173 245 299 349 362 371 385 397 433 454 478
30 34 35 72 107 124 152 175 223 265 287 317 394 407 412 443 446 479
103 111 117 123 124 130 168 179 181 224 234 262 271 334 358 359 372 412
12 49 60 73 97 101 122 159 216 235 254 281 341 374 378 383 407 470
3 52 72 90 131 191 197 201 223 237 247 358 360 386 420 451 466 476
18 73 80 113 151 183 239 242 267 273 297 303 326 329 362 386 458 468
13 26 35 79 81 100 195 214 222 249 277 286 305 320 340 368 478 498
35 39 51 60 70 73 83 91 121 180 373 387 428 435 449 460 485 495
25 37 55 74 98 124 157 189 212 269 312 314 317 320 350 447 462 484
22 35 49 55 61 114 175 234 241 256 301 302 336 403 448 456 487 492
21 50 94 98 104 110 118 128 132 141 155 207 211 256 320 416 464 486
55 57 142 150 163 181 231 305 320 329 385 394 397 406 442 458 479 489
29 48 74 122 165 167 202 209 274 275 303 312 318 334 335 356 443 472
52 59 76 89 97 129 133 139 165 171 213 215 247 284 317 346 393 454
4 47 65 74 103 174 177 190 238 256 283 290 355 381 400 425 437 450
49 84 85 104 125 158 214 260 275 276 283 301 365 397 402 404 409 499
5 10 32 57 96 137 141 150 177 268 279 332 370 410 437 442 443 494
56 73 113 148 185 198 222 258 280 296 336 345 350 408 409 412 429 472
64 117 119 126 137 149 161 163 192 207 220 235 259 306 329 346 405 473
20 22 31 40 48 49 92 94 100 101 103 111 113 121 180 311 340 354
3 32 45 74 137 146 209 239 249 272 293 295 361 388 420 430 478 489
9 89 133 148 185 237 255 261 274 284 290 306 388 397 405 433 438 439
18 23 31 38 61 67 75 99 109 139 152 238 239 276 302 304 337 370
3 18 23 49 130 131 139 141 162 178 191 242 319 337 344 426 454 492
2 59 74 79 93 112 114 153 234 235 247 270 286 366 418 439 449 472
70 97 106 130 138 158 211 238 265 289 302 303 323 382 397 438 462 468
25 33 93 112 117 122 124 130 134 238 346 354 364 389 431 449 459 470
0 51 108 143 177 182 217 230 277 289 294 375 396 412 423 427 486 494
49 124 144 178 184 222 232 237 239 244 259 262 336 353 366 447 455 462 499
3 54 71 74 91 154 160 164 182 212 237 239 265 286 292 308 382 412 438
71 75 104 136 153 164 173 190 202 215 231 267 329 333 366 377 411 423 437
5 61 170 195 202 207 229 255 268 293 347 394 400 436 439 453 466 469 481
24 35 47 79 104 117 150 212 230 250 296 339 346 347 349 378 381 431 459
52 57 74 75 135 138 148 176 217 244 246 253 310 335 375 400 409 428 435
5 14 66 124 174 191 204 219 257 296 319 354 363 367 437 445 446 455 456
27 103 142 182 221 253 277 330 351 358 365 367 397 401 425 426 427 491 492
10 81 159 206 219 264 272 294 305 327 415 418 419 422 443 452 463 478 493
118 131 166 219 268 284 294 305 315 326 340 359 371 415 430 433 442 476 477
0 30 55 65 73 77 82 132 164 172 203 236 339 363 399 422 483 490 494
20 33 44 57 116 144 164 173 187 241 254 295 343 354 358 383 400 416 492
31 50 191 239 240 250 270 276 313 317 335 368 400 406 410 475 478 481 483
7 44 51 121 177 203 233 248 269 272 278 291 297 384 386 399 410 450 462
17 27 61 63 126 154 209 239 245 262 283 289 297 313 325 332 352 404 427
133 155 166 172 237 241 243 245 256 312 316 325 331 364 372 418 422 450 470
24 169 174 175 208 214 281 282 286 292 298 324 391 393 407 417 451 477 486
4 78 110 154 164 165 206 213 255 272 336 374 425 443 453 458 470 474 486
13 45 69 79 90 126 138 204 215 240 260 279 292 307 347 397 399 449 489
37 61 80 136 152 170 186 202 240 265 270 290 339 356 372 387 416 420 490
1 78 115 121 199 245 274 283 300 307 308 340 359 369 373 425 450 461 486
1 9 14 48 82 118 130 156 185 221 281 297 349 483 487 488 491 492 499
76 98 109 119 125 131 144 198 229 283 326 352 388 426 447 456 473 492 495
3 8 20 53 73 96 103 105 148 179 186 229 240 249 368 424 453 459 483
8 28 72 135 138 140 183 217 257 259 282 331 347 389 423 426 448 449 458
92 133 158 170 191 208 222 243 259 279 321 337 374 422 424 432 462 473 475
120 126 136 146 166 225 280 301 359 362 371 401 425 429 432 436 455 483 497
18 41 58 96 148 151 168 170 193 273 278 298 335 354 357 430 447 448 495
3 35 42 99 165 177 203 277 287 292 297 304 324 363 392 413 417 446 461
0 13 40 45 50 106 107 203 218 242 302 307 327 390 404 409 466 481 491
32 34 111 140 142 151 203 291 310 318 328 332 366 403 444 446 454 458 466
9 36 129 176 217 237 254 261 267 304 344 355 394 416 435 438 471 490 494
24 78 82 92 111 114 148 163 183 203 233 234 252 258 264 281 400 424 465
115 118 148 161 167 178 190 210 246 250 367 368 383 395 417 451 488 490 498
2 8 63 101 112 114 153 162 176 180 226 228 260 314 347 355 361 430 438
27 47 66 140 153 160 266 269 286 289 293 340 345 354 389 400 439 441 472
1 8 27 64 148 156 200 204 206 270 276 278 291 363 399 424 452 475 481
64 151 157 173 177 187 201 228 254 261 308 314 347 364 382 384 392 397 441
25 68 108 123 163 193 195 208 214 228 250 269 313 338 350 357 367 418 449
75 85 93 104 105 129 162 170 199 208 269 322 344 353 377 387 391 456 491
5 50 51 60 61 74 102 154 197 206 296 322 332 380 381 450 477 484 489
0 21 36 68 91 98 183 184 189 218 255 272 281 303 308 322 391 401 438
43 82 102 103 139 152 164 294 321 325 333 342 374 383 386 407 412 477 491
13 99 111 125 140 160 202 218 234 243 254 256 269 277 286 338 381 392 396
44 72 74 77 107 116 172 303 308 316 335 340 346 352 390 404 421 455 487
47 52 156 161 171 242 247 250 292 323 335 347 358 368 394 406 409 413 460
8 30 37 53 61 80 89 102 120 139 216 265 282 291 306 308 382 447 455
23 39 40 86 107 112 126 132 187 195 209 264 304 368 374 409 429 431 477
11 128 186 225 232 260 277 295 297 304 344 360 370 389 407 413 462 476 499
0 36 45 72 83 88 135 140 145 190 269 280 301 308 327 338 367 401 443
32 53 78 96 143 149 208 227 241 242 260 303 324 411 452 460 481 482 490
64 81 93 96 185 207 212 242 245 272 282 290 364 394 411 412 432 460 487
36 83 105 109 128 154 155 184 185 188 249 284 326 390 408 463 466 490 498
7 16 116 135 175 207 251 273 294 307 310 323 342 354 394 405 444 457 481
17 52 62 91 93 135 145 157 175 239 285 346 354 380 387 403 412 425 492
2 8 16 43 60 133 135 162 166 193 214 217 277 338 340 383 420 436 484
8 11 36 47 49 69 112 132 161 177 183 232 324 358 395 408 419 454 496
60 90 91 134 164 180 218 237 241 273 284 285 297 324 329 353 381 424 455
2 14 26 183 191 194 239 243 258 261 278 286 302 345 375 399 417 421 490
36 56 75 76 109 148 268 272 322 369 387 403 412 418 423 425 462 463 475
49 107 109 142 148 217 218 234 261 298 320 322 323 334 341 382 396 463 473
49 134 176 188 221 226 294 301 311 319 320 329 352 361 383 393 425 458 462
25 37 58 64 116 121 123 192 202 240 260 285 312 316 370 380 413 453 498
17 29 38 45 82 133 159 170 171 223 277 324 331 360 410 423 444 491 498
17 39 43 44 48 106 109 141 144 158 221 228 268 365 406 434 464 469 470
39 46 85 88 142 145 150 162 191 297 312 314 366 378 385 391 392 437 486
29 62 140 161 184 188 223 229 249 315 336 407 414 422 430 436 442 493 498
64 69 113 129 153 155 162 174 175 227 230 291 302 332 356 438 459 478 498
48 49 94 134 188 235 244 301 312 318 328 336 343 357 360 450 455 467 478
21 31 36 63 84 128 132 137 156 182 184 199 223 226 246 305 356 379 425
9 50 60 82 89 91 105 137 138 183 204 238 252 257 345 401 433 434 446
13 38 46 64 127 183 186 249 255 256 269 290 296 299 380 440 451 482 484
8 27 36 43 73 102 105 143 165 198 236 252 260 383 410 425 440 445 476
13 25 38 81 131 137 142 204 226 243 262 277 287 409 420 441 451 464 478
58 81 117 160 204 227 229 242 281 284 326 328 337 375 385 436 438 454 488
28 33 50 77 105 135 160 232 253 279 312 372 405 411 436 446 487 491 492
5 19 93 105 127 175 216 224 245 285 326 344 346 376 401 414 446 451 470
20 28 39 43 53 83 139 208 218 227 275 288 327 333 343 347 378 457 498
103 105 108 126 176 187 189 252 253 264 287 323 352 364 375 412 482 495 497
16 103 107 137 162 170 183 216 228 245 249 340 354 374 376 377 440 444 482
3 14 26 34 41 66 71 106 108 181 216 270 324 371 399 421 432 441 443 450
7 14 29 61 66 90 98 119 172 301 308 367 398 413 434 441 450 475 479 481
56 62 79 82 110 129 219 229 263 278 326 332 336 346 358 374 422 452 467 469
34 45 56 96 97 115 120 124 248 294 301 319 335 364 376 391 392 434 435 457
62 65 87 93 101 121 131 201 215 218 248 277 288 308 331 413 436 473 479 494
4 8 77 87 94 110 132 134 231 252 304 317 332 344 353 360 440 460 472 475
37 41 62 69 92 120 129 134 143 144 148 161 163 221 301 334 345 381 393 431
2 41 51 63 64 106 151 179 197 263 282 302 316 387 394 426 439 458 483 486
19 88 102 106 108 143 164 186 191 226 243 305 321 343 364 384 413 414 441 472
47 54 57 72 77 90 166 204 216 277 283 287 350 367 386 416 429 453 463 484
144 150 201 203 207 211 217 226 244 247 264 275 341 372 385 413 440 453 481 486
58 70 83 95 154 174 250 294 307 312 341 355 360 372 375 376 416 421 437 438
38 45 52 56 78 88 110 120 128 140 149 221 256 264 300 351 369 385 449 470
6 16 35 79 101 129 137 161 195 200 211 243 295 356 388 390 404 423 465 473
0 34 35 79 95 104 138 172 184 197 225 234 275 293 365 367 408 441 491 497
1 17 85 109 124 146 179 195 220 226 264 277 288 348 360 364 400 407 485 498
70 140 160 170 222 245 257 263 277 298 300 328 330 355 374 379 395 424 435 481
50 173 191 196 243 295 301 303 305 307 321 331 363 377 378 396 402 433 444 454
12 37 41 98 110 123 148 151 152 178 187 201 226 252 255 340 349 361 399 482
16 19 51 56 127 130 143 148 156 188 222 236 255 260 282 326 328 382 432 485
23 40 55 87 90 120 164 183 204 205 231 251 293 326 345 373 383 402 465 466
21 75 111 195 204 229 246 270 311 343 387 413 414 424 429 432 446 450 488 494
15 31 97 108 145 165 178 249 251 263 295 314 316 371 384 390 411 426 465 492
13 127 142 189 212 222 233 236 248 256 260 271 293 310 318 329 373 374 415 465
39 45 59 60 113 119 146 152 156 174 223 231 252 306 371 419 420 437 444 474
28 30 35 105 129 150 234 259 314 323 332 335 366 376 405 409 428 449 469 471
18 33 80 115 147 150 185 224 246 261 275 299 365 379 392 423 457 470 482 493
9 26 34 52 65 74 88 106 119 193 228 230 252 267 296 304 334 352 381 496
11 15 55 78 99 127 161 164 204 246 309 314 317 341 359 394 413 435 438 488
2 4 5 63 66 80 114 115 122 128 136 158 228 307 365 396 424 438 468 484
85 119 144 155 177 225 226 229 238 245 261 271 321 349 355 373 429 433 440 491
7 27 87 103 104 116 128 133 196 233 246 311 316 359 371 398 440 445 490 498
4 49 60 63 89 90 116 132 153 171 195 312 324 336 351 368 433 449 484 490
10 30 105 116 159 183 193 222 228 244 260 275 299 355 410 458 475 488 489 499
62 72 86 123 142 150 152 177 316 319 365 381 410 422 434 446 453 472 475 490
60 151 165 176 262 282 319 344 363 367 374 377 379 384 405 410 440 455 474 480
2 7 25 26 44 60 105 163 230 240 258 295 297 352 415 419 439 465 473 476
9 12 34 76 77 89 91 111 135 140 144 189 221 265 296 311 366 391 447 478
22 43 70 114 170 175 244 250 283 287 313 316 342 380 401 406 427 464 475 483
46 72 73 126 136 138 171 172 175 239 264 265 281 297 301 303 337 387 398 455
59 122 134 136 139 171 212 218 226 228 231 235 236 303 311 336 397 448 494 499
0 53 58 93 158 171 229 243 291 320 345 350 391 417 442 447 456 473 477 478
14 32 44 80 97 132 162 163 174 249 262 269 292 293 300 309 312 410 415 440
9 26 37 51 66 89 137 173 205 211 288 337 338 420 421 427 437 438 447 473
6 31 46 75 86 137 150 158 160 171 190 228 276 278 300 308 312 320 377 444
7 32 62 181 182 199 210 218 220 224 257 264 279 294 307 311 369 381 396 438
34 38 48 57 62 118 135 136 150 232 262 311 313 324 348 353 377 384 394 439
68 78 83 91 93 172 179 186 189 233 241 242 278 333 344 391 396 417 420 448
2 9 149 151 220 235 288 301 319 329 331 338 411 418 422 434 444 456 458 476
42 83 97 104 116 134 151 155 170 193 208 250 317 325 344 347 355 377 386 497
52 67 87 140 143 166 168 203 247 249 258 269 276 286 330 333 375 410 474 494
64 66 85 88 94 103 132 134 166 183 239 259 346 350 359 384 430 448 454 475
18 55 62 109 133 159 167 209 246 259 260 269 272 335 346 365 379 454 474 486
1 34 52 81 83 128 159 165 223 234 254 313 350 360 368 408 415 416 430 445
24 30 46 58 62 76 101 105 171 219 226 263 297 301 317 360 427 432 436 481
20 51 95 126 132 134 178 226 248 256 280 357 366 373 386 401 411 457 478 496
23 39 41 72 92 239 294 316 329 349 372 417 423 428 430 433 436 469 472 499
29 95 121 174 242 269 274 307 314 319 324 327 348 370 377 387 411 443 445 453
0 3 4 46 113 125 188 233 275 307 322 338 379 385 433 452 456 457 471 490
15 24 26 28 56 84 90 95 116 218 228 246 265 282 321 336 352 431 469 487
24 57 58 66 94 100 101 252 303 337 350 378 387 395 431 446 448 484 489 494
72 90 121 169 216 225 226 262 273 288 291 305 315 325 337 405 426 439 458 476
56 84 108 114 117 138 139 269 291 317 327 331 336 361 389 401 417 455 473 498
19 38 84 184 187 214 223 284 295 306 313 326 349 355 371 392 393 403 407 408
6 9 27 53 79 134 141 201 284 347 351 354 372 392 415 447 472 476 486 487
31 42 48 78 104 165 184 197 199 254 278 308 313 335 356 375 379 417 449 498
7 42 43 49 54 60 63 64 71 84 145 148 191 264 275 285 411 455 480 496
2 45 47 80 96 124 140 141 152 201 204 208 216 218 240 331 371 388 415 430
54 66 74 97 123 144 153 183 210 266 299 330 391 392 436 454 462 471 474 491
4 47 51 73 87 122 131 140 182 245 250 275 297 349 353 384 458 480 484 493
73 117 162 185 186 212 225 232 235 252 271 283 312 325 339 372 402 405 422 449
11 31 45 48 57 59 163 177 192 209 223 285 289 293 372 373 431 432 445 458
4 21 31 98 99 107 133 135 192 240 285 302 372 386 410 412 448 484 489 494
8 68 76 83 93 121 125 130 137 196 197 206 220 275 303 359 363 368 439 467
23 97 117 147 153 160 169 186 192 212 216 224 240 242 253 291 303 441 460 464
3 29 35 37 60 93 174 196 210 234 255 299 300 324 349 397 401 426 447 458
33 87 107 118 125 142 209 232 245 291 319 367 397 411 423 456 469 478 492 499
34 35 49 82 114 136 182 189 212 213 236 352 375 386 394 440 459 466 490 492
21 70 74 89 113 137 152 175 185 193 197 205 217 248 250 287 310 394 420 491
35 85 112 133 135 179 193 194 239 246 268 274 299 313 365 434 447 458 462 465
