105 124
355 386
401 446
213 284
42 98
150 165
395 397
3 48
30 82
325 336
318 328
68 81
328 359
422 478
314 398
169 198
320 365
286 293
238 249
201 253
276 287
406 464
427 430
38 80
403 474
203 246
219 257
38 59
60 90
34 68
242 289
19 85
466 481
438 493
340 375
103 179
125 136
305 377
202 218
420 469
417 465
227 263
19 55
231 265
12 16
441 463
308 325
136 182
154 194
29 53
468 487
326 371
174 182
242 297
244 272
137 163
443 478
354 395
239 277
346 367
212 215
100 188
109 176
251 294
31 81
208 256
31 35
322 359
12 77
430 451
12 66
224 233
418 468
266 269
230 231
271 283
281 287
125 190
122 129
476 499
206 236
442 474
102 136
435 480
133 148
251 280
105 173
66 97
443 471
125 171
437 482
108 145
38 82
4 69
352 365
151 172
137 153
444 483
332 365
306 391
310 369
113 186
251 261
149 176
421 455
313 379
205 285
203 262
360 366
203 298
410 466
154 173
2 36
306 317
413 421
12 26
191 193
305 332
21 79
359 367
61 68
165 197
320 339
39 81
425 463
142 145
319 348
269 297
227 299
247 249
4 53
110 192
37 75
442 493
102 123
26 60
1 35
360 382
371 376
163 179
76 79
304 363
119 127
409 436
20 54
52 65
18 21
333 392
148 195
200 279
209 295
257 286
140 195
140 160
231 291
352 364
343 365
253 297
301 307
19 31
241 282
112 194
48 97
217 299
108 177
338 368
115 187
214 270
321 385
344 394
247 276
333 356
420 430
353 384
158 186
440 489
446 453
108 122
418 477
130 179
441 471
300 310
45 84
419 472
405 461
14 55
123 153
419 493
333 382
386 389
13 75
321 387
234 235
105 117
39 51
363 388
223 289
219 277
10 64
305 350
20 64
268 279
245 296
320 325
122 179
235 245
132 179
138 161
257 264
156 162
324 391
105 188
200 248
56 62
259 282
229 248
151 192
174 175
26 52
53 92
21 77
179 181
328 398
448 469
304 333
83 96
428 497
9 58
246 259
278 282
447 465
455 474
323 334
120 131
117 123
403 418
282 296
413 452
366 384
233 260
143 174
412 477
491 492
206 269
209 296
309 347
208 261
379 386
417 476
140 169
442 471
309 370
450 474
319 346
133 171
412 479
444 499
109 151
417 420
284 299
4 68
135 173
6 43
114 157
149 158
144 187
216 248
31 91
350 364
255 268
160 168
438 454
128 170
424 485
477 499
31 34
349 386
338 352
411 483
411 424
83 99
230 259
252 260
316 349
319 346
24 61
327 389
283 296
409 443
416 474
58 83
330 339
211 292
465 476
400 418
427 434
174 184
8 48
144 179
327 348
207 306 311
60 90 99
6 72 269
204 209 421
352 415 429
308 350 411
70 406 492
122 194 268
89 92 309
107 374 395
253 427 492
125 126 419
124 219 282
307 361 431
90 357 392
87 139 157
411 437 438
369 377 479
102 182 442
60 435 451
109 140 196
18 70 296
256 429 473
245 354 385
163 229 250
169 352 393
52 55 161
342 353 473
63 255 298
210 221 392
29 88 93
53 483 491
5 113 118
326 330 395
151 448 455
24 55 77
36 154 164
167 388 396
112 170 403
109 426 456
6 130 182
117 155 215
197 278 292
314 352 365
233 415 419
57 232 291
123 135 330
73 81 222
30 60 160
303 325 395
77 165 189
114 145 262
126 156 478
274 326 340
371 429 497
303 345 347
304 426 427
217 225 229
243 269 323
170 301 360
283 442 467
248 310 340
408 463 467
277 400 422
124 160 296
263 297 406
47 111 166
36 42 56
19 89 175
43 114 176
405 443 467
339 343 358
279 428 435
48 306 326
135 312 362
185 428 494
8 204 220
419 444 474
311 395 451
224 261 262
62 455 480
270 443 472
2 8 370
266 295 316
138 175 262
276 299 370
8 465 497
305 309 357
160 179 477
68 355 372
201 297 489
446 463 467
106 184 290
20 78 84
166 411 481
401 405 439
98 203 299
435 445 450
217 435 451
153 159 257
310 319 489
129 160 434
21 42 146
333 395 456
190 442 497
241 257 273
235 328 383
157 165 238
107 311 397
6 52 70
307 347 391
55 130 172
65 321 346
71 208 216
295 345 356
285 324 353
166 179 301
147 229 274
256 289 290
40 68 385
17 52 432
12 75 174
91 346 375
108 427 432
222 286 348
4 329 339
42 260 279
32 53 328
208 249 284
182 288 291
254 309 375
160 351 386
116 170 266
308 373 488
203 234 253
226 321 392
152 224 254
15 93 481
152 186 392
186 190 433
107 141 143
39 128 171
226 333 376
175 400 488
453 457 458
366 462 466
69 308 331
210 266 462
234 264 395
266 313 333
7 232 251
57 60 268
120 192 241
214 260 397
39 340 379
2 25 418
4 37 381
293 458 478
30 97 227
124 178 288
145 152 298
411 427 466
341 351 367
348 357 373
210 289 491
114 139 179
108 136 452
260 269 314
80 476 490
21 57 339
131 424 455
136 413 469
429 431 439
2 46 323
485 494 499
338 391 472
339 440 467
226 272 330
34 126 181
176 431 478
340 352 375
56 63 327
183 186 313
373 401 493
149 171 315
55 435 460
253 424 480
32 44 476
29 215 297
80 321 394
39 331 348
78 94 147
32 40 103
317 322 394
134 185 222
36 70 86
30 63 184
212 383 394
225 232 296
125 135 256
290 437 484
342 366 487
115 430 469
11 257 278
10 39 92
4 97 450
261 348 364
401 425 473
110 192 195
176 334 396
342 414 420
314 326 332
279 297 370
313 327 489
405 460 471
48 392 396
40 137 156
22 86 97
116 307 379
41 72 270
265 308 375
188 357 366
60 256 283
138 142 280
206 215 232
330 377 396
405 445 466
24 41 309
250 347 351
89 189 196
407 445 492
5 224 258
312 493 498
270 402 447
106 186 452
78 88 256
14 46 186
187 321 365
137 148 197
160 326 339
143 441 482
216 244 289
217 254 454
104 113 188
54 97 454
409 419 460
67 89 117
250 283 439
211 229 259
218 315 384
39 41 476
366 422 469
444 456 476
100 107 131
38 88 306
112 188 197
106 119 264
30 306 341
41 142 143
251 341 368
406 428 442
183 348 357
200 274 282
73 133 177
17 21 102
357 360 367
74 93 97
56 224 261
337 340 371
305 388 441
1 84 225
318 411 491
109 193 484
253 264 274
49 301 383
18 361 369
7 412 451
51 92 439
104 114 254
400 408 491
13 62 460
33 422 481
104 184 281
71 431 440
113 169 334
240 257 274
258 259 319
387 436 471
46 367 399
38 65 103
4 42 56
131 158 181
279 315 369
78 83 270
337 374 398
243 407 496
94 247 255
140 408 431
16 57 216
35 40 324
104 146 422 449
32 212 420 439
163 205 219 420
51 78 199 409
6 156 171 320
160 199 428 448
52 70 447 470
95 105 420 461
129 220 254 270
291 345 380 391
113 169 191 265
220 235 260 354
92 136 184 483
66 196 311 373
242 312 323 487
134 231 236 387
189 208 253 284
95 143 146 400
6 25 98 112
28 46 208 457
50 72 75 326
31 435 452 465
209 299 346 414
122 236 413 430
8 325 383 386
61 119 150 187
127 187 195 437
120 189 194 231
209 258 265 282
301 310 393 433
106 194 230 454
11 53 170 457
8 67 146 381
205 236 326 412
21 324 420 427
108 132 436 496
17 71 223 410
120 145 360 433
60 80 198 447
156 189 330 358
204 275 326 341
53 229 303 304
80 300 395 398
235 245 304 392
159 249 257 264
59 261 299 443
3 63 87 214
6 125 323 357
84 363 386 398
11 91 228 492
149 356 382 432
62 182 415 439
32 79 205 278
179 413 415 459
69 340 343 414
87 189 339 382
2 214 228 251
129 187 191 451
33 48 290 398
50 188 258 288
205 268 291 297
37 52 259 311
76 136 410 441
26 210 235 446
122 185 403 432
96 181 496 497
50 248 272 410
34 44 252 292
182 314 331 404
20 344 363 484
40 147 416 499
73 258 328 384
64 96 271 291
53 241 425 490
62 253 264 291
62 88 181 208
204 218 275 397
69 71 96 108
46 325 336 348
106 124 138 283
144 242 351 397
222 289 326 403
97 177 191 420
3 94 160 424
159 272 294 452
4 30 35 465
297 327 397 398
127 320 364 481
323 359 459 462
43 225 298 479
51 118 163 436
122 173 282 377
22 65 148 150
115 195 222 295
0 62 334 366
101 148 365 449
240 413 437 481
85 200 301 328
162 357 409 469
20 315 423 460
44 56 169 468
13 35 418 436
115 121 278 354
172 369 385 432
90 99 248 423
73 91 261 326
107 152 326 335
67 309 330 394
441 442 448 463
54 137 222 235
77 113 442 461
213 356 401 499
192 272 420 450
45 84 362 391
78 305 331 333
130 443 468 482
241 289 296 495
409 438 459 482
187 192 434 465
187 252 289 290
27 114 185 186
54 124 331 354
83 440 475 498
86 122 413 435
97 197 449 490
132 171 185 186
143 292 308 338
137 139 457 476
36 37 287 454
60 82 95 493
177 192 217 284
238 300 334 376
82 214 277 371
195 237 250 299
53 84 197 249
107 271 293 422
87 326 383 462
10 97 159 382
111 138 169 266
260 300 390 392
32 45 52 158
72 182 207 218
159 230 271 358
5 33 325 368
120 252 273 297
91 113 190 334
106 238 246 412
115 117 128 396
198 258 270 296
124 162 168 439
207 219 233 458
46 349 401 467
0 298 323 333
268 383 421 461
118 311 367 394
125 344 422 462
9 101 109 307
225 256 283 426
157 160 384 479
12 327 362 414
7 53 94 171
276 377 417 488
23 37 157 173
25 62 367 426
347 387 450 456
232 234 273 482
172 223 272 290
206 209 297 397
17 68 309 409
141 211 216 278
234 239 299 447
464 468 474 497
112 211 239 484
103 111 180 204
85 110 164 265
70 130 248 290
111 291 309 333
7 11 160 409
216 282 387 390
117 179 184 377
12 40 235 291
110 140 169 491
312 319 426 430
119 286 458 482
3 21 97 392
25 326 333 373
140 142 159 310
114 289 290 491
215 282 368 493
35 105 153 349
168 259 323 359
3 27 414 416
176 352 452 498
43 50 327 377
17 129 280 286
15 23 180 409
89 334 352 414
2 87 378 396
90 315 366 411
12 428 494 495
92 114 199 237 329
19 54 227 269 441
60 73 82 340 361
164 264 307 402 437
7 37 55 195 453
21 102 144 174 476
31 99 150 343 461
36 39 177 254 270
32 200 211 252 285
0 46 76 183 393
193 257 295 383 472
32 108 122 407 435
41 407 424 472 493
270 320 415 427 454
161 208 266 283 403
41 345 358 425 453
37 84 213 217 254
28 92 94 246 350
126 141 261 270 495
209 232 372 392 398
27 46 260 325 362
233 239 257 381 495
238 261 440 459 491
22 71 147 229 267
122 242 267 285 354
53 59 259 274 351
187 366 371 426 463
184 311 342 352 477
51 55 81 233 256
45 114 118 129 192
202 258 277 278 320
237 274 295 306 388
62 126 260 283 355
217 244 355 372 385
31 77 311 338 340
65 176 216 273 313
22 231 252 302 337
208 256 271 285 314
25 37 64 417 423
122 246 247 305 425
92 99 239 285 315
21 63 100 339 456
138 225 267 272 419
36 131 145 254 404
147 341 420 456 464
33 41 49 75 93
60 122 190 241 319
52 91 96 190 199
7 31 50 177 425
89 103 154 222 270
29 214 237 277 369
131 359 423 429 453
162 228 396 417 495
100 125 167 222 287
122 160 181 264 272
113 132 214 299 330
126 183 186 248 358
307 345 360 444 469
44 74 115 153 401
89 219 252 466 494
46 70 354 398 435
74 114 135 161 241
27 240 257 304 443
189 242 278 401 415
56 64 124 205 277
213 245 343 404 441
40 69 97 352 489
20 74 217 223 332
30 38 80 366 372
64 211 239 259 273
36 91 139 270 472
151 182 189 280 330
160 188 358 421 427
250 366 447 469 489
215 219 352 377 386
19 218 330 379 394
94 198 268 314 379
201 231 294 373 428
11 26 76 142 420
72 274 328 343 416
58 158 164 170 415
10 66 169 172 397
58 81 108 123 223
101 131 313 398 421
57 98 246 395 469
34 114 143 275 457
7 118 121 212 240
11 57 86 383 437
7 309 340 445 451
9 224 275 432 451
197 213 275 280 331
18 33 428 467 496
240 314 414 485 496
115 310 374 381 388
0 202 288 314 396
57 247 357 390 416
142 263 456 479 482
105 170 225 278 377
410 424 447 449 475
146 180 186 269 490
153 185 271 304 481
281 285 386 406 433
0 78 165 456 480
21 105 311 315 332
64 78 174 349 439
14 131 401 414 445
5 154 226 409 454
59 74 181 202 272
293 301 400 449 456
110 149 197 353 480
118 128 196 362 397
1 57 350 406 412
19 26 51 108 477
15 120 313 406 408
191 269 326 376 435
122 163 172 319 387
52 76 151 317 454
10 84 204 324 342
41 42 50 467 470
4 32 83 333 424
157 179 211 240 264
234 249 294 302 347
32 101 119 193 369
115 214 406 409 423
49 105 125 402 455
145 153 320 367 425
27 76 136 359 489
195 271 413 449 475
137 199 390 426 443
21 66 73 328 475
116 156 200 280 441
39 104 134 194 351
15 189 320 443 460
19 138 403 433 435
67 122 126 142 305
61 157 215 236 334
203 308 367 387 453
194 230 231 301 305
93 303 412 434 454
209 210 211 262 265
9 111 354 360 377
167 213 238 283 445
23 429 434 455 493
87 327 330 455 461
62 264 334 346 349
110 165 169 244 287
280 316 359 381 438
224 238 262 308 477
203 223 290 381 395
7 30 33 212 431
247 288 289 298 376
16 59 67 200 325
72 380 393 402 496
11 13 23 418 459
298 306 370 432 452
108 215 274 449 495
200 229 448 460 472
260 362 389 411 449
79 139 160 284 353
46 166 175 387 428
205 283 398 433 445
134 165 275 277 291
103 387 420 440 458
74 119 145 274 334
283 309 408 413 449
51 66 180 436 473
171 326 332 404 498
29 119 180 215 324
40 150 156 259 359
6 8 25 84 491
79 221 235 289 295
117 302 339 376 406
257 277 280 424 481
39 239 378 406 495
236 305 373 383 403
82 184 288 414 421
60 157 160 367 418
251 262 308 356 462
83 242 302 318 357
49 77 144 272 370
11 64 76 162 448
113 309 355 388 472
21 58 69 157 417
15 34 68 98 452
103 169 189 435 448
118 134 172 248 365
25 37 111 207 279
106 168 268 446 478
19 257 262 331 469
33 101 263 311 355
121 129 188 372 375
127 169 170 266 286
159 201 202 226 332
46 89 271 312 485
40 50 194 224 274
15 144 188 386 388
16 28 33 38 134
22 237 275 317 424
40 109 160 195 417
61 205 299 415 497
115 127 229 239 294 371
39 44 54 162 439 477
103 199 202 218 414 429
167 168 182 279 298 489
64 219 246 398 442 449
19 85 220 273 368 472
36 75 143 183 298 344
10 23 56 98 124 195
30 58 316 326 382 494
90 211 221 303 390 467
132 184 204 275 288 456
109 156 168 183 324 421
279 363 401 425 437 498
205 297 422 436 442 496
24 91 96 205 218 429
70 118 131 205 260 381
9 20 68 116 338 376
49 109 146 351 438 472
29 79 115 129 197 348
151 333 346 408 427 493
18 87 234 286 320 391
134 161 257 259 435 497
18 159 270 472 487 493
37 286 335 368 383 462
42 106 119 326 366 371
71 79 141 271 349 442
21 41 230 235 242 488
35 56 190 298 347 433
45 65 120 184 275 394
108 124 198 217 328 338
110 119 141 263 296 404
136 150 292 372 395 396
8 13 35 49 105 347
56 84 299 352 397 469
114 173 210 387 441 443
19 302 350 373 396 479
93 112 147 264 271 447
21 62 215 246 268 345
272 329 333 373 388 405
11 51 194 291 367 373
127 134 344 423 464 479
161 176 210 397 426 455
173 275 288 330 454 483
52 240 261 438 449 460
35 40 242 321 345 477
31 122 202 209 269 360
82 221 225 241 250 355
40 64 93 284 334 401
18 51 310 378 432 473
71 114 149 205 290 305
1 65 105 148 361 412
11 74 87 99 419 438
61 72 79 467 485 498
161 218 295 318 354 390
254 295 311 404 406 429
5 332 390 421 433 470
97 99 206 309 402 439
76 83 189 190 383 404
286 312 316 336 369 440
13 46 95 119 273 274
34 44 132 185 201 422
52 85 172 190 202 213
202 205 233 275 483 486
313 333 369 384 389 417
102 245 257 397 411 443
139 157 245 421 424 447
19 80 116 416 440 467
126 144 354 426 436 450
0 28 79 96 281 319
42 65 76 368 433 459
303 324 327 343 371 483
23 183 190 216 263 409
51 87 92 188 211 254
47 252 326 464 467 494
303 428 438 447 448 462
119 141 189 408 417 437
2 43 62 97 370 390
61 66 77 254 317 412
160 219 262 318 404 429
208 307 320 399 425 469
15 42 65 98 144 235
54 71 145 264 435 496
0 17 22 46 356 467
140 153 272 302 480 494
2 88 195 290 313 359
83 100 117 125 250 284
102 143 157 264 312 470
11 81 307 311 376 417
63 136 231 269 279 307
200 285 405 427 490 493
224 285 326 346 376 414
18 59 83 96 252 431
62 138 223 246 443 458
2 54 75 99 185 187
11 75 120 336 473 483
20 75 101 179 417 447
255 257 381 400 460 478
27 219 288 298 392 408
74 242 436 454 465 471
125 187 192 228 239 390
158 187 189 250 253 398
27 104 108 114 437 493
12 146 281 384 391 473
11 55 70 99 357 499
218 242 260 337 437 493
6 104 110 215 262 279
63 216 313 357 467 479
157 167 258 360 486 495
117 165 175 402 471 491
97 242 249 285 330 487
149 217 432 440 459 466
52 239 284 324 344 349
146 160 180 231 346 437
27 81 183 361 408 471
38 93 131 295 422 461
63 242 279 422 460 480
121 178 225 270 295 473
1 255 303 365 389 492
21 39 51 113 298 458
19 65 231 305 404 491
90 92 293 308 328 392
46 116 121 214 327 344
14 100 103 203 214 405
78 87 90 197 237 374
12 333 373 409 412 476
6 106 131 167 371 443
6 8 32 33 319 350
1 62 75 80 305 391
0 100 101 176 203 332
46 71 217 360 434 469
132 152 176 346 426 441
205 232 247 293 353 364
157 217 224 233 304 480
142 191 322 337 376 391
94 131 175 183 214 489
27 31 77 163 239 301
66 130 140 437 488 498
60 204 213 264 272 305
55 68 115 125 143 273
51 52 99 190 395 398
80 87 119 130 407 481
95 99 274 291 373 413
3 30 116 225 257 410
10 53 64 229 248 355
157 228 327 347 364 396
3 63 152 306 308 484
94 242 284 430 439 494
131 223 230 290 393 491
104 132 408 424 444 492
49 150 456 461 486 494
57 258 291 346 348 417 480
85 127 161 207 211 226 298
71 72 94 175 232 259 376
27 48 67 113 155 161 250
88 106 326 434 463 485 487
56 240 261 269 282 351 374
8 22 85 209 260 413 494
95 99 117 152 172 429 489
2 70 200 216 353 402 479
61 74 138 348 384 401 474
57 157 160 175 226 402 472
71 109 148 169 186 320 404
105 139 160 189 418 426 493
70 212 313 315 373 419 479
220 315 323 364 366 380 403
21 34 270 281 283 352 426
79 93 185 232 295 394 486
113 189 289 291 349 358 384
36 96 134 320 322 368 376
204 292 335 372 373 458 480
22 32 36 80 136 167 379
62 74 78 230 345 390 460
78 187 287 346 449 476 477
138 169 174 354 424 462 493
15 73 142 173 309 336 460
88 131 136 160 188 196 272
117 143 424 437 451 498 499
65 89 256 275 321 459 473
91 104 212 238 241 303 425
17 60 182 245 257 262 421
60 230 359 360 372 410 436
9 10 27 81 127 174 274
124 212 288 364 373 378 488
45 50 203 251 269 419 482
0 15 112 182 221 473 486
115 170 188 211 280 447 471
151 313 328 344 432 434 487
77 210 369 438 439 461 499
142 144 212 254 275 325 464
32 89 239 284 293 367 457
154 252 275 320 321 358 387
128 132 161 379 418 450 482
22 30 176 221 228 283 351
12 90 93 162 167 212 388
15 20 231 279 312 395 433
98 133 256 291 348 360 374
3 32 51 191 253 393 394
76 83 244 346 349 363 467
45 141 209 244 264 391 400
7 14 18 82 181 201 465
7 39 118 176 415 450 455
23 162 173 261 279 374 445
120 301 328 332 384 435 463
31 77 301 322 386 449 477
136 139 144 149 155 377 456
244 261 263 269 302 425 471
280 352 372 444 450 470 483
14 257 268 351 366 457 498
43 174 227 289 376 444 487
10 131 133 139 218 282 301
194 218 244 294 297 318 383
100 181 327 378 435 477 496
70 134 223 244 250 287 342
20 240 244 258 322 425 468
23 43 57 118 208 253 392
0 26 88 260 346 379 387
72 142 209 409 423 490 499
37 63 138 268 303 360 446
4 83 246 321 440 443 498
40 97 119 341 349 369 411
114 122 161 162 177 187 198
251 322 337 354 375 406 414
58 116 124 231 355 363 382
46 126 139 212 355 415 483
8 87 169 220 248 283 492
50 81 265 320 354 403 486
79 214 222 249 286 340 365
25 47 94 269 270 314 318
78 98 100 106 131 139 270
41 216 328 335 365 400 416
58 126 195 278 346 380 398
20 43 71 98 361 478 485
4 244 251 267 373 467 495
72 86 211 231 267 402 465
85 122 123 171 223 259 296
9 80 110 175 177 334 426
215 328 386 398 432 463 471
4 23 55 97 146 247 313
160 214 222 252 281 435 476
55 245 316 404 470 487 491
41 73 83 179 208 219 477
84 202 210 308 314 315 465
48 123 246 330 389 424 436
8 62 76 119 173 217 491
53 117 216 222 229 262 316
60 73 99 127 131 196 317
55 119 272 280 331 364 397
37 109 135 167 210 307 394
60 161 304 311 314 337 454
59 170 211 336 351 427 455
65 117 118 298 372 420 422
21 227 242 253 355 377 450
38 84 99 320 367 438 499
109 120 129 136 206 247 274
120 266 301 407 426 441 459
139 162 172 204 388 435 441
11 71 126 245 270 286 289
73 77 278 317 363 430 492
57 67 78 110 156 411 466
53 193 228 251 357 386 449
0 48 57 61 147 280 426
119 234 337 368 390 455 496
19 84 191 203 264 301 319
0 62 220 373 434 448 454
25 34 274 290 314 440 484
77 189 257 292 371 381 404
89 144 185 337 372 407 463
141 274 379 397 398 403 452
87 131 234 249 290 327 444
9 103 125 145 189 349 405
95 167 263 349 365 403 433
13 14 91 103 152 269 341
126 138 199 286 309 402 409
9 95 283 322 376 392 416
144 201 300 311 386 391 465
8 55 81 173 262 438 493
61 69 159 262 292 445 490
11 41 56 327 403 414 466
46 115 147 310 365 395 432
57 135 268 277 291 328 329
38 64 67 73 89 212 253
10 30 51 154 228 249 277
159 167 188 306 343 387 426
32 362 392 401 461 468 470
25 37 151 189 195 328 351
6 19 53 71 375 387 401
169 198 297 360 384 389 416
50 109 128 176 393 482 496
84 95 203 286 372 429 491
151 201 253 294 342 416 423
6 34 46 118 126 144 419
8 92 126 160 163 276 322
35 108 144 182 212 279 466
66 123 124 135 168 239 425
21 94 207 230 276 455 487
34 42 74 97 218 263 485
47 125 136 323 324 358 381
40 118 270 277 304 307 310
138 164 269 376 417 443 456
71 107 132 189 250 288 463
61 196 318 357 404 425 452 491
90 91 98 115 120 159 263 364
33 85 135 254 297 372 411 491
28 41 85 88 128 253 353 359
15 43 251 285 327 367 440 443
49 70 87 126 162 273 327 418
133 161 233 245 331 372 374 480
122 268 319 333 369 429 485 490
29 138 159 163 214 258 332 417
78 172 206 264 275 324 438 475
111 223 287 302 319 346 420 484
115 196 398 425 427 485 486 497
38 208 289 297 330 470 490 497
184 223 237 444 466 472 477 483
27 91 229 395 414 423 432 439
18 35 114 128 185 246 375 414
39 43 95 103 138 334 356 439
12 117 188 274 320 378 414 498
2 169 184 193 244 297 336 362
28 34 151 155 164 345 357 382
2 27 184 284 326 408 486 490
20 60 170 216 281 318 449 454
12 38 86 159 314 422 424 445
47 89 147 172 177 191 208 491
19 43 74 144 232 326 371 382
62 74 77 80 235 261 277 319
104 220 238 262 272 345 390 442
130 136 164 169 193 200 365 432
47 104 195 328 378 433 443 455
59 327 334 379 402 424 427 454
80 89 98 195 244 316 485 498
54 168 320 388 390 470 487 490
97 119 211 231 263 265 357 364
76 150 168 310 436 449 462 478
0 16 31 99 151 338 386 493
63 119 170 187 443 457 469 473
150 224 348 376 386 405 424 471
153 159 199 293 344 405 421 488
10 108 159 171 419 432 459 495
151 218 226 258 329 380 429 458
10 78 90 293 299 362 467 474
11 56 92 148 161 308 314 356
34 73 187 229 278 284 381 405
180 234 239 277 308 314 437 480
144 168 171 182 302 305 312 438
49 53 263 337 370 401 415 456
97 122 205 223 289 413 475 481
43 129 146 205 341 373 452 466
99 160 313 336 360 404 420 432
33 76 370 388 405 409 424 482
26 46 58 74 259 353 456 480
6 132 191 291 308 354 445 456
134 303 318 326 365 391 434 462
8 50 63 79 87 191 253 316
61 255 264 301 307 335 416 475
128 212 221 240 372 426 436 492
55 91 101 133 145 243 372 402
18 72 166 344 351 445 446 471
4 55 69 93 282 311 367 413
9 23 101 115 197 297 359 430
71 105 155 158 253 279 310 497
8 23 78 119 153 262 266 443
24 146 156 157 192 201 385 394
9 32 83 311 331 367 415 437
84 183 215 248 449 455 470 477
0 9 129 265 287 290 386 454
177 343 358 432 448 492 494 497
73 176 358 383 422 462 477 484
135 261 310 335 341 383 394 405
45 109 123 220 299 324 328 358
43 60 63 203 261 279 290 378
3 133 142 187 192 204 390 483
109 129 267 273 312 361 364 366
281 303 332 344 359 396 409 462
22 118 232 293 308 358 367 392
43 137 144 249 260 290 322 444
37 138 159 283 312 317 470 495
37 38 55 73 121 131 250 343
113 140 143 148 162 166 222 395
13 77 117 212 235 303 430 438
44 58 227 262 297 318 392 499
64 169 195 210 213 216 263 348
1 18 138 163 235 253 448 485
117 156 160 267 338 368 375 442
48 112 128 157 166 277 466 473
10 21 50 223 290 401 420 460
135 215 216 304 347 355 366 471
46 70 142 170 276 318 331 375
108 239 266 313 346 390 394 475
6 26 126 166 250 268 367 431
122 232 295 319 322 346 449 473
29 31 62 334 353 456 467 490
113 166 201 288 310 318 319 488
110 177 193 278 292 330 347 398
2 3 85 116 174 208 307 381
10 60 64 91 144 155 373 396
180 196 198 257 260 288 363 384
4 16 18 58 136 163 360 405
13 140 152 162 167 180 459 469
104 172 193 217 222 254 278 478
1 6 40 211 247 316 396 440
43 185 193 205 211 282 456 491
38 66 207 238 297 305 431 491
20 25 58 68 130 303 422 434
60 126 197 274 348 378 421 437
148 341 380 384 421 451 460 463
49 52 263 279 284 318 321 363
32 46 64 165 291 379 458 466
3 11 182 266 354 408 425 459
88 104 200 228 241 324 407 426
4 11 69 131 287 375 419 431
8 101 128 130 143 340 417 455
6 44 50 83 190 305 410 480
98 109 140 161 213 248 352 433
8 131 134 261 312 361 491 493
9 53 184 257 291 331 438 497
8 116 135 143 215 310 370 386
11 53 164 220 308 309 351 376
5 119 209 284 351 402 410 412
205 210 232 293 346 387 445 471
50 61 86 132 335 338 381 444
39 189 248 251 297 337 441 461
50 89 136 138 161 248 380 481
11 100 122 181 182 184 344 349
3 31 41 66 75 297 371 432
14 109 145 200 247 255 279 284
87 99 106 147 164 196 338 386
24 31 33 64 277 360 388 452
4 60 100 103 144 190 290 330
45 309 314 331 372 382 389 493
24 186 223 264 317 320 369 418
11 33 88 135 286 429 449 486
25 37 67 77 157 227 230 399
35 97 196 317 465 474 492 495
118 119 136 168 199 248 327 483
18 21 24 52 94 165 275 399
34 58 189 357 360 428 483 499
2 36 49 148 389 421 441 473
24 57 212 392 395 431 448 484
42 136 160 170 219 402 453 493
127 176 203 299 309 344 355 357
167 232 290 360 384 420 443 486
17 31 54 130 162 257 299 454
29 156 183 251 403 404 414 479
41 76 80 100 294 318 346 360
29 99 100 113 196 313 403 466
13 98 117 152 173 324 362 390
62 74 125 206 224 310 438 440
11 65 202 337 384 391 418 478
8 61 139 152 153 184 306 352
106 132 146 218 260 272 281 286 302
4 58 60 116 220 226 249 251 327
15 76 121 200 201 218 384 399 423
9 33 125 246 250 258 284 346 383
18 19 71 76 194 230 247 266 423
13 93 229 283 332 337 341 360 433
63 118 140 164 165 243 262 442 469
37 101 104 202 240 270 290 356 387
198 238 241 272 281 301 315 341 344
19 102 113 122 203 257 313 315 477
14 29 42 103 112 257 328 330 387
11 210 243 270 293 324 345 397 439
36 50 62 82 115 181 235 331 378
41 53 80 104 105 133 149 184 358
1 86 94 106 149 214 335 345 346
27 51 167 194 325 360 454 471 474
8 127 171 252 265 306 366 477 485
30 40 44 57 94 143 156 232 321
11 94 116 124 167 184 254 411 476
24 32 177 185 204 254 257 268 419
7 57 85 109 131 173 229 283 495
114 144 158 159 174 224 273 470 494
51 54 171 174 178 238 332 420 444
179 180 198 264 285 320 393 401 449
34 73 79 83 125 131 202 254 289
48 93 94 187 278 318 328 357 360
74 177 210 289 322 382 398 462 468
234 239 275 314 316 354 408 412 438
71 77 84 192 224 225 280 405 417
72 95 100 122 193 230 278 286 442
23 221 307 364 433 453 457 459 478
1 23 89 198 303 311 312 397 441
40 74 138 158 172 177 455 485 487
37 48 66 180 220 282 287 359 496
116 118 132 351 393 397 416 429 454
81 152 156 183 302 303 327 415 480
4 68 149 197 221 222 280 444 491
5 35 50 104 230 232 253 462 489
31 78 125 167 242 262 274 368 417
59 93 208 305 329 344 403 434 476
40 180 241 280 346 380 464 482 484
7 38 50 63 98 126 137 161 355
7 10 109 170 286 361 379 410 480
71 94 129 195 231 376 400 416 483
81 84 183 227 265 303 325 333 362
39 47 87 108 215 318 388 414 452
47 61 78 156 235 310 369 465 474
2 110 149 196 253 354 365 441 447
106 156 157 232 254 318 426 451 463
118 148 214 223 229 262 299 405 485
13 48 123 195 302 305 338 409 414
22 31 43 53 87 190 311 411 488
107 131 244 250 308 316 473 486 492
2 95 98 102 170 200 336 396 410
14 26 63 80 101 198 246 353 441
2 55 76 136 191 318 460 473 491
23 38 46 61 73 293 337 397 408
73 118 200 239 297 306 432 481 487
25 27 122 133 140 233 256 331 359
60 138 169 182 285 300 461 462 485
9 21 55 173 272 287 296 413 456
51 127 129 319 356 381 393 399 425
169 198 220 395 403 429 432 462 464
109 158 184 235 277 371 382 476 479
6 49 71 79 91 189 313 358 428
104 159 165 194 198 265 293 296 458
37 60 101 184 214 310 340 344 490
32 188 307 308 318 393 459 474 486
28 59 62 84 123 168 222 263 433
7 13 48 169 312 341 376 387 454
42 67 107 298 377 382 397 447 490
12 130 166 284 289 301 314 385 443
57 103 248 283 326 332 362 402 482
134 188 190 220 307 367 378 402 460
73 143 176 365 380 396 401 430 432
17 74 181 186 207 321 368 371 411
19 68 144 146 281 430 448 475 478
19 153 211 244 286 343 369 398 410
68 106 249 261 357 384 386 470 471
41 74 158 274 321 357 369 430 487
2 49 65 68 75 244 308 362 474
61 107 119 121 152 248 326 357 359
87 91 115 134 258 310 368 395 471
22 35 93 165 275 277 287 304 334
81 95 102 166 279 286 351 358 362
44 61 123 144 383 392 402 433 457
10 18 70 126 140 175 276 288 499
30 81 110 171 176 189 363 419 475
36 64 201 232 237 274 293 312 329
136 175 180 190 217 262 272 300 316
41 83 104 198 273 411 454 475 484
41 67 189 242 246 250 251 268 415
32 73 88 277 333 365 377 400 420
2 8 47 220 224 230 236 347 418
32 92 179 238 345 368 442 455 467
1 81 98 104 239 260 340 384 385
26 85 190 196 216 228 241 380 459
22 165 186 256 296 310 402 436 496
15 61 74 96 195 239 314 382 392
17 40 102 159 236 402 416 445 484
106 270 302 347 372 379 415 416 468
95 126 136 188 227 234 308 421 497
16 83 115 118 133 191 338 411 482
39 43 48 365 419 434 464 469 477
97 165 179 243 282 367 380 401 405
63 157 205 315 447 457 473 491 492
109 150 203 240 254 275 278 318 365
48 141 309 413 420 456 467 485 498
142 157 252 318 416 419 443 477 482
118 119 225 304 381 449 454 484 485
12 80 122 147 289 339 362 387 435
63 77 179 252 317 332 344 380 460
46 63 104 110 115 186 335 355 495
104 215 385 405 407 410 429 431 455
30 130 164 176 178 193 220 231 428
38 61 209 217 236 254 267 333 477
26 77 242 273 313 343 363 364 383
71 73 95 131 157 192 229 300 453
69 100 246 343 404 424 449 462 484
44 51 61 66 88 208 225 283 439
23 45 120 130 159 182 225 255 344
108 261 293 310 311 365 387 437 493
12 65 88 145 178 230 233 328 480
136 219 221 257 271 291 332 487 491
35 85 118 137 155 169 283 325 433
0 135 137 234 298 320 360 375 482
234 265 269 317 320 337 374 406 468
23 83 97 104 138 149 168 208 290
9 41 114 202 333 358 376 404 430
8 10 32 184 198 345 426 442 447
10 138 163 173 254 256 359 368 389
32 49 69 89 190 191 202 303 333
20 54 117 180 204 242 326 436 488
74 84 117 221 241 249 266 361 481
29 86 129 156 300 333 379 390 399
11 36 121 236 277 281 303 322 421
56 78 108 180 281 327 360 419 494
57 78 166 269 313 363 380 464 483
59 80 97 263 281 315 400 412 486
36 273 283 307 329 381 415 424 450
179 205 233 261 337 352 407 414 479
9 21 25 81 111 165 209 222 378
0 8 230 265 363 437 466 476 479
4 21 28 98 133 240 250 386 494
83 122 124 132 218 252 337 383 396
11 64 148 171 220 221 259 269 294
115 144 210 386 400 414 446 479 488
9 92 133 269 346 363 375 435 464
9 65 67 142 201 236 279 432 449
29 76 138 142 154 243 245 341 356
84 92 127 132 193 252 267 381 385 472
2 44 64 107 295 299 350 355 414 478
25 64 211 234 240 316 345 370 375 432
37 58 84 116 182 393 413 450 453 498
72 107 209 316 340 343 346 352 390 404
123 126 171 172 177 214 223 288 374 389
22 42 151 200 258 336 340 357 420 480
52 62 173 264 273 308 413 433 439 472
45 48 51 57 228 325 409 417 464 479
21 120 128 168 174 217 265 270 472 486
26 66 93 171 216 228 251 259 291 361
24 36 90 140 159 336 414 429 432 452
7 48 79 249 329 362 367 371 435 469
10 76 103 170 189 235 318 375 422 448
20 31 47 69 150 160 226 276 300 312
140 148 155 175 179 200 220 408 416 433
32 51 61 71 255 276 318 419 464 473
0 8 32 60 93 127 128 244 299 425
61 69 152 153 200 221 278 435 468 494
56 214 250 255 268 269 322 362 377 475
11 42 59 117 212 225 234 274 426 481
34 140 159 228 265 322 358 476 485 492
19 101 182 274 425 428 436 472 497 498
27 70 73 110 214 254 256 369 427 461
39 80 93 104 146 226 333 372 402 493
105 106 120 124 275 299 326 396 404 421
20 27 100 272 317 373 397 408 430 460
36 52 59 82 185 275 299 420 482 490
37 38 90 106 164 239 371 377 391 424
27 28 137 218 249 347 351 381 432 445
3 10 49 146 147 208 294 384 434 499
18 35 68 82 216 330 454 459 461 468
31 158 295 302 306 351 377 386 404 434
5 11 81 179 283 360 400 408 416 427
22 202 251 257 357 360 393 419 447 460
43 49 146 223 236 256 291 337 352 385
45 146 174 193 226 283 289 329 421 458
3 19 63 150 187 198 347 373 446 459
173 267 325 329 349 388 394 410 431 497
21 49 75 158 211 314 315 347 393 401
28 35 42 84 143 241 264 290 364 493
40 44 64 66 103 106 119 179 218 391
1 42 97 130 146 194 219 302 335 494
26 140 141 147 294 318 354 365 398 435
75 76 92 104 148 322 418 440 471 483
75 85 185 209 229 250 262 300 325 354
8 34 74 88 131 184 186 303 326 405
107 127 157 167 174 179 258 381 439 495
131 262 268 275 282 283 285 297 374 404
38 138 157 167 192 224 266 302 433 474
37 107 158 180 209 211 229 277 299 348
107 145 207 235 310 321 336 377 410 418
59 124 151 178 211 220 223 382 400 413
49 90 142 192 209 259 270 281 349 360
37 97 141 158 208 231 240 251 406 430
11 14 110 214 301 330 383 393 407 463
57 92 94 104 200 237 252 370 394 416
178 292 329 330 344 352 442 475 481 497
8 30 96 142 231 259 260 315 429 479
19 39 125 130 254 278 280 345 486 498
75 88 119 133 152 250 334 420 444 490
92 94 161 196 208 253 317 329 354 492
24 46 92 184 189 195 238 336 337 348
80 116 135 240 327 367 394 455 464 485
80 94 110 115 128 136 190 350 389 417
70 145 157 200 225 228 235 255 349 455
3 34 48 70 185 220 227 268 435 467
27 28 77 92 104 169 249 272 358 426
93 125 147 187 189 215 337 344 368 375
34 48 99 134 177 200 208 297 341 461
41 55 96 125 202 306 335 455 467 487
102 170 181 187 235 252 259 307 398 466
47 162 180 308 318 371 372 424 454 462
16 24 33 100 220 223 229 368 384 443
22 90 189 215 394 410 430 445 466 497
2 13 99 155 241 269 286 302 338 374
20 25 27 54 84 250 268 314 427 449
165 182 190 197 274 286 327 338 355 380
11 36 111 124 130 214 317 334 367 372
24 106 143 169 262 281 410 416 433 489
152 207 208 211 215 304 363 379 398 401
140 192 259 296 304 335 370 402 410 446
22 77 129 237 344 370 387 399 454 491
157 160 210 223 328 329 374 389 396 470
78 152 210 268 344 412 424 440 453 467
35 90 211 279 300 365 422 455 463 488
144 148 149 174 194 245 287 306 328 338
30 125 181 186 189 223 289 290 431 443
76 217 218 250 255 294 300 329 406 442
29 96 111 149 191 215 226 331 353 388
28 34 71 178 183 421 428 435 451 479
52 80 102 106 127 237 247 331 348 419
21 45 51 128 162 252 319 353 379 436
60 148 187 223 231 234 290 301 399 481
20 37 41 88 96 148 151 168 193 427
32 70 95 157 309 343 387 393 412 482
176 178 201 220 222 239 244 275 447 499
66 88 186 210 214 217 338 363 377 403
28 66 82 109 161 274 361 369 400 460
5 136 145 185 190 200 225 269 439 443
3 121 138 244 277 336 354 363 422 490
18 75 78 134 150 202 248 340 345 495
16 166 201 327 372 414 448 473 485 489
30 41 50 110 114 216 327 445 491 496
105 110 228 235 245 252 299 312 356 420
20 26 28 64 93 264 388 408 432 456
46 108 143 176 214 231 234 235 388 413
33 67 118 184 186 206 374 377 418 493
16 32 40 255 269 300 323 353 384 411
17 148 178 210 269 296 298 403 418 466
4 17 20 57 81 160 296 369 443 488
213 238 258 267 389 414 441 467 479 482
32 57 75 102 140 176 247 283 328 408
46 50 74 109 114 120 129 177 207 237
21 69 78 108 149 214 228 237 440 467
47 54 57 66 102 147 162 179 232 411
0 25 29 71 89 101 321 459 475 497
24 36 195 332 347 393 402 424 437 474
103 120 177 297 313 350 413 438 442 471
17 50 67 204 212 252 347 486 489 498
15 20 31 109 151 156 210 433 447 463 475
62 219 281 283 310 317 333 338 365 382 388
3 113 168 212 291 349 352 353 364 390 475
98 109 119 167 203 272 383 386 432 461 482
13 68 128 206 284 304 351 353 390 442 470
17 57 58 84 135 337 363 414 435 469 490
21 39 88 103 119 204 322 328 409 449 463
15 55 94 190 280 301 337 357 396 400 445
41 60 62 156 191 211 226 315 398 427 468
21 33 120 125 130 187 211 227 282 308 389
0 11 51 112 253 302 356 374 379 388 434
0 16 58 167 277 303 307 321 336 372 490
74 96 138 181 228 248 262 378 393 415 435
13 44 64 81 88 97 153 160 174 328 366
35 37 66 69 104 122 169 185 221 359 425
138 139 144 170 206 226 237 376 443 464 475
48 50 60 132 135 206 221 289 386 415 473
12 59 170 198 217 245 248 257 319 485 492
110 153 158 199 226 255 276 357 402 446 458
111 137 151 181 193 237 277 337 339 347 378
25 85 88 92 119 310 319 321 335 368 376
78 109 115 128 209 252 288 311 374 404 484
53 70 112 134 184 213 263 280 292 391 466
22 36 61 71 95 97 150 158 316 377 493
3 6 12 48 102 117 128 155 159 372 455
56 109 121 172 207 254 314 339 365 384 441
42 51 56 75 160 217 260 303 424 463 492
0 1 33 76 128 153 281 382 408 448 451
98 136 142 219 270 273 298 323 342 439 444
109 112 164 239 283 296 327 337 353 417 485
62 74 102 125 127 175 223 246 322 381 489
77 133 136 201 259 298 308 327 351 390 499
1 65 94 138 227 297 347 358 370 378 389
51 69 91 96 113 160 183 262 368 391 468
102 139 150 166 226 229 280 342 373 414 442
29 38 44 66 116 129 184 197 291 373 422
9 40 45 91 100 109 194 243 300 301 414
40 135 169 232 236 289 350 369 401 454 486
85 98 133 163 194 299 425 434 447 457 465
50 134 196 199 326 354 359 365 369 372 424
49 51 139 191 216 222 333 354 362 366 450
2 53 97 135 208 212 268 378 459 461 493
25 48 62 83 84 137 146 150 170 219 456
76 133 134 159 218 239 351 361 427 472 473
6 11 19 21 22 135 197 230 279 314 452
37 81 127 143 201 228 273 281 319 376 391
38 76 77 89 138 268 296 364 428 479 480
15 21 82 116 164 205 271 272 305 356 398
19 93 160 202 219 240 243 286 298 318 344
52 59 61 66 68 163 193 219 380 389 429
128 130 155 195 236 253 287 322 472 481 496
137 207 233 259 294 407 431 436 443 456 485
12 37 152 199 281 292 293 295 303 385 489
28 31 73 215 233 277 297 331 390 405 486
15 73 119 153 170 268 326 346 437 452 462
38 74 79 130 151 157 197 226 312 427 447
78 171 200 236 244 262 310 339 342 498 499
93 105 115 170 198 405 406 430 452 460 470
59 69 118 183 231 273 384 401 438 472 482
8 41 48 98 102 122 126 131 339 437 499
42 128 130 153 232 254 335 408 419 448 471
44 70 98 121 158 168 221 268 323 329 422
66 67 146 200 228 234 245 260 263 283 389
6 88 137 153 167 194 195 308 379 388 414
16 88 107 112 114 207 380 425 432 438 489
12 36 54 78 81 94 208 235 331 352 419
3 34 42 164 298 317 319 320 362 385 435
62 75 120 121 181 188 231 265 385 442 465
0 15 35 128 141 189 265 325 335 378 479
42 63 68 85 121 130 358 368 412 439 491
66 169 206 303 306 315 320 419 438 439 448
5 93 118 136 199 243 265 285 393 448 499
22 35 36 100 191 197 217 258 387 427 499
18 36 46 119 171 173 321 346 349 389 426
80 119 152 179 208 212 236 244 256 276 496
24 47 50 53 92 123 225 230 242 261 348
35 55 65 83 84 110 167 180 368 398 450
3 17 18 21 76 110 136 186 197 236 490
51 65 110 124 146 240 292 324 327 343 410
131 223 293 303 315 339 380 410 413 425 447
106 112 119 123 157 234 239 294 421 435 460
9 23 59 106 148 169 314 321 330 364 492
18 166 219 268 284 316 351 371 379 384 442
103 121 173 187 212 233 359 365 380 409 478
4 24 39 147 148 150 225 277 315 417 465
55 59 60 143 240 316 412 422 474 479 489
203 208 233 252 279 313 337 361 366 374 462
180 303 322 335 338 340 382 384 423 458 477
43 133 191 253 328 359 373 425 436 448 486
49 112 122 161 177 258 321 324 399 433 455
35 87 97 127 220 228 239 245 319 323 465
2 43 113 125 137 155 179 277 334 338 441
78 138 143 148 218 232 235 250 269 287 457
59 60 78 151 310 313 333 451 454 464 469
19 74 166 248 281 312 325 328 358 366 475
7 68 96 194 221 258 302 368 399 494 495
33 56 72 176 222 235 246 404 412 462 464
84 215 290 296 319 323 350 376 394 475 482
1 22 133 206 233 292 301 314 330 365 494
25 113 125 132 140 169 259 281 360 423 433
9 23 33 111 143 172 194 211 251 345 453
112 118 204 228 231 244 286 328 336 416 451
8 32 109 147 219 222 226 371 403 421 458
58 137 148 151 171 316 329 342 355 398 430
52 122 167 255 267 310 315 341 411 461 475
263 290 336 337 358 360 390 435 468 481 494
4 23 41 121 186 228 255 412 446 481 494
15 46 47 61 132 146 342 412 456 485 492
69 74 83 97 141 198 256 283 320 398 428
11 41 225 281 298 301 303 304 395 398 461
58 117 123 135 216 225 297 325 425 436 452
47 52 59 71 95 178 185 194 351 451 456
23 139 152 249 369 392 396 412 422 424 459
60 83 130 223 302 363 384 403 426 437 450
2 67 99 172 191 199 206 374 449 477 489
19 39 56 67 97 124 155 191 377 385 446
13 63 106 113 144 164 240 282 301 303 462
58 79 168 179 234 254 281 286 316 390 463
71 77 78 144 176 183 247 251 360 381 382
37 51 95 131 201 212 213 346 386 407 485
43 45 156 176 290 294 298 338 390 426 464 490
0 10 40 55 81 225 265 290 400 404 417 421
26 57 63 85 124 170 192 193 195 199 389 444
8 42 103 135 161 185 219 236 318 382 404 441
0 46 88 143 166 264 268 283 344 401 417 428
46 77 96 192 213 283 309 332 343 382 415 464
33 37 39 64 101 158 189 207 215 238 358 407
44 64 79 151 179 246 257 282 322 337 412 476
79 114 142 214 250 268 284 330 359 364 375 378
17 71 74 88 144 170 232 266 295 396 411 489
47 65 87 292 297 319 348 363 413 428 447 459
6 29 58 101 108 115 180 256 302 432 461 481
45 52 58 124 150 175 219 258 345 420 438 489
5 7 105 114 125 134 189 195 199 248 298 459
10 88 193 194 231 255 306 309 393 401 406 435
43 76 84 140 238 307 323 368 372 453 457 458
11 55 57 129 159 165 235 273 283 321 377 493
59 65 66 105 179 227 237 272 305 335 431 438
65 85 145 165 203 261 298 301 357 370 474 476
26 57 87 99 226 267 280 286 325 343 385 429
33 66 100 135 267 336 376 393 398 415 436 473
4 13 110 244 249 325 361 368 373 385 431 474
11 84 94 98 150 180 186 303 345 421 440 467
25 28 96 103 186 226 308 398 439 453 456 498
78 101 119 224 229 231 253 308 317 336 413 491
14 25 38 41 49 113 178 179 246 251 252 495
10 27 41 56 70 110 136 256 305 334 444 454
65 69 110 188 192 242 244 304 428 455 472 491
0 59 93 193 220 238 276 299 394 441 462 468
41 64 98 103 162 213 249 276 296 385 397 418
13 33 61 76 218 219 256 260 392 451 490 492
2 61 114 126 143 193 224 230 374 408 476 488
114 144 160 161 236 238 248 260 311 322 352 437
50 107 127 148 156 167 191 236 279 344 405 455
25 177 201 202 207 219 247 260 306 368 430 449
63 82 131 160 169 206 317 354 356 374 404 421
3 112 198 205 259 318 341 349 360 409 473 483
5 12 23 55 86 110 125 227 308 320 354 366
120 140 173 209 368 405 415 417 425 444 481 483
28 38 55 69 127 188 312 349 358 441 484 492
3 16 82 83 87 103 194 198 229 350 368 423
1 30 39 50 78 121 154 186 229 247 264 470
55 183 215 222 263 328 346 362 411 458 483 494
29 35 51 65 71 226 231 365 424 463 466 473
15 79 96 139 159 193 205 236 237 272 285 303
190 225 226 236 245 273 331 340 397 429 433 491
120 217 224 241 267 306 321 322 333 350 399 454
119 177 245 252 303 359 419 427 451 485 492 497
164 181 223 285 298 300 310 337 352 356 369 426
12 40 84 91 149 186 247 280 323 345 460 487
11 85 90 105 156 169 187 201 207 232 275 449
146 187 283 293 326 373 401 410 431 438 443 463
36 47 57 118 154 201 295 318 335 394 412 438
36 72 73 140 237 295 307 317 323 328 437 468
43 64 143 155 204 211 216 221 243 276 290 392
0 8 63 112 114 153 228 265 347 361 438 467
30 33 56 173 176 178 222 247 283 295 325 474
21 36 63 75 138 169 258 278 366 411 459 490
45 76 87 91 116 143 184 219 227 236 289 290
149 199 222 280 322 328 335 340 363 368 406 410
85 131 181 213 280 345 367 383 388 422 437 442
30 209 220 266 283 300 343 383 402 444 452 495
47 64 115 128 246 250 274 282 297 395 466 481
48 57 59 69 131 133 249 256 335 395 474 488
34 51 61 96 124 197 206 332 335 364 435 450
1 55 67 90 169 210 242 359 384 439 458 481
113 120 147 153 212 219 321 338 387 406 426 488
29 170 178 198 201 211 268 367 393 461 475 493
20 65 180 238 245 313 370 408 413 414 449 456
108 117 139 152 153 156 301 314 329 410 451 473
27 66 86 136 185 188 376 382 395 413 422 499
51 91 129 232 249 300 320 333 345 348 355 435
36 49 51 90 141 143 184 234 313 348 355 393
37 157 173 266 309 311 343 402 415 488 494 497
22 35 130 131 139 191 194 333 346 426 475 489
55 137 141 160 220 245 265 278 336 353 397 478
62 65 102 212 241 249 273 297 305 311 444 474
8 57 76 96 100 206 295 303 356 409 415 478
23 145 152 197 287 290 413 419 425 430 462 463
1 42 117 158 190 242 277 306 341 359 411 470
142 175 257 273 295 343 351 388 400 424 432 498
2 11 47 59 177 223 328 353 417 432 497 498
149 225 259 272 329 379 399 409 448 449 481 490
11 16 60 62 81 193 208 238 258 340 346 390
94 174 184 256 304 336 346 387 416 459 464 477
133 153 169 175 180 196 248 258 307 328 343 412
32 54 82 92 133 199 246 258 324 402 407 423
221 230 251 255 266 279 305 328 383 389 390 428
87 213 222 229 251 288 291 346 358 398 452 470
16 44 141 157 177 196 209 230 307 347 439 447
11 12 67 105 120 135 149 162 370 386 469 482
47 68 86 115 135 261 301 321 357 381 410 484
48 55 70 87 183 343 383 386 412 416 432 469
40 138 146 171 225 250 280 311 332 410 417 499
2 46 65 105 106 138 158 238 302 307 382 471
4 92 144 218 221 244 276 309 388 473 483 488
14 17 72 106 191 197 233 249 263 293 356 379
4 22 31 87 143 147 157 196 237 255 314 485
84 85 117 155 213 324 383 416 427 459 475 486
88 95 143 172 286 294 318 361 373 376 411 476
98 100 146 203 276 302 326 329 430 472 476 498
35 73 81 389 390 396 405 446 448 461 465 494
5 14 20 40 75 153 156 216 247 290 359 490
128 181 195 225 279 298 303 322 394 458 461 462
51 59 107 128 136 246 259 315 317 371 404 409
21 83 203 223 235 264 342 344 350 355 363 451
44 50 295 309 311 355 396 424 440 450 453 493
151 176 344 348 363 377 379 384 402 410 449 474
14 27 40 64 126 135 231 250 352 407 420 426
30 138 168 207 233 234 273 339 391 415 417 418
18 47 106 129 160 165 225 250 252 256 314 359
75 118 138 210 235 245 291 299 313 432 486 496
46 94 95 133 148 161 178 273 406 422 471 490
2 45 96 113 124 141 152 208 229 247 300 331
113 202 227 304 324 341 358 361 411 430 457 479
115 147 185 224 256 261 308 365 392 441 457 493
6 50 102 108 116 142 212 297 342 382 475 490
38 47 60 92 203 206 262 281 333 407 476 484
9 25 164 169 199 280 381 393 397 404 432 454
12 28 99 111 122 252 266 271 275 308 409 423
102 119 149 175 214 362 379 432 435 481 485 493 497
90 180 194 197 202 206 303 329 389 390 393 394 429
14 16 52 63 179 224 239 277 305 364 472 474 482
13 43 50 118 135 152 206 209 255 260 266 278 481
167 190 238 239 241 250 253 383 395 413 433 448 451
6 31 37 108 117 162 196 249 314 331 342 473 492
62 69 106 168 189 213 214 241 256 260 376 422 437
53 85 112 151 181 190 200 216 277 282 308 349 487
4 13 14 80 175 227 366 369 376 387 408 455 472
9 27 39 48 57 74 87 132 171 200 207 280 360
12 29 56 66 162 191 285 334 383 411 440 452 454
21 24 40 70 72 82 104 243 318 320 345 454 468
21 104 179 183 189 281 372 373 394 417 476 482 497
24 28 69 174 235 243 244 252 256 324 345 381 449
17 145 173 194 197 201 230 232 237 338 371 414 480
103 234 236 240 285 315 354 388 404 428 437 459 489
38 45 107 136 208 270 283 445 455 459 465 480 489
2 165 168 180 189 194 240 265 332 334 395 443 490
27 38 67 86 149 204 228 245 282 292 390 462 493
6 33 38 39 91 122 149 215 270 325 398 423 463
117 153 169 227 263 269 277 418 430 476 477 480 499
37 72 95 104 107 111 134 169 266 370 463 478 484
58 61 93 94 104 125 126 135 183 308 322 427 438
35 41 95 107 184 188 198 225 234 275 379 424 497
14 69 101 117 118 125 148 305 324 334 408 446 464
9 66 111 192 233 288 301 313 337 421 447 458 493
9 72 112 123 155 213 214 217 232 251 370 481 482
48 56 66 93 121 124 212 327 329 366 373 383 462
51 74 108 152 197 212 217 230 246 277 294 412 423
68 119 177 193 208 301 321 332 354 396 483 485 496
1 18 138 199 264 278 330 360 368 369 438 466 479
29 67 165 178 184 214 216 223 251 264 304 380 415
69 120 141 145 170 190 226 233 270 315 328 378 384
4 36 37 163 165 218 257 272 310 338 384 412 438
25 47 49 54 201 213 227 258 423 427 449 467 479
55 69 145 180 216 256 277 331 452 456 459 475 482
120 170 196 201 214 232 278 292 349 381 391 409 487
27 87 92 141 204 234 294 308 319 349 438 444 475
47 59 270 280 288 341 369 395 407 422 433 436 480
17 30 76 195 235 252 288 366 407 420 447 462 475
9 95 102 221 226 244 261 288 293 318 358 431 476
69 149 190 199 212 227 256 277 305 343 399 423 441
66 85 88 104 114 123 124 190 249 259 292 409 448
93 100 140 144 148 161 192 220 255 273 311 440 446
17 34 72 149 206 230 264 311 343 347 357 455 480
13 17 62 137 202 224 309 385 388 397 419 461 482
51 150 270 271 296 298 389 414 417 451 469 477 498
29 85 138 152 239 377 391 407 418 440 449 460 486
16 35 74 112 139 143 146 192 289 314 364 400 449
11 63 102 113 121 134 199 235 349 356 369 376 471
88 103 107 288 294 295 299 327 364 442 457 475 491
4 21 26 144 253 260 300 399 433 448 451 465 487
7 16 17 30 88 127 153 232 352 368 397 415 457
47 95 213 219 271 273 277 360 403 416 426 470 480
66 135 166 212 230 244 261 280 359 388 471 475 496
16 39 137 196 197 207 220 252 340 412 442 448 462
76 128 132 195 231 247 251 280 289 295 434 460 480
75 126 144 161 165 189 229 298 314 331 362 424 457
4 46 106 146 231 233 306 372 379 394 395 399 433
66 67 97 99 145 161 192 235 259 291 409 420 468
20 75 76 159 165 245 321 337 338 364 395 404 456
29 160 199 244 287 314 315 371 413 432 464 472 496
26 35 120 129 242 327 333 377 404 443 453 455 482
1 21 45 79 84 101 164 226 261 311 323 326 380
18 27 55 62 120 166 205 303 313 333 361 429 492
13 65 101 129 134 168 175 187 301 397 422 460 494
13 126 134 187 191 212 222 373 383 400 443 449 469
4 91 110 119 127 169 250 296 309 316 388 406 470
2 4 63 67 145 166 213 257 265 293 383 404 480
14 121 145 177 209 261 272 308 327 352 362 449 486
17 44 60 78 100 163 185 211 250 264 282 345 363
19 79 180 205 228 233 325 330 345 391 397 410 456
13 25 33 36 179 221 226 283 342 361 377 473 488
1 28 116 175 185 265 315 369 403 471 483 484 487
107 139 142 159 164 195 206 333 365 417 429 441 452
6 7 10 51 132 158 165 260 281 331 362 373 484
18 115 203 215 245 257 285 301 338 354 371 397 445
70 112 200 227 252 275 292 311 343 365 411 442 451
11 64 70 96 114 185 220 249 251 283 303 338 404
31 242 251 319 341 345 402 403 411 421 426 460 477
64 75 109 119 126 175 181 204 224 230 289 358 366
1 21 67 96 99 117 129 164 165 250 343 373 460
40 52 114 159 161 180 186 236 311 342 362 382 489
19 49 159 196 229 248 293 347 376 402 418 452 478
31 83 121 134 137 155 178 181 312 338 349 384 480
13 56 61 131 205 291 337 351 355 392 408 410 496
41 51 61 71 90 164 273 282 284 339 355 395 444
12 128 272 282 291 354 362 365 371 386 428 468 471
19 36 129 133 140 174 200 217 284 304 337 468 487
4 11 13 18 25 78 91 98 150 240 290 430 451
28 42 64 102 104 174 189 200 297 358 364 401 481
47 66 160 164 168 183 230 293 294 306 424 439 454
3 23 55 131 191 201 251 338 360 420 451 465 476
28 54 139 147 187 264 314 367 399 402 447 465 490
25 47 116 137 143 175 263 294 348 421 458 463 482
35 97 101 117 123 127 149 199 205 379 413 452 469
2 16 17 166 182 187 196 246 284 387 392 460 474
15 21 130 135 168 190 320 325 368 369 381 475 487
21 51 70 83 98 108 123 272 314 403 449 452 472
6 129 142 206 281 302 367 397 405 409 438 478 489
9 76 84 95 203 224 247 263 268 366 436 447 478
17 22 37 204 235 269 273 278 282 313 334 431 488
17 25 37 38 159 177 223 277 294 416 429 446 491
18 60 68 95 127 157 171 250 267 295 353 368 384
114 127 131 132 170 193 212 238 449 480 487 494 495
12 35 50 102 110 118 149 203 256 372 384 387 464
23 43 47 67 82 89 96 206 230 345 394 439 493
34 62 142 214 244 287 357 396 401 417 419 453 498
58 78 88 93 221 229 345 384 385 390 391 456 499
50 150 181 209 265 268 282 288 323 386 411 450 461
13 36 52 141 144 209 237 280 310 331 371 394 417
9 21 79 118 139 195 224 341 356 360 437 455 469
57 113 133 213 259 265 296 372 387 406 411 427 446
1 14 35 73 88 133 349 371 380 395 411 414 443
89 132 139 159 199 276 306 308 318 366 394 414 416
24 123 140 160 161 164 167 281 297 325 340 365 472
48 76 92 96 149 161 181 215 254 283 297 322 421
84 117 122 174 218 243 255 335 341 349 421 456 481
27 39 45 87 166 200 293 304 314 321 336 342 439
29 173 194 217 231 241 257 275 305 354 409 436 444
46 48 62 152 232 278 328 338 367 402 437 442 448 473
89 98 121 150 160 214 224 227 240 356 415 430 452 463
72 78 81 85 139 172 262 283 289 313 370 372 389 430
7 21 26 92 202 220 254 261 331 347 370 378 426 440
38 138 185 201 252 289 326 330 340 361 376 400 407 415
44 47 62 186 222 251 295 298 304 324 327 360 363 397
29 63 89 99 143 279 286 312 370 462 472 473 485 487
1 29 38 65 129 187 281 341 362 374 396 403 430 499
0 10 61 80 93 111 136 149 270 296 339 416 464 490
72 80 86 195 263 266 309 321 376 378 388 407 408 496
25 128 132 161 167 176 196 197 297 324 380 406 414 419
33 47 85 88 93 120 174 205 242 284 391 415 436 468
6 8 81 140 144 174 201 215 237 366 406 412 424 451
2 5 28 45 88 140 194 198 270 346 349 363 367 457
15 46 47 62 76 90 221 228 230 265 301 326 426 485
74 77 200 217 228 242 257 261 271 282 329 377 432 459
13 129 135 140 169 282 284 291 312 329 405 419 494 495
117 119 121 139 155 163 184 235 287 316 329 390 434 483
12 48 52 63 158 199 201 240 264 317 319 341 390 491
15 95 105 173 202 221 232 281 301 303 312 341 374 394
89 118 199 219 232 237 271 284 328 374 410 419 461 487
30 60 116 156 207 254 262 296 308 330 421 423 425 448
38 39 53 84 114 161 178 227 261 271 422 476 496 499
7 27 33 116 138 162 175 207 251 294 325 336 354 481
8 69 126 143 186 256 274 280 322 337 358 396 432 444
26 38 43 61 91 99 245 251 270 294 318 475 478 481
98 110 111 157 174 300 340 351 359 376 408 426 476 482
100 149 176 255 264 274 311 319 320 325 361 375 466 481
65 108 141 158 172 191 242 245 283 284 300 426 451 495
11 38 39 49 62 83 109 116 146 206 232 256 263 476
23 31 56 75 101 220 290 357 405 422 432 438 484 497
72 125 211 299 338 374 376 383 410 413 415 458 476 485
132 137 169 173 212 224 238 256 266 293 308 327 423 468
44 67 70 86 206 215 237 298 320 335 351 396 428 498
6 13 43 61 150 151 158 186 198 259 281 321 412 499
31 32 91 100 169 182 199 300 323 325 369 399 438 499
34 125 149 150 186 236 301 312 364 372 374 393 397 439
14 46 99 112 179 206 226 282 329 331 356 386 423 446
5 7 39 47 62 191 196 224 259 274 353 368 413 473
50 66 127 166 175 183 270 321 327 337 344 358 379 444
36 47 103 139 159 174 184 254 385 402 404 409 475 494
75 96 142 201 306 313 315 369 393 418 439 447 452 494
20 21 62 90 113 180 251 283 298 300 392 422 465 498
2 14 17 20 43 88 130 223 244 276 320 373 437 455
67 149 185 281 375 383 402 441 443 445 478 479 486 490
0 4 24 49 52 71 115 173 216 228 248 350 435 464
0 15 24 60 81 114 115 118 126 127 229 260 279 395
27 101 131 155 176 198 242 243 300 326 347 352 422 437
9 12 16 17 51 66 103 115 143 162 175 299 305 451
46 99 111 142 144 209 222 239 252 308 433 478 485 491
30 56 62 159 185 192 235 265 284 317 439 450 492 494
35 66 71 100 104 157 203 252 263 270 342 416 437 443
55 72 140 187 193 195 327 393 394 397 465 466 467 496
41 53 123 152 208 298 343 420 428 454 459 482 486 487
1 28 88 140 152 252 253 269 310 311 353 427 469 496
43 44 83 113 139 170 173 227 292 327 347 348 356 498
26 28 36 105 164 168 182 219 231 256 276 277 307 315
28 48 55 136 163 180 230 258 290 327 341 356 431 474
4 9 121 176 237 249 277 341 400 445 470 472 479 493
32 41 51 119 155 181 194 228 311 334 359 377 390 464
4 12 94 119 183 184 215 344 376 382 449 474 494 495
12 29 71 108 110 131 138 242 268 277 354 370 380 387
12 106 154 171 226 259 288 319 332 384 418 450 470 490
10 38 63 106 167 202 230 306 344 366 387 407 430 479
8 37 101 112 170 185 207 237 259 321 325 392 394 456
119 121 142 145 194 211 216 276 327 344 407 448 464 496
6 7 63 69 116 124 201 245 251 307 314 380 448 466
17 50 57 75 139 222 249 268 283 299 349 380 413 441
1 42 98 114 167 177 256 257 263 279 302 377 432 460
193 198 209 221 228 231 267 303 323 332 366 464 470 487
92 99 154 182 185 188 204 255 258 260 292 321 411 478
12 15 41 62 70 98 132 202 276 303 310 348 362 492
41 57 92 93 135 183 199 204 214 235 269 415 430 445
26 112 158 199 211 219 235 243 259 350 352 426 453 488
17 122 153 158 185 245 254 326 378 383 398 414 419 477
5 141 143 175 215 247 310 320 435 441 449 452 458 467
36 100 123 171 201 205 214 218 273 293 327 396 403 481
32 39 67 78 134 189 215 372 434 438 446 462 482 499
28 89 172 179 204 213 245 291 302 304 326 416 422 449
31 56 82 167 217 248 277 299 309 311 331 417 460 489
135 143 174 184 185 230 321 329 334 345 395 446 489 490
83 156 157 161 188 196 225 330 343 358 399 434 460 461
29 52 107 163 164 192 221 236 253 313 333 417 449 499
2 18 97 120 161 198 220 229 244 357 364 413 454 459
8 63 75 94 152 156 158 171 260 303 399 413 421 489
17 33 176 210 219 231 261 270 287 334 348 367 407 409
13 62 91 179 188 195 202 267 311 329 397 404 451 452
24 30 88 93 137 153 159 171 210 243 422 437 457 464
42 51 94 99 104 117 142 252 280 313 353 375 403 447
25 45 63 111 220 268 300 309 333 389 418 430 477 494
12 20 48 59 88 107 153 212 259 337 340 397 460 485
191 214 216 247 272 288 333 344 360 373 421 440 453 498
60 177 255 261 303 308 351 366 374 386 417 438 453 473
11 20 50 65 68 92 107 131 175 194 249 382 387 398
98 122 213 235 272 323 355 356 370 371 406 423 445 453
19 100 144 166 168 179 187 215 280 293 359 419 429 435
77 129 131 133 134 146 159 184 379 397 430 450 451 470
10 57 91 127 138 231 243 341 343 375 403 434 461 465
22 80 108 114 115 123 147 170 240 259 267 284 326 398
12 41 126 167 181 259 300 375 388 389 391 447 458 493
5 25 47 58 107 117 212 229 270 284 306 311 454 474 481
36 43 44 52 121 153 185 239 240 278 306 318 361 379 473
19 32 58 170 172 196 199 204 207 215 229 306 330 339 346
23 84 262 275 279 299 309 328 360 362 371 402 432 483 484
7 14 63 68 91 131 173 198 266 285 312 316 351 458 487
5 21 131 135 151 164 263 268 275 286 297 387 433 444 474
11 51 59 84 89 119 199 209 277 295 303 320 339 466 469
18 30 70 79 170 186 199 233 276 297 308 334 339 434 459
5 28 43 58 77 161 175 246 280 336 354 372 470 472 478
7 18 76 109 138 144 267 277 301 325 335 347 366 422 477
19 20 84 173 184 195 211 304 307 326 365 409 427 448 487
13 79 92 138 148 168 210 238 302 338 359 458 460 474 480
20 48 54 60 69 82 103 212 219 228 259 290 333 340 416
9 22 28 29 47 63 76 84 108 147 170 295 426 427 494
8 37 78 89 102 105 116 147 211 424 439 442 452 455 490
74 84 89 100 101 146 223 248 267 268 273 305 329 404 469
39 59 85 93 118 128 161 163 166 242 263 307 309 337 473
24 118 137 150 199 238 281 289 296 326 381 401 407 459 491
10 30 116 127 159 193 197 201 299 351 370 377 388 489 499
33 59 78 107 111 132 145 162 168 174 212 229 255 367 459
4 104 122 142 166 185 187 205 218 258 295 306 347 456 480
39 45 115 122 141 153 162 186 189 226 319 326 347 395 493
14 49 90 195 231 241 267 292 298 303 309 311 322 373 400
1 9 30 34 37 48 82 130 221 260 270 483 488 491 499
20 29 71 93 98 128 212 234 293 297 312 356 395 406 478
8 30 39 57 102 121 139 150 175 241 258 354 366 418 463
17 30 45 57 93 105 151 344 345 347 383 401 410 441 486
113 118 120 177 212 250 252 262 304 334 382 400 438 449 463
46 63 92 130 176 203 211 244 311 348 356 403 406 419 423
18 46 49 81 191 197 225 235 270 281 283 332 420 493 497
16 54 59 86 119 187 268 295 307 373 384 385 391 409 471
18 52 71 75 109 263 337 341 363 394 399 419 431 451 462
33 160 163 206 218 232 237 244 259 291 333 415 427 456 467
45 59 101 125 166 220 224 252 276 283 295 299 307 357 442
5 9 34 54 91 222 283 341 361 379 400 404 405 408 476
9 17 82 83 95 96 218 224 228 243 259 312 332 346 396
63 80 97 103 115 118 139 144 156 164 187 252 254 433 462
16 79 90 115 134 173 227 313 338 340 348 376 458 460 497
44 66 71 123 132 201 234 263 270 297 305 395 411 447 489
31 49 101 119 120 143 164 172 188 260 276 309 369 380 404
13 73 155 156 210 221 253 264 283 351 367 381 389 462 479
150 159 190 233 253 261 272 312 351 402 406 448 454 455 491
2 14 24 41 72 96 116 158 222 230 245 255 267 310 325
6 15 72 140 146 164 187 212 236 239 260 305 327 387 472
8 129 198 289 347 351 357 398 419 428 453 466 474 476 491
25 51 69 107 121 133 146 152 192 223 276 342 369 403 443
1 25 27 82 94 107 143 207 226 237 261 294 340 406 433
18 20 25 52 61 249 313 324 327 378 432 441 455 461 487
81 151 174 195 226 277 287 298 384 397 421 445 468 474 479
6 51 53 95 228 250 291 319 347 375 376 403 406 407 488
64 68 171 241 244 269 298 310 352 424 445 447 455 472 487
26 91 120 135 136 163 223 228 232 287 292 311 313 353 384
11 26 79 82 114 162 194 207 274 279 318 321 421 426 487
74 83 94 167 182 189 211 240 255 262 270 282 382 409 475
78 79 92 94 104 137 146 152 156 176 291 299 340 407 416
5 21 28 41 82 142 202 203 224 262 265 268 285 344 436
22 44 45 48 71 94 219 258 270 330 336 347 379 381 455
35 61 73 91 94 118 120 141 193 207 266 312 433 450 499
65 74 172 174 177 193 219 228 237 244 270 329 393 425 437
22 60 75 87 122 142 228 241 257 313 314 322 353 377 415
3 10 72 90 119 130 162 177 178 184 230 292 338 387 423
1 43 54 126 147 163 169 175 255 266 325 353 369 392 423
20 22 30 45 73 97 127 138 193 210 332 377 387 426 484
4 24 26 29 34 44 72 102 120 126 243 295 325 402 456
39 55 63 174 198 214 241 261 262 288 367 371 385 432 467
4 7 183 221 241 243 285 292 309 401 404 421 446 473 483
33 60 104 128 133 155 167 187 309 339 356 375 392 419 463
2 75 80 123 139 145 242 275 297 314 326 386 394 458 468
147 166 199 206 210 228 247 264 320 387 423 424 451 485 486
9 118 157 164 277 312 316 324 335 362 378 418 482 489 499
18 43 106 126 134 148 158 201 215 227 253 367 407 451 487
7 71 121 139 150 239 262 273 366 433 437 487 493 497 498
47 54 60 76 228 279 282 295 300 310 386 398 431 492 498
97 149 154 164 177 183 216 266 290 308 390 430 445 478 493
85 98 126 191 261 296 308 317 331 348 374 389 424 458 463
87 99 110 115 120 196 204 223 230 238 286 386 395 396 496
29 34 71 113 175 187 219 273 279 312 354 416 436 439 497
5 38 57 120 150 187 191 251 259 263 264 268 369 375 428
26 72 111 165 182 228 301 306 350 387 395 437 477 495 496
25 41 60 65 127 142 200 203 273 288 347 349 356 433 484
2 16 64 66 135 143 183 278 297 343 368 385 403 463 475
6 52 107 109 136 140 150 156 161 297 306 336 355 454 495
17 49 112 142 148 218 220 226 245 249 286 401 431 479 497
207 208 211 224 242 264 268 369 406 413 420 423 440 480 493
19 31 70 92 100 111 113 151 185 201 287 307 413 435 472
103 112 183 261 282 284 304 316 353 360 366 387 411 450 496
10 29 98 107 112 236 253 282 301 302 309 345 372 384 451
58 59 99 137 175 216 227 243 275 316 327 417 477 480 497
0 13 23 72 101 105 111 152 154 215 218 308 344 392 451
27 34 51 55 84 191 196 209 219 287 384 388 430 442 474
19 64 110 203 204 214 252 257 320 332 423 460 476 477 484
36 122 130 204 211 213 241 250 261 347 353 403 420 447 463
10 11 91 124 223 311 318 356 371 388 409 461 478 494 497
110 149 161 188 199 207 208 211 223 325 345 350 430 434 472
29 41 48 53 86 179 264 284 304 329 351 358 380 437 474
104 133 149 201 205 214 220 255 337 344 348 428 445 452 475
10 43 48 103 130 144 204 209 236 252 350 369 391 457 489
47 54 90 166 204 216 315 321 350 367 369 429 453 457 463
107 133 146 166 172 183 189 221 241 281 348 399 436 452 469
10 106 145 175 183 275 292 312 389 407 410 423 449 482 486
4 23 32 65 89 100 104 106 136 194 206 252 280 298 343 465
8 16 18 34 42 67 106 155 161 227 289 297 351 402 438 456
10 69 93 119 145 207 266 282 298 325 360 383 451 453 463 497
5 57 78 104 117 143 157 191 203 225 227 229 241 398 434 456
35 61 107 129 136 170 203 224 229 251 254 388 414 462 463 489
18 43 70 118 121 124 131 164 220 231 284 327 348 371 391 405
38 63 123 139 165 169 233 299 366 370 380 381 429 444 473 474
38 39 41 46 72 97 112 119 123 124 194 223 282 297 316 480
34 35 124 134 156 216 223 265 287 291 305 306 332 337 396 428
4 62 76 101 192 219 298 341 357 380 402 406 418 480 491 495
101 115 123 146 176 184 213 233 285 298 344 353 356 394 397 460
19 92 142 151 180 181 205 245 282 286 315 412 441 453 454 466
19 20 32 107 147 182 215 220 227 234 258 316 330 350 411 441
23 24 39 77 93 148 193 197 254 259 263 301 342 413 424 471
39 88 91 101 137 208 232 263 327 360 391 394 396 409 423 443
13 52 93 103 114 130 133 238 240 289 295 301 304 343 366 387
20 33 37 67 89 104 130 196 224 273 307 311 379 451 466 495
0 8 14 16 49 70 73 92 171 216 221 241 298 447 483 496
6 34 50 82 111 185 247 261 301 315 369 420 435 449 458 492
2 29 49 93 156 184 235 269 297 343 349 385 387 422 464 476
50 88 146 176 210 285 303 314 326 352 367 398 414 430 475 476
9 48 51 53 96 139 149 226 280 378 393 422 437 480 481 487
1 66 130 142 148 179 208 263 312 323 335 371 397 422 449 488
40 87 118 125 169 194 214 223 240 310 319 340 405 420 437 457
38 83 129 137 279 324 358 382 398 399 424 428 454 470 483 491
10 63 95 104 132 158 221 234 264 293 305 315 322 350 358 456
11 16 17 19 20 52 74 103 124 194 222 223 238 271 383 394
11 38 51 104 112 128 160 177 381 390 413 435 441 445 448 478
23 34 40 54 94 109 111 115 209 224 239 291 301 347 352 358
4 9 36 53 99 130 151 166 239 246 278 290 291 295 328 426
42 55 104 122 132 144 198 200 217 225 242 255 359 391 423 433
16 56 73 85 226 238 293 337 369 379 405 438 444 466 480 492
14 22 41 43 52 70 81 170 240 339 367 387 406 427 472 487
20 22 23 156 176 201 220 287 328 345 346 387 393 439 448 499
7 42 48 171 192 233 303 308 309 323 345 369 381 390 398 414
1 6 8 10 73 146 173 194 256 263 362 379 401 407 443 476
10 14 101 111 114 116 166 178 183 233 266 305 351 355 371 491
23 92 136 139 144 160 246 265 289 299 317 340 395 428 469 491
73 113 137 210 298 313 315 327 346 356 430 439 471 481 495 499
34 144 169 182 191 214 232 250 258 259 317 323 332 397 419 435
51 83 112 122 139 170 182 211 247 253 306 365 433 447 470 498
37 98 150 168 251 277 278 316 409 423 445 454 463 471 478 487
107 108 136 183 187 207 326 333 393 395 409 428 467 476 489 493
43 44 61 66 70 95 98 108 152 187 244 348 373 412 442 481
47 120 179 199 226 267 297 334 338 362 367 382 384 456 497 499
2 51 68 109 176 210 223 243 266 269 270 295 418 448 451 474
41 48 50 88 117 158 217 316 361 379 385 419 444 475 476 482
39 101 115 122 160 185 203 214 216 225 261 288 291 305 315 325
14 20 26 125 141 178 183 191 196 225 229 412 421 430 435 484
6 13 14 15 24 30 32 81 139 144 278 310 346 375 455 460
20 71 88 121 136 254 258 266 280 293 303 317 357 361 374 498
48 99 183 266 286 292 298 363 372 392 417 461 465 479 481 492
3 14 73 134 164 198 266 274 276 294 300 403 411 424 474 497
17 20 68 78 83 94 132 178 235 261 290 293 386 392 401 411
3 32 146 157 176 244 246 309 326 342 346 359 400 401 442 491
12 41 197 210 214 223 233 255 271 277 279 280 281 305 334 391
55 80 98 156 229 230 236 248 268 310 345 346 429 435 493 499
2 18 92 182 205 252 257 305 314 383 393 397 422 473 488 498
13 24 63 68 87 189 259 269 302 310 354 365 431 432 464 494
2 26 54 60 200 231 242 273 274 281 319 385 402 414 444 474
25 28 31 77 104 127 194 222 247 258 262 301 371 374 422 429
44 47 48 95 139 148 171 195 243 267 270 276 326 333 377 381
8 70 102 110 160 187 234 250 254 277 315 381 404 440 484 494
20 50 98 138 151 163 173 214 270 279 322 337 339 364 446 480
49 73 77 132 152 173 176 199 265 279 292 328 382 388 390 414
10 81 87 106 117 143 155 159 187 188 193 258 286 390 445 464
28 48 150 273 279 296 298 320 324 338 352 371 375 381 466 482
1 128 135 146 148 180 215 223 241 254 269 272 279 308 364 459
43 116 126 145 163 164 188 190 238 241 336 373 380 434 467 475
28 71 75 198 208 231 283 329 333 366 377 411 422 423 437 492
27 29 67 105 119 203 207 241 249 273 301 318 337 349 393 427
13 47 50 88 98 102 172 179 258 264 282 303 405 423 439 440
25 34 37 49 53 95 111 163 176 186 300 311 363 396 468 471
10 122 143 218 229 254 257 271 285 286 290 432 457 486 494 499
27 112 140 200 241 265 268 293 305 311 321 411 414 443 472 478
45 59 159 210 229 251 269 289 330 347 355 361 397 409 423 429
39 47 54 57 75 96 109 173 225 233 272 274 297 320 433 474
84 90 93 141 169 181 248 269 308 349 366 370 461 469 481 491
55 115 133 140 145 190 191 204 212 232 278 296 324 363 374 484
3 53 193 200 204 209 238 251 270 301 302 304 306 375 446 468
29 39 42 97 105 113 125 181 219 288 290 305 342 365 367 427
21 52 88 117 186 191 195 206 233 255 256 296 317 320 375 413
14 18 82 98 126 155 189 207 317 336 341 371 392 412 489 491
1 38 47 50 104 130 153 176 254 299 306 340 360 426 452 469
10 26 40 46 74 85 118 156 213 247 253 317 374 433 437 495
0 32 60 74 80 85 115 164 211 213 265 274 340 352 456 474
27 52 64 74 108 157 171 192 213 307 321 403 426 431 462 473
17 29 59 96 120 122 177 186 227 264 274 299 432 442 466 497
88 153 167 193 219 255 261 267 282 296 363 371 439 451 463 479
31 169 234 260 265 298 306 314 366 390 420 427 451 458 471 484
11 79 141 144 146 180 199 212 250 325 412 421 440 445 453 454
59 67 80 89 123 205 224 376 420 425 427 438 454 467 473 478
5 22 38 73 93 143 182 184 191 201 222 341 343 348 350 351
8 15 63 150 152 199 229 246 252 323 363 415 421 463 478 480
8 51 122 161 167 177 184 209 210 219 287 290 315 317 390 471
3 29 91 93 136 163 196 222 228 250 313 360 416 464 488 490
81 128 162 215 216 228 229 230 297 307 329 340 368 379 433 436
20 29 64 72 114 116 137 169 200 227 258 261 286 292 344 381
7 20 35 38 48 71 116 149 291 339 340 408 417 422 473 477
1 65 128 165 180 203 225 275 297 315 324 350 388 397 416 495
2 39 46 70 106 112 121 150 200 245 356 384 387 400 444 464 484
34 63 76 88 92 139 159 165 172 174 199 205 213 234 297 334 336
33 117 130 134 189 192 238 245 318 346 366 389 392 420 431 449 459
61 107 108 119 171 226 242 251 273 280 323 362 374 377 381 471 476
8 38 63 71 72 78 85 188 207 214 236 260 292 322 434 446 455
94 102 127 153 163 200 215 221 232 248 252 271 325 375 454 460 467
18 27 164 175 181 195 213 219 270 276 277 282 367 401 425 446 468
56 89 102 138 192 198 229 246 328 357 359 372 376 382 388 422 472
18 46 58 61 106 138 145 199 202 278 307 315 326 393 418 451 470
4 29 66 73 125 220 233 251 278 335 356 389 408 411 423 434 472
25 55 80 82 98 153 163 199 277 299 333 341 350 366 417 425 470
11 112 119 145 150 186 195 214 226 232 252 262 289 344 408 480 499
4 35 74 84 87 115 128 140 147 193 202 236 268 308 336 339 351
175 186 246 267 301 329 341 356 384 396 411 415 423 432 461 489 493
1 77 123 135 148 153 166 225 227 230 239 265 278 304 319 356 470
84 140 168 197 233 240 253 267 274 299 357 403 410 426 428 435 475
0 15 18 28 39 62 66 98 112 116 132 204 248 288 327 380 483
33 187 239 251 270 294 297 309 313 323 332 334 362 435 447 465 484
0 17 55 103 222 224 313 331 345 346 359 386 387 411 432 448 469
21 28 55 81 101 239 255 264 272 338 362 383 397 435 436 452 490
37 103 141 181 243 251 292 294 322 323 335 361 451 463 464 476 490
56 75 82 83 134 211 231 245 277 326 328 340 376 413 427 440 486
42 75 154 184 186 200 233 241 246 291 336 340 341 413 432 449 485
20 81 112 138 188 202 256 286 290 295 308 309 337 338 343 421 455
8 39 89 91 104 119 124 129 162 176 178 218 277 334 353 363 487
31 160 190 199 201 215 275 361 400 404 405 444 446 467 471 478 497
25 39 44 99 121 161 164 181 191 204 225 300 306 341 359 388 443
0 28 39 150 174 201 206 240 250 285 305 329 344 379 383 406 446
11 44 61 112 152 172 232 236 262 343 356 386 409 411 457 468 480
0 53 60 147 192 194 257 279 310 334 373 391 399 456 471 479 491
14 46 58 88 130 145 177 219 246 282 345 360 368 438 472 494 499
8 32 33 71 78 81 99 151 180 260 328 340 396 402 406 466 472
108 178 186 191 202 226 250 258 272 279 321 343 378 384 452 454 476
34 40 50 74 102 104 107 110 157 210 233 240 291 329 339 355 370
13 120 147 180 200 205 213 253 348 393 396 414 429 441 478 481 488
13 48 51 56 58 70 85 90 99 168 225 286 305 371 382 410 441
3 32 126 168 190 192 232 239 272 295 307 386 448 459 474 478 496
36 47 77 86 132 214 243 270 282 358 362 373 395 409 432 484 499
21 25 31 88 117 150 169 228 234 279 282 293 344 379 431 454 491
118 120 129 169 220 236 268 272 333 339 354 386 414 425 455 484 497
34 67 80 89 108 117 118 136 176 198 245 299 340 346 414 441 460
63 83 133 143 149 158 161 182 187 191 196 203 246 278 381 385 495
29 31 101 104 153 154 177 189 249 260 317 318 339 432 442 476 491
9 28 31 45 78 163 202 264 309 312 320 370 381 389 477 493 498
41 57 93 109 112 127 137 224 255 302 332 352 366 418 439 443 449
37 47 57 156 162 170 211 215 249 284 294 295 335 401 430 467 489
15 58 59 105 122 124 129 169 247 265 332 399 433 441 462 476 478
16 18 22 30 57 61 173 186 254 303 343 357 393 439 440 487 489
68 69 87 152 167 172 173 208 255 260 314 316 331 364 392 460 483
17 28 104 159 195 231 256 272 281 318 320 372 381 389 430 470 481
4 6 15 67 91 116 145 155 157 232 338 355 430 455 470 475 490
4 15 48 81 149 163 255 257 258 311 332 390 408 425 432 438 496
56 60 89 98 107 118 137 172 184 205 219 231 244 302 352 395 403
1 8 18 57 87 129 136 138 140 159 197 224 231 267 277 291 386
19 69 118 128 131 135 184 199 248 341 369 383 408 447 454 471 489
95 106 149 233 244 258 261 294 300 314 338 366 371 426 458 465 486
4 57 58 72 124 154 157 173 175 242 294 318 398 422 443 485 494
1 44 50 58 85 102 130 175 233 271 378 399 403 413 438 479 481
34 38 42 52 81 84 144 202 223 234 283 342 391 454 461 493 495
3 18 47 61 144 154 206 221 237 246 283 294 296 320 341 356 420
26 39 106 135 158 201 204 225 275 280 326 346 355 370 389 468 493
21 43 54 92 93 130 161 193 208 224 233 367 369 409 444 454 473
24 33 129 131 173 183 190 240 261 308 310 323 326 384 403 443 455
22 23 72 84 110 163 189 238 244 262 263 296 310 329 341 372 418
3 21 32 42 54 59 103 157 200 230 298 328 370 375 378 422 454
29 84 91 94 104 214 226 252 271 306 314 377 388 406 407 448 449
86 95 117 142 185 196 202 237 255 266 287 305 416 418 429 455 463
78 130 144 149 192 226 248 266 285 323 372 402 449 452 477 492 494
25 29 51 92 124 130 156 159 169 213 222 240 320 329 431 444 460
6 58 117 127 197 205 234 255 271 303 310 311 374 391 430 441 454
8 45 102 107 113 129 147 162 187 256 366 407 411 446 479 484 493
6 19 58 88 111 121 182 237 245 274 405 428 448 452 461 487 488
16 91 94 185 239 290 295 326 361 378 406 414 427 429 430 433 436
204 211 225 239 251 298 319 323 330 331 398 439 452 479 494 495 496
19 41 51 57 114 150 226 234 266 330 393 397 423 434 451 478 480
17 22 49 101 110 131 137 144 145 156 159 190 266 314 367 376 392
4 64 106 126 138 166 179 215 229 283 333 364 371 380 384 426 465
19 79 89 162 165 233 253 293 301 310 345 369 401 426 435 437 473
36 40 78 96 120 126 147 172 235 247 267 361 387 405 410 433 469
24 53 123 125 146 201 205 211 337 350 355 359 362 399 401 403 475
33 41 44 88 102 151 154 162 187 199 203 258 278 306 382 481 484
11 21 117 132 163 167 168 221 222 243 248 262 269 309 382 406 442
32 77 123 129 182 183 280 289 360 367 371 420 421 441 454 455 494
106 110 114 127 135 175 215 234 238 264 273 284 374 380 403 442 468
23 46 97 143 176 179 201 212 220 280 357 405 429 434 470 485 489
40 76 86 215 238 259 305 309 312 319 326 334 338 349 389 412 486
40 42 140 146 214 217 297 318 328 340 394 401 403 458 466 475 487
24 35 40 62 101 152 174 193 309 328 340 368 397 419 436 477 483
29 59 132 160 207 240 245 250 280 283 340 369 398 411 433 439 491
22 45 100 148 165 193 234 305 324 364 374 378 407 414 468 474 492
2 54 100 111 130 141 172 269 286 293 326 367 385 387 425 469 480
4 63 79 87 116 155 165 169 206 298 336 347 352 383 408 424 473
157 162 168 175 184 194 210 214 374 375 377 379 382 395 415 468 489
15 52 73 78 127 191 245 300 317 322 330 339 413 438 474 491 498
20 58 60 69 134 143 197 220 240 275 282 326 412 421 433 456 478
18 42 52 100 112 119 163 212 218 303 305 316 320 359 399 417 488
0 47 71 74 141 239 251 277 279 288 322 331 367 379 381 397 468
10 32 37 46 49 83 104 150 163 181 237 266 314 325 357 429 440
32 45 127 135 160 185 186 252 272 297 324 348 372 386 392 409 438
47 78 98 108 117 130 188 229 252 284 345 374 420 444 460 461 481
12 14 17 26 60 62 101 107 134 169 178 185 233 289 321 352 446 477
49 73 81 194 217 239 296 303 311 345 347 367 401 410 455 480 487 494
9 17 52 104 143 144 193 200 218 242 305 349 382 404 449 456 490 492
12 107 113 174 189 206 225 229 296 304 306 330 360 400 424 431 445 487
24 71 75 130 132 136 160 165 213 246 254 296 333 438 455 466 478 490
0 2 58 59 76 187 200 242 260 296 328 355 372 399 411 466 484 497
69 80 103 139 207 226 227 237 243 327 328 340 342 382 410 451 457 491
17 25 42 46 68 137 163 170 252 279 313 340 396 425 430 471 489 498
38 40 43 44 46 85 94 120 130 184 238 269 296 308 309 421 444 452
0 6 34 46 51 60 139 209 236 272 299 336 366 367 406 460 465 469
20 26 68 73 85 88 110 185 205 243 305 338 382 391 466 470 478 490
32 76 91 106 149 153 154 155 182 207 225 241 280 396 405 420 490 499
3 18 25 35 60 128 133 138 264 312 336 364 385 393 435 447 481 486
63 111 128 155 160 174 200 216 304 305 316 325 326 358 364 374 439 440
9 88 127 162 186 202 248 258 268 277 306 316 344 366 368 371 375 376
41 108 155 172 178 181 197 201 204 234 251 284 294 339 344 348 381 392
65 100 190 191 195 199 283 294 353 358 393 405 444 445 460 482 489 496
46 124 144 171 202 209 213 219 224 248 258 260 272 356 357 406 415 481
5 6 8 26 110 136 203 208 220 291 301 333 352 368 455 470 473 482
36 51 114 129 136 165 193 204 218 264 285 294 315 373 412 415 464 472
9 10 98 118 127 179 202 219 232 261 360 385 441 458 475 480 483 496
30 46 58 76 101 231 257 297 299 304 317 363 411 436 458 461 481 489
28 40 132 143 165 191 247 248 249 257 289 294 296 358 361 363 374 477
7 49 97 140 171 244 315 320 324 370 376 401 425 448 465 472 476 489
45 138 151 172 196 261 275 276 283 322 323 347 376 391 403 404 452 488
14 56 204 215 242 265 269 274 291 349 355 364 379 391 427 445 452 468
124 144 151 153 164 181 242 273 275 290 306 312 349 366 410 425 456 470
5 14 52 60 65 93 131 183 186 187 208 225 333 354 365 395 424 497
96 99 110 149 220 315 316 335 345 346 367 386 388 398 442 446 473 474
86 87 112 134 135 176 178 188 211 265 268 272 325 418 422 436 449 451
7 14 34 38 40 59 68 80 147 185 195 199 200 238 289 347 385 454
23 77 92 99 142 152 173 180 190 206 216 240 257 319 341 395 410 442
30 63 66 114 123 136 146 158 166 172 228 236 273 282 321 365 424 438
55 73 81 95 122 200 212 241 245 255 257 293 327 440 449 461 478 498
13 17 25 138 165 203 274 298 300 320 331 358 420 438 447 464 470 493
1 36 66 78 94 121 162 226 261 302 366 415 420 426 428 431 442 461
6 51 71 77 82 161 182 191 229 250 284 302 318 409 411 436 442 466
14 58 68 106 116 130 131 180 182 240 271 295 378 409 437 468 483 484
59 81 108 123 140 150 165 167 284 359 377 422 438 451 457 461 493 498
2 3 39 40 50 81 181 208 211 223 247 316 338 341 415 420 424 471
27 34 36 43 55 98 130 186 218 229 238 258 282 290 299 306 332 492
1 2 4 7 8 30 86 108 110 137 201 298 316 359 407 451 467 487
14 25 45 69 101 102 107 115 168 174 244 250 270 325 327 338 466 492
5 33 66 79 90 181 254 269 279 305 323 334 383 421 444 466 482 487
12 16 23 62 73 138 223 225 230 233 236 277 285 326 336 395 469 477
54 71 77 98 126 149 168 173 184 193 197 212 275 314 375 383 427 472
1 95 209 215 235 246 261 284 301 338 358 363 364 370 404 436 441 483
80 101 107 128 161 168 187 218 251 270 289 325 334 407 418 437 461 492
22 70 71 170 177 220 232 249 287 297 299 305 345 347 365 390 394 440
12 15 77 90 152 153 154 160 204 320 331 391 392 422 431 447 473 482
31 63 72 85 91 128 137 166 173 202 209 217 236 240 251 275 347 407
3 4 40 140 171 202 206 220 291 323 350 351 387 401 416 420 444 494
84 115 119 147 173 232 248 268 269 297 343 349 386 399 415 444 450 486
13 30 88 130 149 152 222 238 248 287 317 334 349 379 394 412 459 498
17 52 91 93 117 145 157 175 181 224 234 346 354 358 380 387 403 412
12 49 60 73 97 101 122 159 216 235 254 281 341 374 378 383 407 470
31 33 40 42 52 70 72 93 164 247 282 307 358 383 386 413 452 469
18 62 73 113 151 183 239 267 273 303 329 362 373 384 390 413 440 497
1 13 26 35 74 81 87 100 178 195 265 277 305 320 345 368 478 498
39 60 70 73 83 121 127 180 183 191 228 268 311 373 387 412 428 460
74 82 129 157 219 263 269 278 317 320 346 374 447 452 462 467 469 484
17 55 85 109 154 179 195 245 277 288 289 332 348 400 404 407 427 492
1 77 100 135 155 162 186 195 207 233 322 349 353 416 421 428 459 492
40 41 55 57 142 150 163 181 320 329 336 385 394 397 406 442 458 489
1 48 58 74 107 131 188 202 221 274 288 303 315 318 323 383 453 472
11 59 63 77 89 97 129 139 165 213 215 247 284 346 393 420 491 496
47 66 89 124 148 165 190 218 246 256 306 335 378 400 408 418 450 455
2 20 47 49 69 85 86 104 114 116 125 205 291 310 381 402 409 486
5 10 32 57 96 137 141 150 177 291 292 332 370 410 437 442 443 494
45 56 73 147 148 185 186 190 222 280 336 345 350 408 409 412 429 483
15 29 77 120 135 166 221 267 281 306 321 329 345 346 366 435 473 486
20 21 22 45 48 49 94 101 121 180 185 311 313 317 340 354 362 411
10 30 32 70 73 102 138 145 198 287 303 316 340 343 376 430 466 479
9 87 89 132 133 138 148 185 192 255 261 284 290 397 405 433 438 439
31 53 75 169 208 214 215 238 281 300 324 391 397 407 426 458 477 486
23 83 141 155 286 287 299 310 333 343 344 390 410 454 471 476 485 492
19 45 59 62 74 80 95 114 127 178 235 239 247 270 271 273 386 480
63 70 104 121 138 156 158 247 276 318 323 397 400 417 445 468 472 481
25 26 52 88 91 99 122 124 164 228 325 330 354 364 395 424 459 470
0 21 70 113 143 175 177 182 248 287 289 375 394 396 427 437 486 494
48 49 57 70 124 137 144 148 184 224 232 237 259 260 262 336 353 455 494
3 54 71 74 91 154 160 164 182 212 237 239 265 286 292 308 382 412 438
17 23 55 102 104 121 126 136 153 164 173 190 202 215 267 342 372 446 451
5 61 170 195 202 207 229 255 268 293 347 394 400 436 439 453 466 469 481
29 44 68 79 81 117 137 159 212 230 283 287 342 349 405 445 447 463 493
2 52 74 75 138 148 176 196 217 244 253 273 278 310 335 375 400 409 435
5 14 50 66 84 121 195 204 257 273 298 319 349 363 367 447 451 455 458
27 103 142 182 221 253 277 330 351 358 365 367 397 401 425 426 427 491 492
32 64 72 81 101 130 156 190 192 305 307 327 338 396 418 422 434 443 493
118 131 189 241 294 305 315 326 340 352 359 363 402 415 430 433 459 476 477
0 30 55 65 73 77 82 132 164 172 203 236 339 363 399 422 483 490 494
19 20 44 57 116 187 223 237 241 254 343 354 358 383 389 400 416 477 492
9 31 57 88 191 239 250 269 270 276 317 335 368 405 406 409 460 478 483
7 15 44 51 121 141 156 177 203 233 272 278 291 384 410 429 454 462 496
18 24 27 48 49 63 126 153 172 234 262 263 275 305 325 336 348 456 484
2 9 140 155 166 172 237 241 243 256 312 324 325 416 418 422 444 450 470
18 24 60 139 174 175 210 276 282 286 292 298 304 349 393 407 417 451 477
18 30 135 204 221 246 267 283 302 307 374 381 385 394 423 424 439 453 484
13 45 58 69 79 90 101 126 138 167 215 240 279 307 364 397 399 449 489
140 156 170 180 195 199 248 265 276 292 313 320 332 354 372 400 444 475 492
1 18 27 78 115 121 245 274 283 300 340 359 373 382 425 450 456 460 461
14 93 118 156 164 185 262 278 281 297 332 349 361 366 379 447 459 487 492
14 76 98 119 125 144 198 352 388 426 438 447 456 472 473 488 489 492 496
3 8 20 53 73 96 103 105 148 179 186 229 240 249 368 424 453 459 483
8 28 72 135 138 140 183 217 257 259 282 331 347 389 423 426 448 449 458
92 111 133 148 158 170 185 203 222 237 243 259 321 400 422 424 432 435 473
63 83 95 114 120 126 136 146 153 165 208 264 306 417 429 436 437 455 491
18 58 92 170 175 206 246 273 278 285 298 335 354 357 430 447 448 488 495
4 25 110 175 180 196 218 267 273 284 285 294 311 314 395 413 454 479 494
0 13 40 45 50 106 107 203 218 242 302 307 327 390 404 409 466 481 491
34 111 135 151 168 177 194 203 217 318 328 332 361 366 375 403 444 446 454
9 36 129 176 217 237 254 261 267 304 344 355 394 416 435 438 471 490 494
8 15 24 29 47 59 78 82 114 118 163 183 234 258 264 281 424 465 481
51 72 89 115 118 159 174 210 223 246 315 317 367 368 395 417 441 488 498
27 42 100 101 118 149 158 171 180 231 276 298 303 314 335 459 468 485 495
40 45 54 112 122 123 136 208 229 231 266 269 274 279 287 357 367 389 472
1 8 27 64 148 156 200 204 206 270 276 278 291 363 399 424 452 475 481
18 48 64 84 165 173 177 187 216 240 241 252 261 286 291 331 373 382 397
27 40 42 108 115 123 238 250 269 284 324 327 349 354 392 410 428 441 449
63 75 85 93 104 106 158 162 199 208 269 289 322 335 353 387 391 456 489
5 60 94 110 115 146 154 163 190 206 232 272 273 274 296 320 393 427 495
0 21 36 68 91 98 183 184 189 218 255 272 281 303 308 322 391 401 438
43 82 102 103 139 152 164 294 321 325 333 342 374 383 386 407 412 477 491
15 35 102 138 140 141 145 171 202 215 243 283 287 333 340 346 389 452 455
5 37 44 73 77 116 139 156 195 238 272 303 305 308 335 421 448 458 468
11 64 77 111 132 158 161 278 286 312 335 371 377 391 394 409 412 413 446
30 37 53 61 80 89 120 139 181 210 236 286 301 308 382 447 455 476 490
23 39 40 86 107 112 126 132 187 195 209 264 304 368 374 409 429 431 477
11 128 186 225 232 260 277 295 297 304 344 360 370 389 407 413 462 476 499
0 36 45 72 83 88 135 140 145 190 269 280 301 308 327 338 367 401 443
32 53 78 96 143 149 208 227 241 242 260 303 324 411 452 460 481 482 490
64 77 81 98 185 196 207 209 212 242 245 252 272 280 290 364 383 432 447
3 22 36 59 83 109 128 154 155 185 197 208 249 390 409 417 463 466 498
0 55 109 134 166 177 208 218 237 288 295 299 305 334 342 401 451 453 464
62 100 103 179 193 230 254 260 262 267 271 285 301 302 359 378 412 484 492
30 46 57 60 117 144 190 203 242 274 293 296 340 358 383 411 436 437 497
6 18 36 47 69 139 150 180 213 249 275 279 324 342 374 390 436 437 496
20 74 131 134 180 181 246 259 262 271 294 297 300 395 400 404 462 487 497
18 40 121 145 234 239 243 270 278 286 345 354 375 400 417 418 427 447 490
76 109 148 234 249 272 300 343 369 385 387 403 412 414 418 423 425 462 463
49 107 109 142 148 217 218 234 261 298 320 322 323 334 341 382 396 463 473
29 48 122 134 165 167 209 233 242 275 311 312 334 335 352 356 395 443 479
77 121 123 192 202 223 227 235 248 260 285 287 312 337 380 397 407 426 499
4 29 45 49 59 112 119 133 205 223 255 273 311 324 338 360 423 431 444
1 17 44 106 109 141 144 158 204 221 228 268 310 311 386 406 434 470 475
6 44 46 65 88 95 124 145 191 256 317 366 373 378 382 388 437 442 486
29 35 37 93 109 133 152 161 174 188 196 229 239 255 302 324 370 401 436
64 69 113 129 153 155 162 174 175 227 230 291 302 332 356 438 459 478 498
49 133 167 174 188 235 244 254 276 301 336 343 383 415 418 434 454 455 478
21 31 36 63 84 128 132 137 156 182 184 199 223 226 246 305 356 379 425
4 6 19 49 105 115 132 136 137 154 188 207 310 336 340 433 434 474 494
13 38 46 64 127 183 186 249 255 256 269 290 296 299 380 440 451 482 484
22 27 36 78 102 128 231 279 319 336 382 410 424 425 426 439 445 449 483
13 25 38 81 131 137 142 204 226 243 262 277 287 409 420 441 451 464 478
57 58 81 105 124 134 160 227 228 229 281 284 328 337 367 375 385 438 454
27 66 91 124 162 246 253 266 272 303 306 322 329 330 347 364 430 436 478
5 33 42 93 96 105 127 158 175 196 216 245 271 339 401 421 446 451 470
20 39 53 54 83 152 204 218 220 240 263 275 288 333 343 345 373 378 437
105 107 108 112 159 176 252 264 287 303 323 352 364 375 412 471 482 488 497
9 16 45 49 103 107 162 170 183 216 228 245 318 340 374 376 377 482 487
2 14 26 34 106 108 181 211 252 267 270 324 353 379 399 421 441 443 450 487
7 14 29 60 90 98 117 119 172 237 283 301 308 367 398 413 434 441 450 475
56 62 79 110 111 165 167 207 212 229 235 248 307 333 346 353 357 358 363 427
45 50 56 97 115 120 241 248 263 294 301 319 322 334 376 380 391 392 434 457
82 87 93 101 110 131 201 215 218 248 277 288 308 321 331 385 392 436 479 494
4 8 25 87 94 110 132 134 153 231 254 304 344 353 360 400 408 440 472 475
37 41 62 69 92 120 129 134 143 144 148 161 163 221 301 334 345 381 393 431
2 15 23 41 47 51 72 128 151 154 173 195 197 276 282 346 372 387 474 486
25 50 55 102 106 123 157 186 243 266 276 364 379 403 414 416 422 437 441 443
50 57 72 77 114 134 169 203 207 277 283 287 300 329 335 386 416 430 453 484
62 67 122 123 124 144 228 230 247 251 289 299 317 336 341 380 431 450 453 495
58 83 95 154 174 250 294 307 312 355 360 372 375 376 390 392 416 421 437 438
3 49 116 158 190 225 249 254 272 323 325 335 351 362 418 435 447 470 473 476
35 93 104 142 161 230 264 276 295 330 338 356 392 395 398 400 404 461 473 496
0 4 34 50 79 82 104 129 158 160 162 197 231 293 299 332 362 367 408 491
1 2 17 23 124 146 175 209 220 226 239 264 297 302 313 360 364 430 485 498
70 133 140 160 170 222 224 263 298 300 317 328 330 355 374 379 395 435 473 497
50 173 191 196 243 295 301 303 305 307 321 331 363 377 378 396 402 433 444 454
12 14 25 41 123 148 152 172 178 187 201 226 255 311 327 341 349 361 399 442
12 16 19 48 56 143 144 188 222 225 255 260 276 282 290 326 328 382 400 425
5 58 65 112 183 199 204 231 259 270 326 345 350 353 367 394 402 457 459 466
21 75 80 133 159 195 229 246 270 291 366 375 387 403 413 414 424 429 432 450
15 31 97 108 145 165 178 249 251 263 295 314 316 371 384 390 411 426 465 492
9 13 29 41 49 117 127 140 189 222 236 253 271 289 293 318 337 374 415 498
20 45 89 113 129 161 174 195 198 210 223 247 254 257 265 294 297 332 420 426
30 35 105 116 129 130 156 160 179 223 234 259 270 314 335 409 428 436 449 469
18 33 71 80 108 117 150 186 215 217 246 272 275 299 379 384 405 423 470 482
9 34 38 49 52 65 88 106 135 193 228 230 236 264 296 304 349 431 464 496
5 7 11 16 55 61 81 106 164 184 204 268 274 276 309 314 368 394 435 448
4 5 98 122 145 147 151 156 162 184 225 258 260 352 396 411 424 468 477 484
13 21 40 177 250 258 271 277 307 318 355 386 395 406 422 433 440 447 484 487
7 27 43 87 103 104 116 128 133 162 196 227 233 311 316 359 371 398 445 490
4 49 60 63 89 90 116 132 142 153 171 195 291 324 336 351 449 470 484 490
91 105 125 153 183 222 228 229 244 245 260 275 355 394 410 458 461 464 475 488
62 72 86 123 142 150 152 177 316 319 365 381 410 422 434 446 453 472 475 490
4 36 38 40 60 189 262 282 319 333 337 362 363 368 369 374 389 411 440 462
2 7 25 26 44 60 105 163 230 240 258 295 297 352 415 419 439 465 473 476
33 44 49 113 135 141 242 247 285 293 298 332 347 365 369 373 426 444 459 465
21 118 137 175 210 218 266 278 304 307 312 316 342 380 401 413 445 446 459 496
56 72 73 74 113 116 190 239 240 251 264 286 297 308 361 363 400 447 455 472
13 59 136 144 171 173 212 226 235 236 252 303 306 311 336 397 443 448 491 499
0 52 53 56 61 84 105 120 211 216 229 236 256 289 320 358 369 417 443 497
14 32 44 80 97 132 162 163 174 249 262 269 292 293 300 309 312 410 415 440
26 37 50 51 52 135 137 173 176 211 213 241 244 268 274 310 315 328 338 467
7 32 46 56 86 111 116 137 164 209 242 247 263 283 308 322 323 368 391 462
7 17 76 121 146 178 220 250 279 284 304 306 307 311 322 359 382 396 448 493
57 60 62 89 129 144 145 201 229 235 262 319 348 353 377 411 423 438 439 494
68 83 158 172 179 199 233 238 272 309 333 337 344 359 392 396 417 420 456 489
2 36 63 149 153 220 233 235 267 288 301 319 331 338 411 418 434 444 456 476
42 66 94 116 119 134 151 155 166 170 183 319 347 355 386 430 446 475 484 486
52 67 87 140 143 166 168 203 247 249 258 269 276 286 330 333 375 410 474 494
12 84 85 88 101 103 134 144 230 252 281 296 317 344 350 368 377 384 407 413
18 55 62 109 133 159 167 209 246 259 260 269 272 335 346 365 379 454 474 486
24 45 66 83 164 187 197 254 291 302 313 328 352 356 368 404 415 430 440 477
8 24 66 101 105 109 142 150 171 219 241 255 263 288 297 332 359 382 396 432
39 51 85 126 134 142 150 162 248 297 312 314 357 366 386 391 401 457 478 496
23 72 92 167 239 294 316 329 349 372 401 417 423 428 430 433 436 469 472 499
3 29 78 95 121 126 137 154 168 222 280 307 322 327 345 370 387 411 427 445
113 125 126 158 160 172 217 220 246 265 275 301 312 338 348 409 426 452 477 490
1 15 26 28 56 95 116 218 228 246 265 282 289 290 321 336 388 414 431 487
8 15 71 84 124 126 129 132 204 216 236 237 303 305 337 350 396 446 493 494
9 42 44 45 68 72 91 98 197 262 272 273 305 316 337 362 405 406 438 476
32 39 84 114 194 269 291 317 331 336 341 361 372 396 401 425 428 455 458 498
19 50 116 118 134 184 223 232 295 313 326 349 355 371 385 393 403 407 408 467
6 9 27 53 79 134 141 263 276 284 316 318 354 372 375 392 415 430 447 486
31 42 48 78 104 165 184 197 199 254 278 308 313 335 356 375 379 417 449 498
7 42 44 47 49 64 84 102 128 148 191 194 268 275 285 367 382 411 455 480
27 46 47 80 135 140 167 201 204 208 216 218 240 371 388 390 396 415 430 477
43 54 66 94 97 123 131 144 153 170 183 232 299 330 383 391 392 423 474 491
4 47 51 73 87 122 131 140 182 236 245 248 250 275 297 349 458 480 484 493
73 117 162 185 186 212 225 232 235 252 271 283 312 325 339 372 402 405 422 449
11 31 45 48 57 59 163 177 192 209 223 285 289 293 372 373 431 432 445 458
9 25 31 57 99 107 135 170 174 192 285 302 372 410 412 428 448 484 489 498
38 125 130 175 199 202 219 222 223 250 253 287 288 304 359 383 384 388 440 490
23 97 117 147 153 160 169 186 192 212 216 224 240 242 253 291 303 441 460 464
3 29 62 67 96 99 140 160 181 190 223 249 293 315 336 352 361 407 430 493
23 34 107 142 185 212 248 256 295 310 329 345 373 374 394 465 470 478 492 499
30 34 82 114 127 136 143 189 213 236 338 375 386 394 440 455 459 484 490 492
52 89 125 137 175 215 217 223 238 247 250 291 305 310 353 402 420 446 467 489
35 41 74 102 112 120 164 179 193 246 250 274 277 331 354 365 368 424 462 472
