274 454
327 333
416 427
293 458
84 159
280 384
151 233
419 421
300 483
354 490
20 90
77 240
75 197
99 216
6 65
332 452
168 192
277 279
382 463
366 492
43 212
299 460
265 409
129 240
115 226
320 475
63 215
14 26
21 61
313 317
251 413
250 446
288 292
310 436
280 456
166 228
300 387
400 442
218 244
163 204
92 181
195 201
160 239
136 208
290 293
121 212
36 112
417 461
43 145
55 75
31 75
88 186
274 413
110 247
93 187
276 373
90 204
75 223
252 455
61 89
157 227
23 105
447 480
328 453
396 414
29 234
112 245
50 188
64 156
242 243
63 146
173 236
38 226
62 146
77 201
48 143
168 219
308 329
465 485
74 156
290 499
415 417
336 438
117 235
270 445
145 236
290 339
362 425
33 214
305 414
24 131
29 156
55 143
98 242
360 362
121 128
140 214
379 488
66 200
110 116
6 19
67 140
59 67
338 342
194 214
266 418
360 420
333 485
0 178
367 464
28 206
398 444
217 248
276 282
153 159
89 155
449 454
263 412
438 481
266 439
261 404
295 447
328 474
14 142
424 428
2 185
26 243
105 173
327 497
312 314
76 101
118 144
299 480
129 143
19 242
304 342
361 407
268 295
3 151
340 392
73 249
147 247
120 144
378 402
147 234
41 189
447 491
1 16
342 431
306 364
329 419
350 394
397 464
22 44
307 423
93 153
296 421
17 129
137 210
141 218
272 485
62 216
415 418
78 109
6 136
185 189
257 280
117 198
363 369
133 203
42 123
12 63
367 434
111 188
63 94
338 416
157 168
132 171
351 406
305 464
150 179
24 184
342 363
268 382
131 203
60 101
173 227
14 148
265 347
313 343
253 447
9 199
352 474
47 219
133 141
432 450
81 99
442 480
1 83
57 164
33 108
131 163
230 238
318 499
292 384
442 471
307 469
10 227
354 363
322 331
268 387
52 235
29 125
183 230
285 489
415 498
321 487
298 310
171 192
369 454
320 360
86 173
108 123
250 316
254 443
154 221
434 455
109 207
60 177
255 476
119 234
89 237
375 499
44 137
272 363
195 208
287 455
377 403
137 203
437 444
296 426
329 401
35 59
92 133
367 376
253 364
77 115
336 491
330 403
297 465
385 416
136 183
254 339
387 476
95 184
102 207
324 367
183 240
179 217
57 112
331 437
484 491
418 470
351 413
299 425
187 215
288 385
285 399
352 431
63 246
468 490
163 169
86 240
89 183
209 243
9 59
369 412
183 223
366 439
158 219
396 440
357 374
107 177
62 233
280 470
431 494
82 130
71 119
438 487
111 122
130 248
388 494
31 34
380 459
68 107
172 216
462 470
80 106
427 431
29 191
142 282 417
15 118 314
52 353 379
55 187 304
3 206 283
12 280 405
348 422 480
159 372 482
54 197 365
72 262 269
22 38 322
190 210 348
71 352 358
176 281 449
64 92 156
375 422 457
308 310 435
44 150 222
271 287 415
329 379 405
53 143 233
71 213 266
17 59 180
63 148 255
381 471 482
43 120 300
97 102 221
8 213 225
91 160 499
127 334 361
44 125 407
76 126 238
9 165 203
101 151 358
343 396 414
254 343 471
294 334 469
294 300 364
343 403 465
244 276 395
4 70 476
4 343 405
43 243 266
215 288 341
70 414 434
325 358 376
182 226 410
94 116 192
284 357 423
55 183 377
2 319 357
215 232 260
10 202 337
28 345 387
156 240 425
126 248 423
296 359 414
117 169 416
141 152 153
217 228 290
170 458 468
141 249 468
126 237 492
318 351 367
22 127 172
7 9 218
18 68 238
70 150 391
252 277 476
6 67 132
56 208 238
43 231 233
74 79 159
200 333 419
116 131 210
7 45 232
141 367 456
40 73 233
15 102 205
9 112 238
104 121 313
30 476 477
24 124 488
5 415 446
52 251 410
0 46 305
412 467 498
102 433 439
32 121 233
16 212 354
280 359 456
20 271 409
315 320 456
142 181 482
11 43 105
296 363 457
339 404 490
194 264 294
33 283 387
228 307 474
91 190 486
56 103 209
52 436 488
105 134 205
250 287 313
431 465 490
41 240 269
17 246 359
29 93 124
318 415 442
16 256 374
334 456 457
394 481 482
82 124 170
20 86 342
441 486 494
74 332 387
251 348 463
307 323 383
137 159 214
27 147 224
103 125 170
376 402 465
17 205 435
27 237 329
141 171 297
29 106 287
137 144 204
41 169 205
75 237 409
121 159 431
47 204 210
19 81 207
237 286 311
92 162 282
178 414 489
364 407 479
172 204 244
25 27 435
17 333 463
89 212 282
136 162 285
26 149 214
68 246 324
14 53 75
48 178 185
35 36 196
152 294 474
196 341 462
282 396 457
118 347 414
4 61 154
108 399 451
18 79 150
89 278 439
130 151 338
54 129 195
140 213 244
155 204 244
118 313 387
306 385 415
18 96 282
102 284 447
174 200 345
292 379 450
306 350 366
337 429 481
166 184 448
145 361 438
4 388 408
54 185 188
383 398 441
108 137 189
272 332 366
177 223 308
105 117 188
144 275 340
110 391 474
386 392 482
6 32 293
277 354 461
186 236 337
29 199 296
59 178 281
69 73 304
141 146 459
122 285 287
98 106 118
24 74 241
173 285 432
47 66 266
33 44 222
287 364 465
421 428 471
36 120 340
123 144 463
60 162 279
250 278 297
86 226 262
0 77 313
152 240 323
0 27 166
31 67 390
237 381 471
44 152 238
43 273 311
142 403 490
72 80 309
310 353 354
64 228 376
39 178 301
66 143 257
33 179 350
18 39 396
232 244 461
33 267 329
263 335 344
238 292 470
23 99 134
207 234 425
90 468 488
268 293 427
31 68 89
329 374 483
300 346 383
382 406 425
51 193 483
115 209 216
326 336 477
56 177 477
76 115 128
5 51 134
207 336 431
2 65 163
227 275 443
35 109 198
89 175 470
26 58 136
98 156 312
317 409 458
341 368 460
37 125 416
202 253 305
91 116 321
160 345 435
87 179 287
48 187 224
2 202 413
207 295 362
30 377 404
224 245 323
21 123 172
196 252 367
84 291 487
179 337 420
56 431 487
360 377 458
351 416 481
218 287 297
39 406 492
69 165 195
350 385 408
330 456 467
11 178 356
183 184 424
19 100 286
117 236 367
28 81 415
106 320 340
33 274 494
198 382 412
308 441 494
14 209 221
118 314 367
250 257 383
11 61 327
33 458 465
0 44 249
314 330 337
150 181 441
58 155 351
25 103 465
289 336 404
412 434 453
108 172 247
45 89 468
50 74 122
15 101 180
49 185 198
1 138 291
322 444 480
78 152 212
14 36 146
13 39 211
202 209 426
231 368 492
63 69 198
285 329 471
420 438 476
29 42 445
80 276 372 461
65 294 458 472
16 69 170 305
20 62 278 315
158 193 283 361
72 86 321 483
14 119 293 385
121 250 344 345
23 67 121 475
172 233 342 373
46 72 80 303
131 156 359 488
91 151 223 290
312 330 411 463
136 194 202 205
12 77 95 258
94 115 150 435
33 116 426 436
229 241 303 457
17 191 253 296
158 264 410 432
10 211 273 317
56 320 418 488
26 64 367 399
48 272 331 481
225 244 301 475
21 154 185 207
212 280 286 397
95 173 192 296
67 115 190 226
100 195 353 415
82 233 255 386
186 188 247 316
187 219 299 426
13 20 50 191
130 158 184 372
82 88 252 373
331 363 435 484
178 383 412 478
39 155 159 461
15 186 220 427
292 303 380 395
59 202 308 340
28 145 354 379
38 78 216 363
25 154 219 431
308 318 488 494
21 77 190 224
14 346 432 444
60 123 344 402
306 379 466 498
174 192 238 300
57 88 182 443
113 342 396 463
89 285 440 451
5 269 292 422
14 44 46 287
394 429 454 479
200 251 284 422
14 131 272 295
54 152 193 199
113 274 284 293
73 213 294 323
191 192 194 217
90 99 125 374
384 412 418 478
81 250 264 428
212 270 296 461
112 245 318 378
0 2 25 236
52 109 245 268
28 40 54 379
29 152 276 343
74 79 152 486
30 73 98 428
121 232 279 474
48 75 378 422
5 15 182 414
71 118 120 237
14 103 244 454
85 132 162 393
125 139 250 293
156 256 368 458
25 170 222 486
335 394 420 435
17 44 105 358
24 188 208 429
250 381 417 442
263 269 349 382
298 365 420 457
215 260 326 375
58 146 195 349
2 253 469 472
176 248 345 412
38 54 211 213
8 56 172 175
227 327 397 417
77 106 107 185
86 302 316 386
13 40 154 396
115 154 299 370
254 348 392 414
9 15 83 467
69 142 235 286
17 57 264 316
255 313 370 376
90 187 192 349
57 116 204 375
25 29 260 434
7 49 249 433
71 114 314 351
28 98 125 221
253 254 297 369
55 63 123 247
3 296 397 462
65 140 168 377
139 140 145 454
126 177 364 477
152 296 426 479
47 65 107 266
80 230 308 460
104 373 378 444
36 157 327 411
13 60 152 204
5 18 144 302
274 275 322 426
51 86 192 427
276 352 378 475
30 133 150 173
57 67 313 408
173 257 286 298
72 189 329 443
206 229 390 479
130 268 335 480
133 240 303 308
48 89 160 390
175 180 318 431
21 183 239 368
103 129 166 251
216 351 449 467
20 185 244 460
187 232 278 282
21 60 186 224
23 279 286 338
9 117 149 239
23 123 217 278
147 155 206 257
12 433 475 477
10 59 147 240
152 321 453 465
94 145 262 424
267 325 341 389
281 368 383 438
17 18 308 394
133 177 198 232
71 110 308 332
110 135 229 284
9 58 116 188
250 357 370 429
125 207 236 247
291 395 404 458
124 142 216 410
266 269 379 382
8 84 96 218
246 295 348 425
168 255 258 338
4 115 163 238
43 321 374 412
2 291 410 488
7 17 107 365
58 168 285 438
5 18 149 163
26 235 455 457
14 195 214 349
60 226 488 490
117 182 264 368
33 136 263 316
1 123 128 178
192 257 303 426
5 107 236 443
37 372 412 476
131 159 353 391
93 286 360 440
368 371 422 494
135 203 270 275
148 185 311 421
88 96 124 236
74 158 278 431
37 121 450 470
164 337 396 480
75 148 201 424
191 250 463 464
95 188 229 306
142 168 329 355
47 78 307 486
76 99 189 287
344 365 426 444
71 78 104 216
48 196 453 479
330 334 470 488
27 286 330 381 482
268 308 367 497 499
122 261 384 405 475
108 163 177 216 373
167 183 204 327 404
112 198 320 433 439
233 262 295 439 443
159 228 351 386 421
22 69 137 245 254
3 113 155 180 411
15 105 115 119 230
27 60 388 409 486
30 59 102 229 327
72 108 250 345 426
180 192 313 318 346
16 213 320 341 452
81 140 430 479 490
46 166 304 305 488
26 92 223 278 431
12 36 112 340 469
131 220 222 230 305
210 217 309 395 431
4 310 442 480 484
14 17 117 212 283
8 156 171 215 409
100 288 377 381 494
23 336 387 450 476
110 126 140 283 330
19 104 145 175 190
125 242 247 395 459
97 104 184 233 413
63 271 387 396 483
77 88 149 246 445
35 371 439 458 495
113 130 139 206 351
35 242 321 347 395
68 164 447 466 480
15 62 88 145 457
169 205 255 410 446
169 264 285 286 293
131 242 268 322 445
83 179 184 187 431
168 244 381 413 451
32 98 215 301 367
203 247 300 388 402
115 126 202 330 354
39 51 67 74 169
74 109 137 335 384
9 91 177 201 280
160 233 270 463 496
25 105 236 262 386
10 72 305 325 480
26 149 225 240 492
294 363 394 428 464
141 143 159 337 410
64 81 149 249 425
59 137 241 436 494
46 104 171 185 469
169 265 328 386 495
108 183 240 261 309
34 142 235 243 443
18 135 158 173 176
38 46 312 485 492
67 80 164 230 277
203 321 386 400 451
241 276 348 377 485
74 171 323 389 418
132 255 339 400 433
97 337 347 448 456
255 352 410 454 484
112 167 272 302 409
68 96 227 381 488
1 120 297 438 481
24 121 158 193 486
100 235 258 333 400
169 235 288 296 386
61 186 275 357 427
18 253 335 405 463
53 67 94 206 276
47 125 287 317 498
14 83 257 305 435
71 79 112 243 437
101 154 333 403 452
98 115 128 207 229
9 90 101 323 420
49 166 201 258 311
93 137 240 385 428
100 151 165 325 376
32 60 233 359 405
146 162 347 394 442
196 363 368 385 389
19 170 288 404 406
22 123 178 218 282
141 187 346 370 376
214 225 230 363 419
19 31 327 394 423
75 82 139 228 435
14 100 111 431 473
32 229 296 379 419
84 110 152 259 417
203 263 379 473 474
286 292 320 325 488
61 315 342 355 369
50 70 254 257 259
27 101 164 214 483
27 263 279 309 354
23 125 267 362 403
5 198 259 338 350
37 169 195 278 413
2 64 238 366 438
183 207 233 246 305
3 77 178 386 476
0 26 48 266 269
21 94 100 216 429
83 169 204 288 296
24 105 115 316 451
83 179 186 211 398
10 144 160 435 464
251 261 283 338 491
172 215 219 234 268
96 137 143 186 375
35 56 207 284 435
107 155 159 180 459
25 39 56 108 261
74 125 155 320 337
96 167 181 317 408
149 215 402 407 409
263 266 314 319 418
24 43 53 135 206
12 21 163 365 391
152 154 277 340 481
34 106 212 330 466
98 156 314 414 470
107 113 149 328 402
118 134 218 284 371
14 20 41 200 405
290 310 387 397 447
21 36 84 194 470
48 55 263 342 476
15 222 253 313 454
289 322 405 406 454
162 238 291 437 466
172 199 277 341 358
13 149 236 264 479
47 138 168 257 321
84 143 205 450 477
51 93 354 365 387
97 129 321 324 489
8 188 331 377 492
30 41 67 240 447
12 26 42 69 418
35 204 272 300 450
135 148 255 268 413
12 101 122 199 245
272 368 408 437 461
52 69 212 421 496
2 81 193 233 395
54 153 204 295 487
92 190 269 343 482
20 124 319 412 445
14 277 293 340 413
121 227 258 304 374
29 73 77 112 161
67 106 216 246 499
24 44 398 431 491
20 175 261 354 488
57 85 187 193 241
108 142 334 426 475
39 64 171 172 311
52 268 271 323 408
35 199 396 480 498
86 125 158 328 359
36 242 279 316 347
62 145 180 278 357
107 248 279 382 404
32 36 95 145 231
35 163 172 286 420
125 181 227 249 475
145 174 211 436 463
45 266 271 309 400
49 61 377 405 413
209 308 444 490 497
267 310 316 411 472
80 94 251 294 354
139 162 280 413 455
17 189 247 329 385
113 163 368 382 461
36 63 64 190 193
38 89 304 371 444
137 308 446 490 498
4 13 28 215 220
23 72 172 183 284
78 119 184 294 334
150 165 206 305 420
90 264 265 347 445
155 163 190 208 280
26 31 125 190 235
208 218 354 363 382
148 161 217 268 298
142 304 386 434 480
95 136 326 396 408 457
177 328 385 430 472 478
183 237 285 373 418 458
127 228 349 440 454 460
46 115 230 234 242 329
85 104 123 142 151 494
56 165 247 356 416 479
3 164 184 357 373 416
149 185 243 394 470 478
199 203 382 411 464 487
46 129 269 360 388 486
150 337 342 351 375 450
14 36 221 315 337 364
62 129 182 209 267 445
13 231 232 307 402 496
56 104 190 222 346 410
110 178 225 237 243 333
39 95 131 195 362 394
3 142 213 221 411 484
13 16 249 256 259 364
80 101 171 305 378 421
144 191 214 219 221 244
90 288 293 295 439 453
25 98 128 197 207 424
0 71 125 167 267 314
20 251 288 317 357 438
136 178 267 282 350 439
34 84 242 243 311 314
33 378 406 427 429 467
175 257 382 409 449 489
88 174 283 332 396 437
7 87 94 229 486 492
43 53 204 285 401 433
27 47 94 161 310 452
6 19 65 131 213 287
13 44 84 144 182 385
0 23 29 78 148 169
54 66 106 146 317 403
63 116 124 294 410 432
61 172 216 395 412 434
66 68 135 287 308 329
177 190 219 240 248 375
240 347 377 421 441 496
126 155 164 205 233 495
68 102 140 233 484 492
76 84 89 268 320 366
87 132 236 279 293 494
53 169 187 252 369 465
163 202 247 445 461 479
57 253 346 382 465 468
16 71 193 243 249 270
13 77 115 229 336 348
94 160 240 260 354 420
15 67 224 237 252 342
95 141 205 229 334 484
67 114 215 335 409 423
36 74 218 219 314 399
4 160 168 176 365 443
39 87 272 380 469 485
22 74 92 114 181 337
270 284 366 392 426 447
4 31 115 197 220 472
113 218 223 433 454 458
71 151 328 390 435 488
57 86 145 170 183 282
42 101 180 231 278 293
144 174 285 360 372 414
4 47 264 265 311 392
10 60 289 341 449 496
60 79 102 104 199 200
12 40 200 236 367 450
187 200 270 390 451 466
38 46 175 420 424 464
79 106 131 151 215 300
79 200 303 355 377 498
20 64 104 113 170 361
9 292 427 441 456 462
79 95 163 239 254 477
166 189 197 289 299 486
103 179 324 394 407 439
116 132 141 160 220 415
8 284 457 469 473 479
279 309 322 346 432 441
92 93 146 216 267 390
41 202 313 329 373 446
5 53 128 137 164 254
106 117 121 213 233 407
16 104 205 335 475 488
52 223 381 415 478 479
133 136 156 411 475 480
10 165 168 183 193 461
132 272 297 367 433 447
130 143 157 202 247 440
50 75 228 295 406 472
13 46 185 209 218 231
102 143 156 167 293 365
31 61 64 166 228 335
4 33 79 255 327 369
49 99 263 269 355 415
105 175 240 292 352 445
131 275 348 370 424 427
260 263 359 388 394 420
45 67 180 185 294 479
0 197 216 380 427 460
170 317 346 377 454 458
56 219 285 332 391 436
12 109 186 203 246 318
9 36 105 334 366 456
132 235 299 349 402 490
229 259 346 406 465 468
35 131 268 475 481 486
43 81 205 297 373 469
262 291 310 382 393 401
10 83 254 323 409 422
59 83 145 317 319 375
4 221 251 323 434 485
19 130 143 160 168 199
53 75 208 323 340 476
15 163 295 307 312 380
4 30 220 326 422 498
29 91 306 376 391 489
80 123 263 337 485 497
14 56 70 244 459 463
96 103 105 155 251 318
228 301 379 405 422 460
213 230 319 320 321 403
92 151 181 258 421 444
153 275 320 420 464 490
151 249 275 334 351 412
8 103 176 249 255 261
10 67 70 109 450 460
45 56 71 99 170 198
20 21 22 80 141 197
6 146 216 345 370 410
28 144 194 232 355 416
26 132 292 299 341 493
25 27 90 167 213 264
191 271 280 338 383 455
15 24 77 292 394 434
47 91 96 206 356 443
11 22 53 70 157 177
104 155 207 214 314 373
63 264 292 334 374 417
40 51 59 167 170 175
69 133 338 437 455 471
72 171 305 312 338 370
80 94 235 268 429 446
203 205 220 312 392 442
60 64 202 245 310 385
49 51 75 80 177 243
230 241 272 353 376 390 453
104 110 196 292 320 453 454
271 284 293 355 379 476 481
13 120 139 147 210 328 396
16 73 101 177 241 415 495
12 26 145 178 222 321 454
75 113 129 140 146 324 355
77 224 257 277 337 395 463
140 397 406 458 473 475 496
25 233 279 302 373 394 451
7 108 199 341 378 379 452
19 72 173 287 422 443 470
75 181 208 242 305 377 448
19 27 95 116 177 228 458
56 110 154 242 356 357 450
13 145 177 251 357 400 428
196 274 347 356 372 484 492
50 259 260 268 330 426 496
83 88 183 207 425 464 497
15 119 130 161 266 267 386
17 91 216 267 418 427 437
3 105 217 373 392 404 439
118 228 257 261 300 350 414
49 102 146 157 159 388 477
77 113 117 150 174 430 499
15 48 107 307 348 372 413
33 171 287 341 421 439 470
131 182 325 363 364 380 469
16 137 142 159 185 188 241
92 164 319 443 470 482 498
10 64 130 207 227 267 328
42 57 65 122 147 201 284
119 151 167 227 234 290 328
8 72 250 270 394 441 463
121 139 160 288 472 480 492
181 196 200 332 415 426 465
6 7 152 195 365 408 433
11 26 34 85 92 139 394
18 26 161 233 234 292 492
1 182 208 234 244 329 452
73 132 133 159 343 363 443
14 252 292 304 319 333 432
139 213 257 269 318 361 420
37 164 200 253 345 476 497
1 181 192 299 348 447 456
2 75 95 179 237 450 493
50 70 205 210 244 295 333
66 153 188 227 317 353 439
4 22 23 53 216 282 371
13 66 163 253 315 437 467
38 135 160 161 170 320 481
55 104 140 189 310 349 465
274 292 304 350 406 438 480
33 61 80 103 198 206 259
96 106 314 426 430 473 476
135 252 259 358 367 377 458
30 37 75 161 258 431 483
20 45 115 250 280 458 482
175 212 294 311 348 356 404
25 38 238 269 274 335 358
16 102 128 216 262 331 388
8 20 79 100 178 248 420
115 146 185 233 282 309 469
38 189 263 267 287 332 452
28 155 288 472 476 495 497
137 265 300 301 369 388 446
28 98 149 255 352 436 481
4 49 53 102 204 440 499
155 201 219 280 387 464 497
183 221 311 364 431 488 490
51 56 115 213 238 450 472
14 49 246 258 349 383 470
23 53 192 266 306 393 480
26 177 319 396 437 453 475
160 241 388 448 480 481 493
15 60 77 92 237 372 398
110 125 143 189 217 245 438
97 157 160 211 232 243 415
45 83 141 168 440 442 459
115 130 202 237 327 340 438
113 135 239 256 314 407 459
9 34 115 200 294 389 421
18 108 181 272 285 357 439
110 153 211 350 357 493 499
115 262 307 313 441 454 484
50 74 92 227 451 466 470
80 105 158 224 254 329 487
2 51 96 141 231 232 422
21 142 257 304 338 363 427
28 48 57 132 205 321 491
60 142 226 272 377 413 432
98 257 305 314 383 484 492
33 129 207 214 257 357 377
44 63 113 231 313 368 469
78 96 141 184 196 452 483
177 220 339 388 409 465 493
36 83 91 105 299 335 343
22 40 65 105 302 411 475
29 98 148 159 228 392 472
141 147 163 164 391 399 452
40 265 271 273 353 394 452
24 72 77 118 219 245 278
100 123 174 177 228 375 457
47 93 195 237 428 487 498
52 128 252 342 357 466 497
55 225 245 252 316 393 473
38 72 268 285 304 367 438
53 147 219 225 308 349 426
27 50 53 127 253 400 415
101 229 279 297 365 455 493
115 261 263 269 394 404 443
35 89 114 285 344 362 459
40 115 143 304 383 397 444
3 60 164 177 185 352 368
214 292 330 364 370 423 453
59 66 71 335 422 425 450
15 55 61 144 195 251 292
67 68 120 125 228 291 424
71 80 124 284 371 374 406
14 144 265 343 378 380 476
26 34 104 171 242 274 496
57 101 105 212 266 315 489
28 47 102 191 201 260 405
166 186 251 349 362 412 460
11 21 53 126 196 402 492
136 220 289 328 406 438 474
18 48 99 143 213 331 431
54 136 165 220 242 415 425
2 62 140 176 229 243 279
25 46 127 203 348 435 484
67 121 182 190 217 424 462
53 69 159 221 260 404 414
33 164 196 257 260 368 435
29 72 83 120 179 252 314
77 120 257 311 368 401 403
40 70 157 208 269 342 430
89 154 305 343 424 430 463
11 12 194 291 375 383 494
59 66 261 378 468 479 491
59 95 172 376 404 408 471
37 65 74 120 162 386 440
46 50 96 224 234 242 487
42 118 156 251 320 364 369
60 74 130 176 221 282 445
18 100 288 394 403 464 480
277 311 316 341 358 442 474
71 209 227 237 303 348 452
124 224 259 266 311 361 420
47 213 331 340 391 429 432
20 60 203 355 357 443 472
144 182 207 315 331 384 443 460
187 357 370 382 402 416 425 454
83 138 158 176 260 381 385 456
68 132 142 231 334 379 392 487
7 50 73 205 225 295 403 429
56 65 135 153 192 243 364 457
1 58 76 117 162 238 292 425
228 251 282 292 302 308 311 369
2 50 158 253 293 347 360 472
107 135 247 296 391 400 438 479
146 169 255 261 344 356 374 414
25 99 260 268 273 431 440 493
73 115 199 226 428 433 447 451
13 22 35 41 103 174 247 385
75 164 283 363 415 463 492 498
13 146 219 268 404 439 464 481
17 119 154 218 317 397 419 420
82 151 215 293 316 430 474 489
29 77 149 210 248 401 432 473
56 115 159 266 291 303 423 457
56 161 240 343 372 396 480 491
120 130 177 316 325 327 338 489
42 43 64 179 281 304 402 471
43 56 63 198 286 341 396 402
6 25 80 270 298 392 462 499
81 90 114 140 197 245 258 452
19 31 72 319 351 391 419 488
2 34 58 142 161 210 245 351
45 136 157 183 224 380 451 480
86 222 330 335 340 352 441 456
25 31 34 50 247 376 449 492
16 132 142 145 297 317 398 498
83 223 262 334 343 417 433 470
0 32 59 219 291 355 358 377
7 67 123 151 168 317 397 403
18 116 334 339 354 381 391 484
6 81 350 374 401 457 476 488
95 167 181 290 307 373 378 440
55 74 118 208 241 243 251 253
24 58 92 99 217 269 321 343
80 157 168 206 272 329 445 475
34 146 156 278 337 350 365 475
130 182 191 218 223 287 445 455
20 34 128 179 269 327 366 436
22 56 135 157 195 233 309 467
50 117 159 181 200 320 401 417
7 183 187 222 304 427 467 497
50 67 196 291 325 357 432 467
90 139 193 216 237 332 363 489
245 308 320 361 385 405 408 451
86 115 126 212 272 294 312 397
83 130 226 351 402 450 495 496
29 35 349 355 399 414 443 492
49 112 153 164 185 237 424 472
24 44 142 220 239 333 364 451
141 179 206 284 340 376 419 421
12 211 254 307 318 332 335 424
30 43 85 132 267 282 333 416
8 90 112 160 189 233 244 249
14 186 189 197 271 326 391 477
6 81 97 192 218 267 318 490
102 106 147 194 200 231 445 489
60 94 145 171 190 360 395 477
63 126 150 186 190 304 368 387
19 51 67 79 159 247 311 493
10 61 119 205 377 432 438 484
55 122 210 378 419 433 452 479
31 41 99 107 157 306 453 486
4 12 65 76 182 194 329 349
58 124 127 138 247 306 336 479
72 155 247 302 303 327 383 439
27 69 229 336 381 387 433 484
81 124 154 330 345 421 467 486
1 115 187 248 268 388 405 456
91 146 186 194 294 370 448 462
163 221 229 252 253 388 431 469
5 7 225 303 351 361 430 440
8 117 171 218 288 435 446 478
75 95 103 244 264 288 356 489
56 79 97 121 171 206 366 499
101 154 172 294 342 419 422 465
5 44 135 139 160 201 382 432
7 11 247 250 296 322 412 493
13 83 226 263 293 426 450 452
6 35 224 259 343 397 425 433
28 29 55 81 168 207 234 315
25 30 40 98 302 383 436 443
7 115 156 211 213 218 221 358
37 74 102 162 206 350 413 487
42 126 209 236 237 287 401 452
103 140 203 250 253 256 323 468
60 61 73 154 217 235 385 424
12 163 178 229 265 358 397 453
16 108 142 185 206 257 477 496
19 25 38 86 260 355 402 428
123 124 201 267 314 390 433 435
64 83 88 130 159 166 197 322
1 4 95 156 185 306 349 495
110 116 127 207 218 298 394 458
51 67 137 201 253 461 466 477
74 130 163 213 367 386 410 493
34 102 201 261 271 455 478 487
18 42 71 98 158 246 420 480
174 186 284 300 308 323 417 449
12 60 132 189 246 316 355 484
57 177 236 259 330 396 436 475
32 137 262 294 332 335 430 448
52 114 152 171 172 230 431 456
117 139 361 371 391 421 431 443
27 41 68 190 198 294 405 430
10 16 51 102 168 419 430 474
185 233 260 286 299 313 323 386
209 244 284 316 319 344 421 427
8 47 192 222 248 299 377 494
32 86 101 112 126 183 289 363
2 81 138 210 315 327 338 452
27 134 224 239 383 415 430 451
56 103 121 127 150 378 428 446
20 143 168 176 191 248 322 394
69 166 192 206 309 418 477 487
57 105 227 310 320 387 391 422
176 280 293 308 351 369 390 486
35 60 130 229 350 354 367 487
280 281 295 317 389 406 462 495
24 33 53 73 208 352 357 421
29 73 304 324 355 433 447 483
13 95 132 295 306 313 452 470
24 126 239 325 415 452 486 495
129 181 196 235 255 276 338 463
7 21 72 74 104 183 313 392
9 99 113 187 215 298 462 470
25 43 51 60 67 151 395 411
9 57 124 234 281 339 353 481
61 100 105 317 346 487 495 499
71 176 332 423 432 435 462 496
29 241 248 260 286 292 312 447
9 39 70 84 107 127 344 495
106 187 207 242 271 314 346 402
60 66 266 318 382 392 397 499
6 48 102 282 336 373 407 410
132 242 268 275 318 439 470 481
60 116 190 273 287 327 369 402
52 62 101 133 199 217 337 423
19 174 239 337 366 467 474 490
10 45 126 275 373 374 461 493
30 33 114 161 248 292 357 439
85 148 171 263 292 348 392 435
58 247 275 297 341 345 383 422
28 62 159 190 238 261 435 490
4 183 208 250 291 318 352 383
12 43 295 302 332 359 415 428 430
64 101 107 178 243 295 313 408 466
23 30 82 108 195 219 229 387 454
0 1 38 45 82 84 110 235 481
105 159 258 335 361 382 427 440 480
23 91 123 178 224 228 319 327 395
22 57 74 77 139 161 257 278 468
48 157 230 299 310 354 364 424 481
144 175 213 214 269 351 355 378 481
20 227 262 296 304 330 416 448 486
115 144 186 246 349 380 399 411 434
8 74 81 182 202 258 410 414 457
39 283 292 329 424 433 447 478 482
10 153 200 268 315 371 401 411 420
66 83 163 176 271 293 390 434 457
80 97 134 175 188 228 328 448 481
33 245 286 292 309 431 434 447 479
27 115 123 157 241 278 285 317 371
67 133 190 207 208 234 239 261 302
112 120 206 335 382 407 468 495 496
33 45 50 71 81 99 116 174 423
105 118 120 143 146 175 264 276 289
99 256 281 347 349 376 414 456 487
24 98 202 300 355 462 493 494 499
95 210 224 263 283 303 329 369 492
62 194 212 247 260 319 337 357 388
21 94 116 147 178 206 362 426 446
9 75 90 389 391 415 424 474 479
179 227 310 319 328 342 370 477 499
11 87 94 176 190 206 264 290 378
16 103 257 271 357 361 424 427 430
6 99 101 257 344 394 426 444 483
3 54 115 147 148 179 292 407 458
55 63 86 157 186 282 305 370 470
54 95 115 189 295 309 317 358 450
89 141 156 345 365 367 398 461 492
16 150 156 185 340 376 436 439 473
57 74 95 113 183 185 424 429 471
82 219 230 256 332 406 407 428 485
71 164 246 279 325 332 415 417 458
45 75 171 245 253 262 343 432 484
17 67 118 205 235 240 327 334 410
41 65 151 260 283 314 439 458 490
97 112 117 125 138 231 256 437 472
4 78 121 222 299 349 432 446 473
96 137 175 176 212 220 353 425 430
37 173 194 214 253 279 306 435 491
130 228 269 282 337 348 372 417 476
13 77 126 160 170 230 272 278 449
23 162 346 398 416 426 461 479 490
59 62 77 128 156 288 313 415 430
116 261 332 368 388 399 457 458 461
79 89 189 316 329 414 462 472 479
34 77 141 159 213 303 356 476 494
5 213 281 282 307 373 390 429 484
208 261 311 358 371 376 446 452 463
35 93 130 160 186 275 314 418 471
89 106 197 266 277 291 397 453 486
14 193 202 204 232 367 429 437 455
152 167 180 275 341 354 390 434 496
75 176 197 253 289 307 322 328 403
31 50 116 126 181 275 277 301 365
30 37 115 176 216 234 256 322 463
13 39 126 194 218 227 335 365 403
43 46 63 82 125 251 345 435 441
143 184 300 372 413 418 421 461 497
58 76 95 161 171 191 354 398 414
11 55 138 163 252 310 336 349 424
4 78 111 183 207 234 252 337 399
145 197 267 279 353 376 381 429 444
16 139 191 205 222 228 240 478 484
130 147 164 182 218 386 397 446 485
6 72 106 153 200 351 380 383 408
39 174 180 218 393 396 437 476 490
39 46 221 237 250 252 275 286 379
8 56 196 208 218 241 355 373 419
29 42 129 145 173 228 326 428 453
43 58 85 120 143 202 269 318 374
32 174 215 254 280 292 333 343 362
69 177 229 232 251 300 344 401 417
0 146 199 267 268 301 390 404 418
26 36 190 256 313 316 344 455 458
83 100 106 174 191 318 326 465 496
97 105 117 118 192 220 332 404 477
49 74 90 129 328 333 338 343 456
33 39 86 94 112 121 249 363 418
165 240 290 306 360 369 409 425 433
49 139 256 257 316 344 377 450 463
21 131 173 265 312 354 366 418 466
101 137 260 261 290 317 382 397 414
26 207 232 238 342 401 430 445 453
25 56 110 195 232 250 299 331 478
46 81 129 184 238 251 256 257 337
63 64 78 107 149 241 247 259 345
60 103 198 217 226 285 319 366 443
54 204 340 344 350 380 392 443 499
103 104 110 115 116 231 374 420 464
50 86 112 172 213 215 326 393 411
7 90 132 195 277 305 308 351 491
9 48 130 247 263 324 327 374 491
153 178 240 253 275 358 456 461 465
96 98 124 197 207 272 305 327 350
49 62 152 161 198 215 219 285 421
7 26 38 52 128 189 221 244 484
102 176 215 222 256 327 356 404 452
48 114 140 306 337 344 412 418 438
115 139 199 232 249 271 379 439 462
26 40 81 121 159 190 233 330 414
42 278 290 340 362 364 412 436 454
24 91 164 181 222 244 247 311 365
21 25 34 100 114 171 187 221 294
8 27 143 170 189 239 284 291 494
68 94 102 131 188 350 431 450 489
44 47 128 141 284 382 414 422 428
92 154 218 316 349 384 396 422 452
91 162 179 329 398 431 471 476 490
18 24 85 169 186 192 226 413 447
85 107 253 295 375 394 412 416 448
131 139 175 276 285 308 345 422 423
24 34 173 181 201 215 218 222 230
49 58 101 134 143 195 273 289 341
27 108 245 325 346 365 393 446 471
16 50 76 90 217 245 378 386 492
6 51 74 97 225 246 401 403 412
87 88 108 306 325 342 355 438 476
57 95 263 280 292 293 304 339 375
60 135 144 180 184 277 318 366 474
122 175 223 232 269 298 361 380 467
1 58 59 245 287 356 419 431 467
25 32 163 166 266 275 310 318 377
6 237 272 322 336 355 364 391 421
54 73 86 108 178 183 269 310 396
48 119 137 280 284 321 355 421 432
29 31 52 97 232 319 375 387 400
66 108 109 139 155 241 258 377 487
45 60 106 116 162 186 201 386 388
74 106 161 185 261 274 295 318 493
7 134 147 178 195 248 278 331 440
11 54 270 279 282 303 388 414 479
28 63 74 176 181 204 318 322 373
86 180 233 250 286 288 295 298 329
29 92 147 199 278 395 400 465 489
28 42 208 269 308 375 396 404 444
65 78 101 193 216 240 396 429 459
3 5 31 143 144 202 270 298 334
45 154 215 222 243 299 338 454 498
103 159 164 176 227 247 268 294 409
35 188 240 265 268 278 407 422 432
20 60 101 144 298 364 455 470 493
55 141 226 260 277 299 348 406 407
102 118 120 188 211 238 331 379 384 438
73 166 237 243 295 296 320 327 336 427
37 47 119 149 169 175 182 184 250 450
36 82 136 141 231 285 325 328 361 436
87 153 191 307 331 332 367 421 448 470
43 118 151 187 189 312 329 392 430 479
93 127 165 232 276 345 388 405 418 423
24 62 146 173 206 232 332 419 465 487
10 102 128 148 206 243 266 275 282 329
133 180 231 277 373 390 393 423 469 473
10 29 61 108 120 256 292 301 302 326
23 41 100 120 237 262 324 338 339 379
57 59 109 128 223 272 282 364 377 435
168 178 288 322 353 360 379 389 412 453
26 86 144 181 266 289 415 434 440 474
1 24 70 121 129 211 253 263 266 481
50 159 313 322 409 422 442 465 467 493
53 81 98 173 174 206 229 367 375 438
57 162 267 286 330 336 354 360 469 471
118 164 193 194 275 335 364 385 446 499
63 86 90 129 183 240 291 310 312 329
88 177 195 223 260 275 281 391 403 448
20 97 121 125 195 288 321 353 392 393
1 22 62 88 121 171 222 260 319 458
29 71 98 216 298 311 320 328 335 419
25 98 109 155 227 290 307 346 396 433
6 24 50 81 137 141 221 367 418 477
21 64 152 237 239 297 370 372 399 487
54 137 143 174 204 292 343 351 470 473
57 63 114 165 200 301 351 397 438 494
2 50 179 209 253 273 325 338 415 479
25 46 60 132 230 257 296 332 454 487
4 75 105 255 323 398 418 436 461 487
30 141 152 376 377 396 402 421 445 455
66 154 230 232 288 328 336 376 413 429
65 115 247 256 309 318 369 403 409 417
5 6 21 35 76 78 221 394 402 489
33 68 168 203 258 281 328 362 421 479
42 62 65 137 304 310 318 320 359 412
18 54 80 185 219 285 311 414 423 438
160 168 216 239 257 318 329 349 359 389
6 11 100 141 155 182 188 231 287 368
139 216 218 260 364 385 391 466 483 496
34 47 52 98 123 220 235 325 347 389
16 136 250 369 377 389 402 420 442 469
155 251 259 269 290 453 465 470 473 474
13 114 144 195 215 275 356 462 465 481
8 61 92 175 194 210 229 251 376 414
31 100 162 201 289 314 364 366 383 470
8 20 35 76 110 113 209 226 265 478
29 73 110 194 217 283 329 357 381 440
109 138 144 149 165 166 191 250 393 460
57 152 218 222 231 267 366 394 403 497
38 148 202 243 269 328 441 465 469 492
61 114 215 223 275 376 393 398 408 491
68 132 144 204 259 284 356 372 396 443
10 16 195 253 279 338 343 360 403 460
83 134 162 172 187 196 331 362 452 467
100 151 328 349 351 363 373 408 418 494
86 138 176 258 320 370 392 417 440 443
4 33 117 149 276 278 323 324 413 466
3 64 105 166 199 305 352 384 407 470
104 115 200 231 351 422 446 448 456 474
15 77 83 200 215 281 311 316 328 434
18 143 211 231 234 236 293 303 414 470
8 82 142 183 198 277 335 376 431 444
16 117 119 164 186 233 266 278 330 423
93 109 219 226 242 249 270 313 446 448
5 49 61 91 92 164 171 230 372 491
143 164 172 211 260 291 302 428 436 450
13 37 59 153 240 306 358 426 452 473
17 104 125 131 207 347 363 383 387 425
22 77 124 164 209 236 276 309 317 424
133 174 215 263 289 295 300 301 306 335
25 62 92 172 244 253 260 339 430 481
4 25 98 143 252 257 314 348 463 472
50 112 155 223 242 289 290 401 473 486
25 41 226 260 270 320 321 339 426 494
9 22 143 155 275 289 294 311 416 478
55 95 189 336 349 351 425 433 435 496
44 83 247 258 262 277 434 441 442 472
15 58 78 102 130 135 193 219 289 492
8 29 31 106 133 140 198 319 361 395
22 44 86 100 315 379 383 415 417 449
51 71 116 149 250 280 286 357 452 473
3 110 159 245 295 303 312 380 385 400
31 58 74 119 216 247 294 317 348 436
33 85 92 107 128 242 306 330 337 491
40 49 84 167 176 212 220 244 253 263
18 30 45 145 225 274 320 409 420 424
4 121 133 136 152 221 272 331 367 493
13 37 147 209 250 252 277 305 343 483
75 76 97 120 130 138 179 274 336 361
91 119 137 192 205 242 268 269 477 493
29 99 103 174 261 324 347 384 453 477
40 44 77 128 154 164 175 264 387 422
42 139 178 216 231 266 269 374 381 420
110 186 240 264 267 327 365 392 471 488
27 186 214 253 268 294 340 365 456 466
10 18 19 20 80 132 263 376 433 459
0 23 139 163 233 301 316 322 340 464
12 28 84 103 104 339 360 437 476 498
3 12 164 219 248 284 300 372 423 451
31 51 56 141 145 238 305 358 369 480
53 56 223 243 261 345 367 415 489 491
3 25 101 124 162 175 300 322 346 451
79 109 241 263 305 341 397 430 435 448
35 87 244 308 377 378 427 452 465 470
40 53 57 163 220 330 445 455 465 479
58 91 263 297 324 397 433 449 452 459
36 110 113 184 192 244 372 395 425 435
21 36 50 179 199 296 349 385 447 489
42 249 265 318 336 377 408 422 452 460
14 32 153 163 188 228 273 315 333 477
13 25 43 65 204 242 290 376 473 497
94 106 111 128 239 252 283 294 317 321
23 101 128 167 198 318 323 465 466 485
7 22 25 45 106 142 202 247 352 354
12 21 25 164 197 234 250 310 363 365
6 23 99 173 180 355 418 424 438 453
124 166 259 274 289 339 355 411 458 474 491
80 97 157 186 191 195 278 279 389 452 459
90 116 125 151 222 257 333 355 358 446 472
83 99 213 228 231 235 283 422 425 442 446
101 111 212 215 295 313 317 377 387 399 425
85 218 298 303 322 341 376 389 418 466 467
14 21 102 106 119 150 176 183 199 212 234
55 130 170 171 180 237 267 306 352 476 477
1 5 6 12 40 124 126 268 296 376 451
3 43 88 123 152 170 267 363 376 399 465
42 64 78 86 202 249 272 288 342 372 391
17 110 164 195 292 313 319 381 394 445 495
67 70 72 110 217 218 265 344 395 470 485
33 34 60 83 89 204 242 291 433 456 485
49 81 94 146 162 202 242 260 266 305 480
0 61 99 195 197 233 260 341 375 397 483
25 71 144 145 192 294 295 309 373 388 396
115 151 208 328 346 351 373 386 408 415 452
8 62 128 271 275 344 425 437 446 459 495
51 99 135 145 166 258 269 286 298 356 475
17 29 54 175 306 329 363 368 390 411 441
7 37 70 89 109 113 156 197 324 352 425
14 110 114 194 267 387 388 414 424 457 494
9 54 56 73 100 126 201 221 346 373 394
84 110 138 186 241 360 379 415 431 452 454
29 76 86 94 225 238 290 339 345 439 472
16 71 86 122 168 184 186 192 325 341 457
17 27 72 82 150 151 192 234 253 329 350
82 118 122 146 175 219 315 358 399 406 430
83 94 101 114 175 255 280 289 324 394 450
11 46 113 119 209 272 305 320 351 412 471
24 43 70 160 165 203 218 295 302 437 451
50 152 167 199 253 260 291 309 321 396 406
73 78 124 151 248 286 288 421 427 443 479
74 127 271 285 321 345 367 442 464 472 489
137 147 149 163 269 276 359 401 403 445 468
9 31 47 106 121 204 243 264 295 300 446
95 104 111 122 142 199 202 317 350 352 358
27 62 148 161 219 250 287 387 408 418 490
123 137 166 224 226 240 284 319 345 389 479
41 110 164 182 233 257 281 307 398 462 479
7 56 57 111 182 188 214 294 304 308 443
108 132 202 249 282 304 332 417 435 487 489
46 92 188 306 314 334 366 405 406 437 478
86 87 98 190 217 267 289 304 347 372 389
119 137 149 189 217 243 337 339 346 390 419
30 143 146 196 258 317 322 431 470 472 476
33 45 180 300 302 357 371 433 458 474 489
70 85 90 167 248 305 365 372 441 449 496
41 57 73 223 258 312 350 359 370 426 491
8 27 42 100 132 154 167 196 212 238 282
10 100 155 235 242 305 314 343 345 381 472
38 51 80 82 148 183 188 194 213 315 371
5 155 167 182 195 248 251 292 316 398 493
34 36 75 160 161 235 295 367 426 473 496
76 79 151 171 277 351 376 387 441 462 469
133 141 202 237 259 260 333 348 363 414 471
6 80 162 172 209 214 258 366 427 445 497
58 98 115 151 152 153 220 285 290 339 459
3 39 56 65 71 120 195 198 244 393 498
18 80 100 122 151 261 305 325 433 453 459
25 63 64 74 209 328 369 444 469 473 484
0 59 161 169 243 340 362 398 457 490 493
67 93 119 145 386 403 420 464 468 473 485
4 52 72 115 131 247 249 312 330 353 367
127 158 172 179 206 236 250 317 364 416 461
32 52 93 110 111 123 128 171 218 343 465
49 65 67 101 187 223 228 231 239 437 495
12 36 43 266 311 337 362 413 432 447 468
63 78 160 161 201 219 250 264 307 327 426
85 103 121 144 159 182 188 317 336 423 474
82 146 163 173 234 239 282 378 394 466 467
51 91 134 213 246 326 337 361 411 473 496
103 155 265 293 359 370 429 459 466 483 489
23 25 93 191 253 258 259 388 424 431 479
0 20 63 140 142 181 185 249 268 326 363
51 61 109 172 175 391 412 420 465 482 499
16 55 61 71 112 212 214 216 239 285 344
107 256 285 291 341 350 355 393 435 452 456
68 88 141 167 209 236 237 247 279 333 441
89 93 178 199 221 224 227 271 295 312 450
5 9 22 47 55 82 136 213 255 295 400
75 100 194 255 315 360 367 403 434 439 467
33 134 136 143 210 224 274 302 341 356 462
52 55 72 139 150 160 294 296 302 352 416
33 100 149 184 228 260 282 417 449 451 491
2 9 25 82 114 131 132 139 211 238 452
30 164 166 226 236 306 321 322 376 411 490
53 58 76 110 206 239 318 342 372 461 475
8 120 171 287 307 376 394 438 462 492 497
54 63 136 308 329 349 355 361 394 423 461
14 24 49 122 126 223 274 329 358 379 453
69 135 157 199 225 249 283 320 402 476 490
48 120 180 224 252 370 444 451 473 479 490
33 73 97 249 250 257 301 310 381 398 414
37 53 61 125 166 348 417 472 481 490 493
10 59 107 191 235 262 302 308 334 416 436
73 98 105 140 149 272 323 387 408 429 476
33 36 187 246 253 265 318 345 378 463 473
87 128 184 217 257 271 279 336 411 412 450
80 97 191 206 227 303 325 404 452 475 476
53 134 161 163 175 268 324 332 409 432 468
27 37 189 239 256 268 273 373 396 397 434
11 15 83 154 187 207 229 334 351 364 464
21 122 145 227 252 363 371 406 417 426 444
62 63 64 273 330 351 354 364 462 474 494
25 204 245 247 257 319 333 338 481 482 486
60 69 76 86 137 141 196 382 453 469 499
3 112 139 171 226 247 271 276 325 405 496
36 59 63 91 104 164 315 344 399 416 497
14 48 123 344 345 370 393 417 424 442 480
1 13 25 42 57 114 187 241 396 438 460
90 98 131 203 214 321 355 369 389 403 496
14 32 60 65 129 147 200 258 279 439 465
40 100 106 109 147 169 188 201 263 473 496
65 70 87 145 226 248 260 264 309 326 405
32 85 109 115 315 320 372 390 446 463 483
59 71 75 97 122 160 227 249 290 336 440
63 164 237 247 273 277 313 400 433 466 473
78 149 190 191 212 232 302 322 333 355 465
67 212 226 227 246 285 290 292 422 450 465 489
2 12 24 31 185 220 258 280 282 323 420 422
15 43 85 89 105 164 234 308 406 417 434 490
0 44 51 128 135 177 232 320 350 372 419 496
19 168 229 253 286 289 296 305 325 361 385 392
54 98 146 149 156 203 265 309 313 336 356 396
9 27 123 153 166 178 227 256 316 433 453 477
30 201 294 362 385 410 412 424 425 437 457 484
13 122 135 208 232 238 313 335 355 375 420 429
25 57 100 179 183 221 329 351 355 359 391 410
25 50 77 98 119 139 279 300 303 401 454 472
51 117 131 164 179 195 231 305 341 350 392 411
24 58 104 106 210 250 294 387 400 410 496 497
30 72 82 86 93 137 169 179 302 331 443 454
84 257 266 268 272 329 349 351 360 373 406 483
16 34 59 73 136 170 206 270 413 424 426 477
13 59 124 162 303 308 347 376 380 441 460 486
9 35 69 91 136 185 193 216 318 413 469 493
1 13 24 33 75 169 368 417 421 434 465 485
11 28 38 155 176 222 277 392 410 466 467 484
35 72 93 141 188 201 216 273 317 364 417 480
34 38 227 277 311 384 391 403 425 460 483 488
22 43 51 129 172 188 219 225 273 276 290 373
0 123 143 148 216 247 279 315 333 403 422 448
46 80 99 111 125 191 219 252 282 283 308 348
5 10 47 71 78 99 131 277 300 334 411 442
16 130 142 154 179 230 240 266 308 354 426 498
38 126 134 144 162 202 215 246 320 405 480 498
19 20 58 97 139 151 197 202 278 411 417 492
29 86 272 302 309 377 379 385 403 413 482 493
1 24 66 126 134 149 162 197 261 338 344 477
9 32 50 58 97 124 174 258 314 326 408 498
52 77 167 245 246 247 309 317 367 402 429 458
4 29 35 62 147 148 208 221 298 313 320 484
36 284 294 332 338 346 360 380 391 422 434 454
3 10 51 104 111 169 252 266 297 324 419 423
116 118 129 192 250 274 321 363 420 468 469 472
86 100 158 201 233 254 277 341 393 455 470 498
31 93 155 183 244 254 290 305 358 385 394 470
3 55 99 107 120 138 190 272 318 411 420 464
2 28 75 118 205 211 260 338 366 395 407 440
33 169 171 173 221 231 299 337 352 376 391 445
5 70 77 104 245 337 361 393 423 426 453 467
75 99 143 155 191 209 227 288 306 386 403 453
31 36 58 187 259 271 317 340 363 407 496 499
10 196 220 231 274 304 359 363 433 442 462 463
11 18 31 115 212 226 249 277 302 308 396 405
3 106 182 276 316 369 373 392 447 461 486 491
22 66 83 233 287 314 362 409 436 451 463 497
60 144 145 181 204 226 252 309 335 358 408 484
21 40 137 184 241 257 333 387 393 420 434 471
7 15 127 175 254 297 328 375 432 437 477 495
1 83 156 214 247 282 360 381 388 403 407 495
9 26 46 126 159 186 249 315 326 342 388 428
20 28 31 186 254 288 317 372 446 451 466 482
97 154 157 158 174 228 278 312 378 381 386 494
14 30 149 152 180 182 188 253 325 444 446 457
68 85 154 163 213 260 283 298 397 414 478 486
5 23 30 115 176 179 209 238 250 355 389 487
20 57 66 98 112 170 194 244 297 355 463 484
87 122 201 274 284 287 291 303 338 381 397 499
10 30 117 122 207 254 272 316 376 450 457 472
120 134 237 258 302 322 345 379 428 429 451 479
8 198 212 235 239 250 302 308 337 409 436 455
15 217 225 257 317 332 374 396 431 439 462 495
91 96 104 127 296 299 310 326 340 434 493 494
1 20 119 198 204 211 294 374 392 440 479 490
21 40 75 97 114 193 203 240 262 306 477 493
6 18 74 83 94 103 116 215 228 230 301 370
82 129 151 157 270 342 348 355 366 405 444 462
6 71 91 196 217 221 247 276 342 405 438 492
45 114 172 262 275 283 356 361 380 384 425 451
157 160 185 230 246 367 386 402 439 447 450 480
92 96 190 200 219 250 256 307 328 407 486 493
74 88 103 128 155 165 214 307 333 335 339 466
159 184 215 277 300 336 397 414 440 456 486 497
121 180 208 224 252 259 284 298 319 367 377 445
28 63 71 148 205 227 267 273 281 286 382 385
6 59 90 198 210 229 231 242 247 268 383 395
27 33 69 77 83 120 133 183 184 194 344 451
56 74 82 118 130 166 169 209 214 267 299 352
96 132 172 204 313 362 385 424 427 451 469 483
28 36 101 109 117 150 190 215 300 327 474 480
30 31 36 48 51 90 107 156 195 296 450 466
5 28 79 125 136 149 178 336 425 434 477 485
32 143 172 202 216 307 324 357 391 401 446 452
31 96 155 178 245 278 316 404 432 446 447 476
41 97 159 208 300 315 348 363 377 419 469 481
1 42 65 121 194 202 216 227 271 289 326 341
27 124 168 274 279 284 294 359 409 472 491 497
51 171 236 314 327 329 340 347 370 445 477 481
31 63 125 172 219 249 258 259 266 330 333 415
4 30 41 47 52 95 96 227 287 321 380 402
45 50 67 85 87 104 131 300 309 361 407 414
0 84 146 223 244 257 282 333 340 364 461 480
35 47 56 125 173 176 200 238 260 286 322 396
65 88 90 152 173 206 231 246 294 381 394 451
59 68 142 160 166 181 233 300 308 333 488 495
2 61 65 170 179 296 301 350 378 405 460 462
82 84 101 123 146 148 192 224 248 347 366 383
43 146 159 203 228 267 277 326 386 418 420 451
4 29 64 141 184 221 230 350 352 371 401 437
48 59 60 68 95 108 136 152 159 421 423 435
61 82 83 107 122 165 191 205 294 296 347 410
29 41 47 95 138 140 155 204 207 209 220 408
6 38 74 106 118 119 142 145 189 312 453 466
2 4 20 33 43 97 133 172 283 357 438 445
13 72 77 93 105 132 152 189 276 343 472 495
16 66 83 102 107 180 232 284 336 356 412 447
40 42 76 124 153 249 293 305 337 338 383 473
42 56 64 129 171 213 246 328 339 370 440 461
47 108 122 153 172 187 233 238 239 254 277 375
42 76 85 102 156 349 360 376 377 419 424 488
12 69 107 111 117 151 315 320 410 429 470 492
15 29 46 193 239 299 423 428 436 439 480 483
4 41 42 150 162 244 245 252 253 381 404 475
12 21 32 57 59 129 146 174 216 249 252 353
5 19 44 81 192 222 274 283 348 394 417 423
4 25 31 68 129 154 344 357 368 407 411 430
36 116 124 193 197 208 246 291 330 379 386 477
10 28 46 47 65 70 110 207 277 410 438 472 489
18 33 70 140 174 210 303 366 371 396 425 468 491
89 149 173 221 227 228 272 278 338 419 430 478 487
22 23 69 112 121 187 195 349 355 362 363 399 426
61 63 140 210 223 242 266 273 293 306 307 339 340
0 2 71 80 118 169 182 198 210 350 356 376 467
20 112 117 213 214 308 317 321 380 390 410 427 450
21 90 146 190 257 262 323 374 394 400 408 428 484
22 75 93 98 178 218 232 305 380 390 426 428 440
63 71 96 145 173 218 221 266 272 405 440 441 467
9 34 35 50 105 192 216 230 250 334 396 431 454
14 156 178 207 225 247 267 293 341 396 439 456 478
5 31 52 61 128 153 155 164 266 307 320 435 436
1 74 91 120 279 300 326 330 331 399 445 452 498
2 66 72 162 269 273 340 346 389 393 394 395 499
70 83 171 263 288 356 372 380 382 411 418 456 477
33 40 68 95 106 236 270 293 315 385 401 417 463
21 39 67 73 128 153 207 218 228 229 241 315 349
17 28 64 103 109 112 167 203 242 415 442 446 453
18 49 86 92 112 115 135 145 157 196 239 290 326
52 178 201 279 312 319 320 332 389 392 405 445 467
3 24 65 72 90 147 151 195 201 226 346 409 459
21 91 117 136 139 172 174 282 309 344 355 465 486
0 35 49 160 175 176 210 247 386 395 411 436 486
47 58 110 116 152 188 286 309 380 395 427 456 475
8 13 22 44 45 48 77 142 174 311 323 324 390
27 57 72 97 122 172 203 206 246 362 372 375 447
18 29 46 128 229 236 246 312 316 321 363 390 451
25 80 84 106 125 155 219 306 339 387 393 410 482
70 96 129 155 159 169 225 266 322 378 435 462 494
2 21 26 46 77 87 113 132 160 257 262 302 466
7 72 91 151 157 183 254 255 314 327 355 439 482
6 77 174 272 280 302 305 345 356 357 404 415 436
52 53 69 122 233 242 299 306 359 366 398 409 459
30 51 132 191 195 200 208 235 272 287 311 345 346
20 115 155 160 168 198 256 343 383 428 453 465 493
12 24 35 53 183 275 306 347 416 418 446 485 491
18 40 101 188 196 210 215 226 237 264 398 445 487
13 25 64 66 72 101 111 129 301 320 324 352 369
6 28 129 130 158 161 256 276 354 390 412 429 476
35 70 97 169 171 181 232 269 306 378 449 464 491
52 115 127 207 250 297 400 402 408 425 429 430 472
3 42 119 121 128 178 309 315 328 375 408 413 423
72 141 143 183 187 203 217 288 319 380 474 487 498
28 98 222 236 292 293 300 306 360 390 392 396 439
42 61 103 109 147 281 285 302 310 312 319 354 442
16 50 80 119 139 161 204 206 219 262 376 393 444
31 58 66 80 93 115 120 140 182 223 260 373 472
68 74 200 205 219 260 293 328 371 404 428 454 487
14 22 85 184 236 258 280 384 389 427 429 489 497
19 79 93 177 193 229 278 313 314 327 425 426 448
60 81 84 137 157 248 250 318 319 360 408 429 455
22 35 60 104 125 157 239 247 338 356 417 419 453
62 126 135 180 208 211 216 236 238 331 420 449 459
13 124 168 193 207 220 238 324 345 361 397 434 460
48 99 202 269 276 304 319 327 389 404 426 487 497
91 151 195 210 215 297 359 426 467 489 494 496 499
8 17 45 65 139 168 212 237 265 325 388 396 430
2 97 107 197 213 225 244 250 284 353 403 443 467
15 16 173 221 251 270 284 294 328 360 363 381 467
0 8 52 88 92 159 249 261 367 439 441 478 497
47 65 75 82 140 156 159 248 409 423 463 495 499
24 27 80 83 109 214 257 266 281 313 349 371 406
10 12 27 202 226 254 258 327 339 362 395 404 477
7 32 60 108 149 155 168 173 214 234 346 347 426
11 51 63 107 120 191 231 262 324 333 354 370 376
34 35 37 41 48 153 217 271 314 332 341 344 355
117 132 161 173 191 213 233 253 323 337 353 411 467
3 38 89 115 116 150 167 246 314 348 356 420 458
0 2 48 96 98 195 248 269 324 387 439 478 493
46 55 57 63 143 146 153 169 183 265 300 369 396
5 8 30 32 218 244 264 317 321 390 401 438 479
9 24 85 174 193 219 220 221 231 233 315 347 411
31 129 184 212 244 247 260 307 343 368 391 433 456
42 71 80 176 190 196 245 402 419 430 435 437 487
87 171 200 207 222 242 282 289 306 329 362 388 452
50 107 133 137 142 176 239 288 371 396 446 449 475
43 89 128 250 259 262 274 357 374 388 413 430 463
10 25 55 63 141 153 158 169 231 345 387 419 444
187 230 232 246 317 322 329 340 343 358 375 422 458
59 129 208 212 228 237 266 286 307 336 339 423 474
32 74 95 98 276 285 316 317 348 351 422 423 495
18 71 156 186 212 214 215 223 224 233 261 317 410
6 79 94 107 237 258 263 307 323 349 356 447 460
10 11 66 106 112 153 202 264 268 345 350 391 455
124 126 141 166 231 270 275 278 297 328 414 418 485
121 135 204 235 241 292 355 399 432 438 446 478 497
66 91 153 155 169 199 272 318 368 395 400 412 434
53 61 63 126 157 160 172 173 214 226 312 357 469
8 16 25 94 115 232 270 277 286 328 475 480 491
7 24 163 171 214 253 260 329 344 350 396 412 470
14 51 80 91 99 116 118 184 248 323 433 477 490
5 57 101 150 168 265 279 313 339 344 431 455 467
57 95 141 159 166 178 212 259 281 295 321 339 416
43 44 124 180 189 274 299 300 313 376 410 414 452
17 112 182 235 261 298 304 361 385 411 423 429 431
0 2 11 21 110 120 173 271 275 282 312 395 476
6 72 78 117 155 237 238 290 398 417 444 453 478
1 60 105 116 141 156 192 199 234 236 304 475 490
34 145 213 247 250 281 336 396 400 433 446 467 471
24 111 134 167 175 212 308 312 353 354 390 427 438
42 83 117 118 204 250 262 303 317 318 418 421 449
5 88 155 215 228 254 260 278 290 338 340 483 487
19 77 120 132 160 216 267 282 295 301 332 410 468
0 8 62 184 232 274 289 310 369 419 425 486 496
4 14 26 63 157 186 324 328 395 407 437 472 492
6 97 161 197 260 333 350 407 418 425 437 443 444
72 98 214 260 292 387 389 396 408 429 431 463 479
6 26 38 140 171 251 263 290 331 358 414 465 482
38 42 45 106 161 195 203 212 224 232 265 362 451
49 53 60 291 327 333 339 362 367 374 428 454 498
126 129 149 152 207 326 348 373 380 396 421 452 456
62 140 243 247 271 284 296 306 361 393 442 446 464
40 54 87 89 188 275 311 331 339 349 422 446 495
22 23 61 147 183 200 242 263 295 360 382 389 410
3 7 16 54 57 104 189 274 294 326 339 340 403
80 86 98 135 147 230 251 295 300 332 347 378 415
70 106 197 205 226 243 245 255 257 272 312 360 368
7 18 62 83 237 240 247 304 326 368 393 465 484
28 44 57 60 111 135 145 161 164 312 374 472 478
12 32 97 176 206 210 231 272 304 325 334 435 436 449
50 147 163 189 194 204 209 244 390 417 432 473 486 487
5 34 62 81 95 132 269 271 353 379 433 440 444 456
13 23 45 153 169 177 210 242 257 332 351 352 389 434
79 101 117 157 213 218 301 304 339 377 395 462 490 497
22 31 47 62 67 75 82 181 196 203 207 338 447 480
21 30 96 101 109 124 131 266 275 350 356 439 446 482
7 45 74 98 186 235 256 265 289 370 433 458 463 494
16 45 58 123 174 175 229 304 306 324 361 368 389 399
35 38 49 129 130 219 240 254 276 287 331 356 462 498
22 66 84 161 187 209 249 301 319 322 389 395 402 434
28 43 62 90 91 160 162 172 176 236 336 429 438 488
14 66 71 135 168 181 183 235 309 347 350 369 414 493
0 58 128 134 139 184 196 219 301 365 387 390 433 445
10 63 76 77 124 128 206 207 283 298 373 424 486 490
3 42 74 121 126 143 164 205 218 239 258 380 447 484
26 44 110 136 200 206 207 217 263 283 312 352 360 480
36 88 115 170 189 240 336 345 347 371 397 431 447 466
59 109 152 157 167 189 193 229 234 236 274 450 455 466
7 64 135 210 218 222 284 370 388 392 422 438 463 472
1 2 23 30 37 40 47 62 71 216 232 255 263 274
6 11 79 81 104 121 205 241 253 303 389 430 466 496
28 102 116 119 145 207 211 242 248 275 283 303 315 316
21 27 119 154 165 175 285 352 372 387 417 480 493 496
26 43 124 172 179 190 201 220 247 267 328 352 395 449
47 116 185 186 238 248 303 305 321 356 397 476 484 486
59 65 105 152 246 276 277 284 299 310 324 383 440 489
127 129 236 249 267 316 348 367 386 388 397 441 465 479
3 11 18 46 56 75 113 159 171 355 398 428 432 441
51 111 172 279 289 310 337 340 343 368 379 396 464 472
127 136 164 210 233 263 265 279 311 348 371 379 415 497
14 94 97 114 131 132 194 208 264 293 327 338 478 491
14 38 41 96 127 263 274 336 346 417 431 474 484 486
23 53 55 67 117 119 199 262 274 298 304 368 371 423
6 87 113 116 151 175 181 238 250 266 288 408 483 488
9 47 57 131 146 187 213 243 274 281 316 350 352 427
34 54 156 180 195 214 245 290 354 375 388 391 471 481
20 64 89 110 117 190 209 214 276 291 326 384 423 451
7 89 105 151 162 284 297 301 361 362 389 437 489 495
9 80 120 143 219 222 279 378 409 414 417 418 466 488
17 102 133 188 227 319 330 334 369 370 410 449 462 497
51 99 126 132 194 198 256 340 344 366 370 437 471 482
11 50 142 165 220 221 261 302 310 317 371 417 442 483
2 78 106 127 169 198 215 300 316 337 407 436 441 471
5 11 71 140 189 218 249 265 301 316 319 325 329 381
24 94 104 187 242 272 307 312 339 348 364 438 483 495
61 70 79 119 268 298 384 393 401 414 430 443 457 478
46 58 96 117 120 189 262 337 367 379 393 407 414 436
9 30 68 90 105 176 184 270 274 325 391 422 455 465
29 59 100 154 176 183 213 277 292 322 327 333 392 393
4 29 56 172 207 253 285 290 312 363 371 392 418 438
11 25 36 48 102 156 205 207 218 249 292 353 383 482
28 36 40 59 162 250 267 278 311 356 409 464 471 485
29 30 45 47 83 118 170 236 341 363 396 423 430 444
19 34 70 98 101 151 162 233 312 337 344 354 377 404
80 120 137 171 243 259 266 317 327 330 373 377 392 493
46 63 138 226 247 259 275 338 359 360 385 454 470 482
42 43 53 131 161 169 177 182 204 263 334 336 402 404
26 35 62 180 278 297 346 351 356 365 418 430 437 486
23 32 77 131 181 192 226 300 332 346 362 380 413 492
16 25 41 54 88 114 275 346 390 416 429 432 450 465
8 63 64 118 156 213 247 250 286 311 344 459 480 481
0 3 45 67 93 129 145 201 202 206 214 252 351 377
2 3 14 28 34 128 179 194 204 227 256 408 491 498
52 53 58 75 86 178 256 308 366 379 388 398 425 466
48 54 86 100 173 218 239 246 256 312 344 389 425 490
13 30 50 86 94 103 110 123 129 179 287 292 299 402
37 49 71 85 156 186 232 243 317 327 329 406 425 471
16 19 52 64 131 138 142 188 196 216 302 316 334 495
22 41 189 233 273 372 373 384 387 389 395 411 448 474
115 116 125 154 212 234 251 254 265 275 312 316 404 450
62 75 95 136 146 171 178 221 259 292 365 381 406 442
50 113 114 123 124 169 211 221 293 328 422 430 460 496
24 47 110 135 188 223 261 285 296 337 357 370 379 410
57 101 141 194 213 241 273 289 329 362 379 423 430 462
37 50 60 128 136 162 176 264 273 330 333 403 458 471
31 34 50 65 107 140 181 194 206 213 307 357 370 475
15 40 80 114 194 209 225 238 248 284 286 349 371 441
32 51 71 140 152 228 253 265 266 387 400 420 453 454
9 101 180 181 203 208 247 277 299 324 344 408 421 494
60 72 79 133 154 190 279 290 342 358 367 435 449 467
17 37 44 109 113 192 214 292 325 357 370 392 423 461
27 28 40 63 95 111 137 140 159 197 263 320 322 432
35 58 73 93 99 111 203 224 225 306 353 355 444 475
32 63 130 155 225 250 266 280 302 382 391 445 457 494
65 85 108 131 133 150 196 214 220 262 284 326 450 473
75 116 125 149 163 189 232 245 266 270 290 313 337 483
46 53 55 76 113 114 219 243 251 308 355 382 394 407
20 83 102 120 121 174 178 191 201 220 245 295 342 351
59 68 74 99 120 122 170 243 299 321 391 424 450 480
3 15 107 173 182 202 210 219 227 265 274 281 325 375
54 77 94 99 148 199 223 284 308 397 400 453 470 472
0 43 72 121 151 156 164 284 308 359 402 422 425 452
25 54 60 67 123 208 243 293 309 388 408 413 432 433
7 70 78 182 191 207 217 220 254 256 266 422 427 444
81 109 116 130 154 224 342 360 376 380 384 419 453 489
50 83 98 119 133 148 204 245 274 377 389 396 418 459
30 102 112 139 155 190 233 248 268 291 373 420 481 487
1 21 34 38 107 178 180 192 214 283 287 356 455 490
21 72 151 154 222 252 264 365 376 406 407 425 462 483
11 26 72 105 115 129 164 256 287 317 367 414 466 485 493
94 143 181 207 208 237 250 288 347 361 390 434 461 464 476
20 26 40 166 185 250 254 255 289 307 338 350 361 447 479
23 37 77 82 116 146 153 166 308 316 360 389 400 437 474
17 27 80 87 91 109 136 166 254 276 307 320 383 408 483
17 38 103 122 131 133 145 162 170 255 275 313 405 439 488
14 18 36 50 53 267 311 375 383 387 408 412 425 487 497
28 31 66 77 111 122 138 252 271 285 310 356 359 384 398
25 104 115 124 146 164 175 254 435 440 447 456 458 477 490
22 28 56 75 83 97 188 190 231 289 295 343 400 449 495
46 70 126 163 188 255 298 343 358 361 378 431 456 472 495
10 64 85 95 123 235 256 259 262 304 335 412 436 465 472
52 93 135 229 241 249 289 315 381 392 400 417 428 456 487
21 78 80 114 122 188 233 266 321 347 355 396 401 428 492
12 23 52 60 70 173 208 244 253 274 289 306 392 404 446
8 40 128 210 221 224 232 241 249 257 274 383 426 455 478
35 37 60 72 115 142 153 154 197 228 229 377 415 479 482
39 50 116 118 148 180 238 241 251 262 318 320 334 342 429
87 115 125 128 156 190 213 271 300 320 327 377 458 483 492
40 61 215 221 226 244 296 299 333 370 374 375 398 402 448
21 29 76 96 113 126 139 156 202 235 245 300 308 393 427
6 35 45 80 187 221 227 257 320 350 352 399 438 456 467
17 23 63 64 86 103 177 213 286 303 377 388 409 447 477
69 153 173 184 250 291 299 356 377 384 392 419 422 497 498
18 56 133 145 146 184 188 212 286 339 364 399 432 457 461
20 44 146 167 189 192 293 331 337 345 363 402 414 470 475
24 29 45 124 127 130 132 156 239 255 372 382 390 446 476
6 49 98 104 135 146 164 213 249 296 321 400 406 429 477
0 33 85 113 160 262 263 265 266 284 326 347 385 416 441
15 110 111 163 181 215 295 314 388 401 445 447 451 466 488
134 207 223 249 254 270 273 290 295 324 367 381 414 486 493
55 68 73 134 136 186 231 265 274 307 322 370 395 475 491
71 81 116 131 152 163 254 281 319 359 382 439 460 465 478
74 75 79 111 222 255 256 263 284 319 359 386 412 453 468
10 56 91 93 106 132 194 272 276 379 393 413 416 442 489
5 12 18 19 40 68 73 78 112 181 182 224 325 444 483
31 36 55 105 112 137 152 158 165 213 232 315 325 356 369
30 38 62 138 155 195 230 243 266 301 305 311 400 405 431
10 42 46 92 98 100 145 166 207 239 302 310 329 473 489
25 76 84 123 136 153 196 333 356 370 412 430 458 479 491
27 40 42 56 82 85 111 156 179 190 210 283 366 399 403
27 226 303 310 337 349 373 374 377 378 383 392 393 445 471
85 109 141 250 260 282 311 324 356 388 393 417 459 460 486
21 47 53 62 91 110 187 193 292 308 353 362 397 414 454
22 43 91 122 219 302 324 348 356 395 400 403 415 424 429
35 65 67 85 139 255 263 295 302 320 385 390 395 402 467
42 44 46 50 59 117 186 220 248 283 347 373 402 405 458
5 29 67 69 78 111 112 115 153 175 182 204 242 318 364
10 14 21 35 98 144 229 237 246 285 356 387 400 479 481
19 20 123 125 188 226 243 292 339 355 377 422 464 496 498
10 37 97 101 208 239 282 284 306 315 349 358 384 456 473
37 49 70 158 190 192 240 263 276 333 356 360 383 434 435
28 37 58 60 84 94 108 151 186 198 257 294 376 382 443
50 88 142 159 214 259 303 323 326 331 342 428 439 443 489
18 28 43 108 123 167 176 249 260 285 324 331 394 442 487
23 129 142 170 209 218 253 298 334 406 408 429 462 469 489
1 29 47 73 130 218 226 291 311 352 406 427 459 465 498
3 5 49 67 109 115 118 123 131 151 212 231 428 429 442
15 110 127 137 160 168 205 233 261 314 332 336 359 404 417
39 144 157 166 194 248 272 276 300 317 344 384 445 471 482
49 56 85 103 184 230 240 297 317 321 325 327 388 412 463
11 47 64 73 106 109 135 146 163 223 232 261 344 350 436
41 42 89 113 120 148 251 259 277 347 377 386 391 405 482
3 14 20 57 125 173 184 213 237 261 309 330 383 421 431
28 60 100 149 159 161 179 190 201 276 315 371 397 464 478
12 22 68 84 92 113 160 164 246 257 286 299 341 349 350
38 96 98 102 134 154 188 246 247 295 306 364 378 432 439
11 82 113 118 123 138 156 272 304 322 333 336 369 405 478
8 14 122 143 168 179 195 252 296 384 402 466 473 477 489
142 180 249 270 275 287 289 306 338 398 423 451 467 495 496
21 34 57 135 230 234 321 354 426 430 450 469 474 476 483
51 68 93 100 120 139 214 234 299 308 412 439 454 465 485
4 10 30 44 53 114 134 136 143 270 297 374 412 435 442
5 16 100 129 166 232 245 258 363 378 388 408 432 445 482
56 63 84 110 121 140 277 299 304 327 418 430 465 466 479
34 188 220 245 254 338 348 375 394 407 425 459 465 472 491
102 117 125 200 210 247 272 296 373 420 446 447 468 485 493
13 15 56 79 97 150 182 211 215 218 222 223 262 306 417
28 43 78 105 115 151 250 258 292 298 418 473 481 493 494
1 36 75 122 125 185 198 204 240 281 308 328 348 384 388
4 42 152 161 169 240 282 284 318 355 391 415 419 422 442
43 86 90 104 123 156 170 176 266 278 353 364 414 432 472
77 87 102 114 158 185 186 188 244 245 347 353 411 442 454
51 74 135 162 175 186 196 222 242 247 328 345 456 457 474
61 80 81 90 111 128 131 189 191 220 232 260 263 365 490
11 176 227 228 229 281 285 307 319 345 364 376 471 477 492
13 14 107 119 120 137 139 153 164 173 244 275 276 332 457
30 115 145 181 207 216 220 233 263 373 421 422 450 462 472
19 41 84 170 186 273 287 294 359 422 424 437 452 463 487
13 102 108 126 157 199 272 282 299 315 323 410 420 487 490
58 92 134 148 149 157 186 202 335 349 409 423 441 459 474
20 23 58 61 66 70 72 87 192 193 274 287 306 382 480
57 79 120 180 206 213 227 336 348 363 394 432 435 470 482
51 76 93 146 149 224 225 254 255 274 393 397 462 479 489
112 121 126 151 161 174 192 193 359 424 457 463 466 477 494
2 70 72 86 105 141 181 293 381 390 404 442 461 467 490
20 128 161 168 203 223 224 237 252 262 298 361 371 385 495
26 57 120 153 159 175 202 275 284 306 324 334 389 394 402
36 58 69 76 90 150 158 264 283 284 318 379 425 451 453
115 147 168 176 182 201 230 262 301 355 380 401 446 473 486
5 44 64 69 90 108 158 224 265 322 337 348 368 387 479 490
104 105 108 223 232 240 246 263 282 304 313 351 384 397 412 419
119 177 196 277 297 300 336 340 353 363 364 376 448 466 467 479
9 113 123 138 168 170 199 238 256 274 293 336 400 427 428 488
15 35 54 152 172 308 309 320 332 338 367 390 401 444 449 484
51 75 121 140 155 167 254 301 311 326 343 350 372 410 469 482
4 57 115 156 177 212 220 237 243 284 291 341 397 428 457 467
14 53 77 92 123 126 160 192 223 240 300 378 429 462 468 492
1 47 71 149 185 194 195 233 270 328 334 394 410 432 443 453
4 14 72 102 186 212 242 262 298 314 316 334 341 346 396 428
57 58 199 228 245 281 294 315 323 340 355 370 398 413 476 494
6 64 89 91 135 139 142 261 298 313 328 337 358 395 417 439
16 60 65 90 103 145 166 271 316 345 371 406 423 431 487 498
34 89 107 108 139 214 250 258 266 305 310 360 447 448 460 476
18 78 132 162 185 187 200 218 221 245 259 310 342 372 424 464
3 80 151 210 256 281 283 286 312 352 372 382 408 435 441 449
32 63 65 82 86 110 115 152 254 294 333 358 370 430 479 488
40 70 71 81 128 182 241 247 253 260 262 268 293 341 365 496
60 71 100 108 144 154 222 229 239 241 243 316 340 382 427 497
126 128 131 174 186 189 199 218 254 289 331 365 442 460 493 496
9 23 57 62 102 119 213 238 252 257 272 321 409 458 490 492
2 10 33 49 76 158 167 331 356 364 378 400 403 413 440 451
37 96 136 168 212 250 267 275 283 284 302 342 371 420 481 485
1 14 25 85 110 139 163 173 201 257 330 363 387 417 427 447
38 80 87 110 187 200 229 240 242 296 351 404 414 424 435 473
4 83 148 172 210 226 266 285 300 327 333 414 447 474 491 498
34 64 68 81 107 197 204 234 262 273 310 336 357 377 407 479
38 86 103 129 216 219 290 292 324 329 370 453 454 455 464 495
39 73 135 164 180 191 195 212 227 286 306 330 386 400 468 497
53 56 132 161 181 212 218 225 230 233 296 316 339 380 408 417
40 56 67 73 120 130 133 216 278 279 389 428 431 435 436 442
11 63 81 228 236 280 292 324 335 345 366 379 436 441 454 487
2 41 51 68 122 135 175 204 207 212 242 299 366 449 451 469
48 67 101 136 182 185 256 266 289 292 328 341 344 351 409 484
14 24 28 99 103 108 122 164 170 187 270 319 320 332 451 466
4 44 125 170 172 219 224 261 320 330 338 414 437 469 483 486
29 40 63 75 98 113 300 308 342 351 372 375 394 403 415 454
47 52 70 80 162 230 273 318 329 364 370 401 421 460 470 490
67 116 119 147 185 199 205 238 242 244 277 310 384 402 405 423
17 40 57 103 133 209 235 271 311 312 374 397 401 416 449 488
52 138 157 170 183 296 300 307 311 317 353 377 385 418 447 456
28 63 85 146 161 178 199 226 382 391 406 416 420 431 469 485
20 62 112 198 227 238 299 309 335 345 353 365 415 446 481 486
58 70 101 254 282 286 307 322 338 377 398 405 415 439 476 484
26 76 100 103 109 110 111 188 213 256 303 323 401 444 455 467
2 13 30 61 97 100 129 162 210 334 370 371 379 418 451 481
8 42 94 95 132 177 212 214 232 257 300 317 385 444 473 483
43 48 80 100 105 138 151 181 268 277 285 385 405 420 462 474
3 47 51 84 130 192 203 222 251 266 272 309 312 418 461 480
28 40 45 58 59 141 194 208 231 281 314 358 366 372 424 434
3 4 14 15 21 36 119 133 137 218 327 340 348 358 411 489
2 71 93 115 136 162 208 229 231 234 241 271 361 375 475 476
1 18 57 77 97 120 134 180 192 195 261 299 318 347 445 481
50 61 72 81 125 150 245 246 247 355 358 399 400 436 467 482
6 32 69 89 194 204 262 278 316 345 362 379 384 409 415 477
6 23 57 103 114 130 230 242 254 273 348 357 380 386 395 454
17 54 55 65 157 190 236 239 250 254 258 284 301 328 382 387
40 100 161 170 183 251 270 272 282 345 347 359 407 439 440 471
51 77 88 103 120 169 215 250 279 293 312 330 458 463 476 494
14 26 90 104 117 130 162 164 171 224 331 355 388 400 418 476
3 95 106 121 126 140 263 283 356 386 389 429 448 472 477 485
0 68 99 103 162 178 193 194 222 228 299 366 405 444 480 496
24 34 39 74 116 157 177 180 181 183 269 322 364 389 398 483
0 43 58 61 115 214 261 270 289 390 399 404 439 450 470 485
31 89 94 97 111 161 214 253 260 266 273 293 306 363 411 484
66 106 114 119 154 175 185 219 259 338 387 394 444 468 481 495
6 20 40 51 91 94 106 142 144 247 280 318 335 378 439 488
12 20 122 143 232 292 322 331 358 364 401 408 412 413 465 470
9 94 169 191 193 264 277 290 300 355 383 396 401 404 408 435
14 59 110 122 149 176 193 221 227 249 262 272 322 323 396 466
12 67 77 127 165 201 281 300 302 343 359 364 393 395 403 404
31 70 95 141 186 200 212 271 280 292 312 346 397 465 490 494
8 15 35 43 44 57 70 140 263 313 341 379 388 412 429 498
32 43 62 119 120 154 179 204 267 275 286 367 434 436 448 466
41 46 56 98 148 188 198 214 233 306 318 339 382 397 402 479
0 13 25 83 112 119 218 250 297 309 339 351 370 445 458 473
17 23 64 68 91 137 166 200 209 263 323 328 371 381 415 455
8 91 122 126 127 142 156 181 245 254 327 355 361 373 392 478
32 49 69 78 91 122 201 231 243 247 250 279 293 303 389 492
14 104 117 147 181 213 228 357 369 372 376 404 406 425 460 466
53 123 152 191 202 225 269 308 316 342 428 438 439 452 474 480
3 36 43 59 73 87 100 127 170 236 257 265 299 324 349 437
4 13 70 111 117 131 138 144 178 249 251 286 312 318 372 474
25 37 51 81 100 115 146 196 200 234 253 304 365 435 454 492
47 60 66 114 124 133 151 184 191 236 300 312 370 378 388 464
3 10 42 56 92 132 136 178 229 264 266 276 370 464 480 485
13 29 47 67 74 134 227 281 285 297 363 404 463 473 488 497
61 76 90 124 303 308 330 334 341 366 403 404 453 455 471 494
13 74 80 85 106 153 165 180 246 249 299 320 336 475 480 483
8 104 116 121 150 159 207 247 268 276 291 346 393 428 489 492
1 33 235 269 272 273 307 350 354 398 405 412 419 425 484 485
27 46 104 108 117 122 123 168 170 221 230 261 277 432 453 486
6 45 91 101 133 219 228 313 332 362 380 387 411 421 422 426
59 76 125 197 220 223 230 268 344 358 363 365 431 433 437 475
17 22 30 123 128 192 226 241 247 270 288 324 326 412 413 459
1 183 196 219 266 296 302 307 328 330 348 391 400 408 452 496
71 123 127 224 244 295 309 315 317 345 374 380 430 463 472 487
106 121 146 171 270 309 353 366 369 380 382 424 428 474 494 498
2 18 22 118 129 179 183 234 306 314 339 343 382 405 432 442
7 9 124 143 166 171 187 190 270 350 410 423 435 466 467 477
16 17 43 58 82 87 213 231 286 294 302 319 369 422 428 461 482
10 41 64 67 91 94 118 146 152 164 239 255 312 368 436 462 481
12 73 80 81 122 138 163 299 304 314 325 326 375 377 472 477 494
38 51 180 184 207 218 219 232 234 282 284 335 373 374 448 462 470
19 34 117 122 127 146 149 167 178 219 227 233 269 339 402 411 415
83 125 180 215 263 268 270 275 289 295 320 324 344 365 369 452 459
7 15 20 53 193 198 243 247 276 336 341 349 367 368 403 447 458
45 66 93 102 111 153 160 170 216 306 339 359 392 411 422 442 464
20 49 56 105 128 163 259 262 289 316 319 331 353 386 421 468 493
8 79 102 147 155 187 208 225 254 265 316 345 408 409 433 442 473
34 46 59 105 116 120 205 223 245 257 261 288 304 321 328 462 495
70 119 132 144 146 168 176 274 288 320 322 365 387 402 436 445 464
31 32 35 55 61 104 156 166 218 219 221 245 305 366 382 429 451
37 102 111 139 151 169 198 206 224 280 355 372 429 431 454 479 494
14 41 49 58 139 141 166 201 259 274 347 351 365 366 371 406 438
12 58 65 77 87 97 130 137 190 200 207 220 268 429 454 472 486
25 26 59 102 125 172 187 191 193 293 300 338 340 359 374 385 425
13 19 48 75 82 101 219 242 251 264 302 322 353 392 416 461 463
15 21 76 97 134 143 189 193 280 303 312 317 338 369 432 447 481
60 75 102 202 228 249 286 293 301 316 341 388 400 417 425 432 475
78 95 114 180 190 195 199 203 213 217 262 272 351 354 456 480 491
58 103 122 155 181 219 255 256 264 270 281 286 318 340 341 395 416
18 19 41 56 69 76 80 107 116 248 252 305 313 328 442 472 473
39 74 90 93 123 160 169 239 261 287 308 312 353 365 372 424 466
39 92 106 127 147 182 243 269 305 314 330 374 382 419 440 453 481
42 72 159 175 176 187 191 210 233 260 264 269 299 315 323 447 486
8 34 58 91 118 237 339 347 352 364 369 378 387 445 470 478 497
6 105 136 145 146 154 228 275 301 316 366 387 408 415 445 448 491
4 42 56 59 120 137 176 179 247 272 283 305 328 423 439 452 481
1 5 45 70 105 113 136 207 219 244 309 348 365 416 436 438 462
37 84 88 179 181 191 267 280 281 308 370 401 416 424 426 443 474
7 56 68 120 177 184 190 192 195 307 319 380 395 414 420 469 491
93 102 105 113 205 307 313 323 350 352 356 370 389 415 422 452 479
3 39 81 117 147 165 171 209 215 245 281 293 305 326 348 362 403
6 31 35 69 107 134 178 231 294 309 318 346 377 397 410 417 483
43 62 94 133 145 190 219 242 326 334 348 358 376 384 464 471 494
48 51 68 103 154 173 253 255 257 271 277 341 345 385 459 473 496
7 15 89 131 161 171 227 242 255 299 309 324 329 330 344 446 463
0 44 61 63 120 122 178 184 264 328 365 401 421 443 458 464 498
5 10 85 101 135 138 182 192 255 256 324 329 334 338 347 393 498
12 24 28 38 68 73 247 285 317 321 334 345 352 385 440 452 458
19 28 94 96 113 115 179 264 302 335 347 364 393 405 437 443 454
10 23 27 40 41 133 158 173 199 205 209 233 325 369 397 483 484
25 71 82 127 145 149 177 181 214 299 321 325 347 375 431 461 473
28 70 83 105 163 167 229 317 366 379 405 412 418 457 461 465 497
23 39 113 117 163 167 178 243 245 280 284 300 314 383 425 430 444
50 123 125 148 154 184 185 217 230 240 275 278 294 300 413 415 492
12 16 22 35 52 53 69 114 143 212 270 271 306 338 392 440 490
8 92 119 143 178 193 228 232 254 297 346 347 390 395 419 469 495
21 25 53 87 98 133 137 212 231 241 267 302 371 401 447 468 475
56 72 142 151 194 204 207 220 232 247 262 346 391 396 405 419 451
23 42 45 104 160 185 257 261 279 283 302 309 373 388 397 406 448
17 36 38 59 65 90 134 190 196 221 245 254 346 348 369 414 478
68 155 177 216 236 243 247 272 281 307 444 447 464 469 479 480 493
35 41 46 156 176 191 202 344 346 366 370 394 397 419 463 476 498
29 34 65 87 139 150 168 174 182 200 242 298 380 381 412 413 434
22 27 71 99 109 149 227 237 252 312 349 391 396 400 436 468 489
38 63 69 101 122 131 135 160 189 206 237 345 395 398 415 461 479
29 51 58 79 111 125 165 195 213 228 277 304 310 390 433 452 473
33 50 56 62 137 162 271 279 297 299 307 363 370 379 394 429 477
6 33 34 51 73 308 355 358 383 402 429 445 451 453 475 486 492
25 65 74 101 112 189 204 223 233 270 272 306 325 358 392 474 488
12 20 25 27 34 166 202 213 224 265 285 306 334 371 441 471 490
18 41 54 55 79 85 103 105 164 182 271 298 327 385 431 458 482
6 23 28 76 88 103 196 204 209 213 256 267 344 361 379 395 412
1 26 46 70 97 133 168 179 212 263 341 363 384 462 464 481 484
41 48 56 58 125 157 188 248 324 328 352 415 432 448 464 472 491
38 86 89 104 127 176 192 202 228 244 260 333 338 359 363 425 485
19 51 55 85 87 93 122 137 165 235 258 260 272 381 428 439 489
14 15 16 153 162 166 167 294 346 436 453 454 460 463 487 494 499
11 12 19 56 64 69 73 124 181 211 251 266 301 409 453 466 488
4 27 63 73 76 129 160 172 190 208 238 247 308 335 350 435 470
2 41 71 88 96 103 117 198 205 223 265 291 328 348 355 409 429
21 38 52 88 115 119 157 164 267 319 341 343 406 414 426 465 497
37 67 99 131 169 192 217 228 230 269 302 324 345 346 360 411 446
5 8 53 84 102 105 129 133 268 299 334 418 420 426 447 470 488
22 104 115 156 188 200 242 247 287 292 334 374 397 417 419 458 492
6 7 11 24 95 99 130 147 153 214 248 367 392 402 450 462 485
38 65 78 79 122 142 151 194 228 260 279 307 308 352 463 478 498
3 51 150 151 154 183 191 246 270 285 286 341 399 413 437 456 495
13 27 117 126 213 214 238 262 269 290 319 391 439 444 448 468 493
11 28 39 95 99 125 148 151 209 217 269 271 305 306 322 412 433
77 96 139 146 192 202 215 226 255 275 290 298 321 412 429 434 435
70 99 100 118 124 153 172 182 187 217 323 400 412 419 450 453 498
13 16 23 32 97 112 143 214 258 266 271 290 325 391 402 411 475
25 108 119 133 149 251 287 289 318 330 335 339 401 438 457 470 485
2 17 56 110 119 135 165 185 187 221 300 302 337 357 361 368 432
33 114 129 135 156 159 167 231 242 264 316 372 380 396 405 460 467
7 10 27 42 47 56 104 143 166 258 326 367 374 414 432 486 488
14 40 63 66 78 118 136 138 220 231 335 349 380 381 398 455 456
1 3 31 52 74 97 121 122 138 192 210 243 316 333 386 432 435
22 45 53 65 67 95 102 154 183 201 223 253 304 400 406 416 441
30 35 59 67 84 90 112 163 178 257 313 333 344 352 380 395 442
4 34 61 62 73 146 181 185 194 203 284 300 309 335 422 430 476
16 36 61 109 117 126 135 179 190 221 295 323 333 418 445 456 481
13 31 55 62 89 99 174 209 216 218 263 297 316 357 405 477 483
2 5 44 126 129 133 171 234 257 273 295 297 333 338 396 448 482
11 15 129 158 160 178 225 229 270 310 336 347 396 423 466 477 493
2 6 9 35 64 102 104 126 144 160 241 244 342 349 407 461 464
66 143 183 207 214 255 267 294 325 356 374 397 420 437 464 473 484
42 55 66 75 133 153 157 184 212 254 261 263 276 298 360 390 400 425
46 51 65 67 117 118 203 236 292 311 327 339 357 362 435 447 461 480
19 28 29 74 108 150 163 165 170 194 231 232 270 275 289 321 338 370
1 80 93 100 104 150 155 165 166 179 271 273 317 333 412 418 420 482
11 47 104 114 115 144 208 244 313 315 331 338 353 356 449 471 478 486
7 30 47 51 66 74 149 168 180 200 216 259 290 301 350 360 482 497
17 62 95 108 118 129 149 159 180 220 242 397 420 425 436 446 456 491
4 14 39 138 157 172 176 198 210 212 220 249 260 320 336 357 387 456
10 13 26 84 143 168 171 199 241 278 293 325 329 370 395 451 452 480
77 93 98 101 182 228 258 323 324 328 346 375 376 404 433 437 456 471
35 50 89 158 160 169 256 276 279 287 299 343 350 370 381 411 412 420
8 15 19 30 61 112 135 149 174 230 240 260 278 351 439 460 467 492
5 31 38 59 82 88 90 100 118 189 268 328 399 424 447 453 465 480
55 119 134 173 186 203 205 270 284 292 297 327 365 398 399 435 450 488
17 27 56 72 95 111 123 127 157 188 210 305 319 340 368 428 445 479
33 41 79 95 130 147 199 243 279 309 352 403 415 444 447 464 467 495
9 21 45 71 73 173 189 205 242 247 249 265 273 319 322 375 395 484
10 17 52 61 67 72 78 94 111 140 172 238 283 289 320 333 371 487
38 59 85 163 178 225 232 240 245 253 312 324 357 360 372 419 451 482
43 73 80 157 158 180 182 232 261 340 344 356 358 359 372 374 460 465
54 93 152 200 203 220 239 261 272 294 299 313 319 336 339 352 392 495
74 84 89 137 176 199 288 338 351 368 369 395 405 410 413 444 479 499
9 24 53 78 119 135 175 182 236 264 284 307 342 441 449 453 458 475
8 19 32 74 115 132 146 150 157 185 294 314 371 398 406 475 480 488
40 67 81 84 111 117 152 160 199 204 214 217 256 305 341 377 453 481
52 64 68 142 184 188 233 270 278 291 301 307 317 348 371 417 471 496
4 34 48 59 94 122 139 197 251 273 314 316 340 397 408 469 470 491
10 27 49 57 90 100 142 221 237 273 281 296 354 380 387 448 490 493
32 50 64 65 72 78 104 107 147 151 310 372 376 405 428 465 488 496
7 10 16 23 50 84 204 309 322 331 332 345 353 378 426 455 483 486
8 59 60 72 81 100 139 184 204 263 305 327 342 365 454 470 474 488
37 44 73 77 86 104 105 130 162 205 233 246 275 334 364 365 434 486
14 20 26 94 168 182 213 220 276 293 349 367 370 434 440 460 461 489
21 41 73 86 87 115 155 158 161 171 200 254 316 358 367 411 453 479
60 85 98 106 124 203 204 216 345 347 359 371 377 404 416 469 495 499
15 17 55 121 136 200 204 205 211 234 235 294 309 354 401 414 443 482
88 113 114 118 122 134 149 167 183 197 198 224 227 274 313 323 337 409
13 18 45 62 93 100 140 172 198 203 215 255 264 327 370 373 433 492
24 60 144 149 156 214 299 303 306 323 330 345 350 406 436 440 451 482
32 52 64 81 117 120 123 130 166 195 230 237 295 348 357 396 404 476
42 46 47 52 54 60 72 86 138 178 192 195 249 287 299 331 345 380
21 80 114 125 171 240 248 249 253 281 302 323 330 355 363 375 399 466
32 33 48 77 101 151 217 252 263 281 294 310 321 326 343 428 470 493
0 30 67 71 96 118 120 123 127 170 175 203 208 267 301 377 441 487
32 65 72 125 178 192 222 239 257 270 371 384 421 458 475 476 480 488
17 52 122 146 153 188 207 233 239 258 267 322 343 352 382 430 455 481
27 112 116 147 148 166 170 175 177 273 276 298 387 388 409 415 425 478
83 129 157 166 250 281 299 306 331 338 346 353 386 396 421 445 495 499
118 127 138 163 216 221 234 248 260 264 278 304 309 378 416 436 447 498
4 77 131 167 197 213 271 286 290 312 321 335 363 385 409 420 458 461
4 22 54 56 141 164 192 256 279 286 388 416 418 430 444 485 494 499
79 88 109 113 147 185 209 213 239 254 266 325 339 366 368 388 395 457
36 52 74 76 92 208 240 284 321 322 353 377 387 431 452 464 489 498
37 42 67 99 103 158 164 167 202 213 227 255 267 280 425 433 456 477
1 23 67 120 134 140 150 159 192 308 324 328 363 364 404 448 453 473
1 45 61 72 97 159 183 184 221 224 253 330 345 375 422 435 439 495
32 81 145 199 216 242 255 269 283 323 327 349 362 388 395 428 446 483
38 51 62 65 142 160 187 218 250 266 273 296 299 305 362 386 402 435
18 52 83 89 170 176 184 219 247 266 280 282 292 321 341 357 411 489
31 36 54 68 75 110 114 149 245 306 324 327 340 350 357 358 378 402
15 40 52 71 114 139 142 184 223 276 295 346 384 388 411 441 453 472
41 46 48 96 127 212 214 219 229 269 285 312 315 333 396 451 452 498
20 23 74 97 130 162 244 265 320 352 378 380 388 400 433 438 441 454
16 27 38 72 87 105 146 165 170 230 245 260 281 289 300 318 476 477
20 35 43 54 67 100 170 183 192 199 256 266 374 405 409 414 436 451
60 89 124 142 200 202 203 216 254 270 288 298 311 357 371 393 489 495
53 54 143 185 248 289 296 317 340 389 400 411 434 445 452 490 497 499
2 12 14 118 136 160 213 235 291 294 326 334 353 360 362 381 430 498
36 63 72 124 161 188 245 277 278 306 307 334 347 407 412 422 467 488
27 53 65 99 107 145 179 185 202 216 310 332 373 384 417 460 465 469
6 71 82 113 126 137 144 154 156 179 180 248 290 370 378 445 449 479
86 110 129 135 151 162 189 228 238 243 253 297 342 353 359 455 461 469
1 9 10 13 21 33 47 161 264 286 289 313 329 350 361 370 390 395
14 57 72 115 120 122 165 202 250 279 282 294 346 369 382 396 476 489
26 28 41 47 57 82 102 107 115 155 200 203 231 327 397 410 418 446
6 50 76 83 215 247 252 270 279 294 316 323 335 356 378 432 466 471
75 114 142 148 159 171 175 191 201 259 262 282 286 307 453 460 476 480
27 45 74 95 119 139 144 170 176 179 183 186 237 293 311 378 445 455
34 85 87 102 104 140 184 215 236 274 275 334 361 363 437 451 470 490
33 104 152 168 178 189 195 216 272 286 303 344 345 398 405 432 472 479
30 47 143 167 210 211 222 225 229 259 264 328 359 381 386 398 400 431 499
18 40 45 52 114 160 167 180 190 272 338 371 387 397 404 428 455 458 487
3 9 52 72 111 112 132 152 219 223 235 256 262 315 344 381 396 425 454
0 17 48 56 123 258 274 291 301 308 374 384 388 394 409 417 446 463 489
23 47 86 154 170 172 179 180 237 279 283 367 373 380 396 405 419 424 444
36 58 73 116 123 153 158 232 257 260 265 302 317 327 334 362 371 384 433
45 48 92 127 148 160 209 220 237 263 268 300 330 336 345 357 383 471 486
58 65 105 170 173 227 240 262 267 285 295 297 338 358 367 386 412 428 456
29 111 141 168 201 242 252 285 287 288 325 336 382 425 476 483 484 485 495
8 61 116 120 185 212 246 248 298 305 314 329 337 346 361 379 380 382 449
4 25 88 103 118 125 131 137 164 174 189 252 304 327 381 394 410 458 496
9 29 48 56 77 100 189 206 217 218 243 284 298 309 382 399 425 462 493
13 25 62 92 129 133 230 238 246 250 253 309 325 382 388 414 432 449 458
7 28 48 108 149 166 177 203 219 229 320 359 368 390 392 412 414 468 496
19 64 80 129 159 196 203 253 272 273 307 310 333 349 358 368 445 459 470
10 17 65 96 104 150 158 190 191 208 214 216 257 267 334 344 363 373 399
25 97 158 206 208 220 227 247 255 290 302 308 332 340 342 391 418 448 486
0 51 66 68 95 96 156 190 216 224 278 286 305 325 339 419 433 458 481
9 32 45 49 65 85 110 116 119 160 175 228 255 370 380 399 420 421 454
20 49 241 242 264 291 296 301 313 325 331 337 356 390 403 454 458 477 496
8 27 31 52 81 83 105 119 129 141 176 180 225 228 333 355 410 421 488
16 18 29 48 52 97 147 167 236 261 299 323 328 334 352 407 425 446 448
2 14 52 65 98 170 179 234 289 305 357 367 383 431 437 448 451 459 469
5 119 132 134 192 201 211 251 285 287 316 328 353 366 406 428 468 486 488
31 43 78 90 150 165 177 178 222 227 230 231 238 247 260 276 366 375 410
12 54 100 101 128 148 165 167 183 227 238 258 293 318 360 397 428 431 486
10 21 31 52 56 94 103 134 165 203 233 280 285 303 319 325 356 385 470
11 18 36 58 97 151 167 242 243 285 343 383 423 428 430 431 433 452 468
20 47 55 64 68 156 223 240 262 318 327 369 389 412 438 440 468 469 481
10 23 74 88 99 106 171 223 232 243 257 330 359 428 430 468 470 472 495
22 29 47 66 84 119 127 130 191 210 219 248 309 334 352 402 413 445 495
17 36 45 105 119 146 148 210 242 366 385 398 401 428 431 472 480 496 499
25 53 67 74 91 98 139 199 205 284 292 297 333 381 407 414 432 463 474
7 15 43 48 147 152 169 181 235 274 275 291 307 358 373 434 442 445 477
0 25 40 42 85 102 114 151 158 197 239 282 306 331 363 435 450 463 482
22 27 30 31 58 118 148 151 185 209 264 293 329 331 338 388 394 432 439
0 5 13 21 53 60 73 81 82 177 219 266 277 329 343 344 459 482 490
60 66 80 88 122 193 212 239 266 281 282 303 316 342 357 374 420 443 471
22 30 46 65 80 85 135 259 302 316 317 329 332 363 364 384 446 455 464
3 26 44 99 123 137 159 213 217 225 246 278 282 294 332 333 423 437 443
5 20 75 118 148 168 175 204 207 212 227 234 344 347 391 447 459 473 476
19 34 41 46 51 64 76 131 171 210 212 216 279 318 325 335 394 434 485
2 8 163 179 198 203 205 216 264 312 364 397 407 426 431 453 460 479 481
25 34 46 93 113 134 145 174 190 270 275 301 306 325 373 393 405 470 492
1 22 46 51 63 71 101 135 257 258 280 285 345 356 361 432 444 462 495
3 10 40 44 80 92 93 96 105 167 170 236 252 302 347 368 394 421 448
20 25 36 68 71 74 103 121 126 169 174 177 183 217 318 332 383 446 484
14 48 70 91 119 121 164 246 248 268 275 319 373 397 419 470 482 483 487
31 66 91 108 134 169 173 221 238 253 295 317 326 332 338 401 416 446 486
6 31 68 69 78 90 97 132 158 177 242 279 305 322 341 414 431 435 445
19 49 150 185 226 231 242 245 247 255 257 281 395 422 441 443 477 484 492
15 26 29 30 99 112 134 159 165 179 248 264 290 353 367 369 389 416 425
19 44 56 59 113 128 143 209 239 254 263 297 299 322 342 361 362 398 458
20 28 88 92 129 153 247 253 279 281 282 333 341 396 434 440 450 460 496
12 26 45 57 58 71 169 215 227 258 274 313 345 390 401 402 453 455 478
1 8 39 46 82 87 90 178 180 190 236 297 306 310 334 347 349 377 393
44 48 133 178 181 190 201 224 241 260 272 324 329 366 376 410 436 456 477
30 38 51 86 126 141 142 234 317 326 351 375 391 392 394 405 428 447 492
4 32 50 71 96 132 137 184 194 198 205 209 236 279 331 378 383 456 479
20 22 52 77 132 185 202 245 310 320 326 330 348 372 402 418 428 448 454
3 23 55 58 78 146 148 207 261 289 304 327 329 349 354 382 410 443 476
13 14 30 86 93 101 161 188 199 250 252 275 318 371 399 413 442 457 495
63 148 168 204 205 256 257 272 296 320 345 375 383 393 448 456 483 489 490
26 87 88 133 199 211 249 307 316 322 352 366 401 409 413 415 423 472 496
40 47 74 84 96 126 211 223 242 251 263 269 339 401 407 408 451 471 494
61 71 175 176 203 209 214 296 309 318 341 344 359 402 412 444 446 455 480
19 26 46 56 73 121 140 160 258 320 335 358 386 398 408 410 439 448 451
37 61 81 106 140 148 154 158 237 257 263 287 290 293 309 312 348 378 424
1 42 62 72 73 94 116 135 149 193 216 224 245 274 287 298 326 367 373
6 33 43 81 83 118 131 156 205 252 287 298 305 339 372 374 434 467 475
30 84 94 98 167 223 224 263 285 308 316 318 355 379 397 412 464 468 490
3 67 68 111 121 149 170 224 245 280 292 295 309 346 347 353 358 382 463
10 23 69 181 189 198 236 257 306 320 325 326 336 343 353 371 464 466 486
6 47 52 64 92 159 161 221 232 234 268 326 330 332 394 407 410 443 474
21 27 54 148 153 175 178 236 255 286 337 370 378 396 407 412 439 472 481
32 57 60 103 121 151 199 200 209 323 348 373 397 402 403 406 430 438 444
44 92 112 135 163 172 211 224 243 294 295 361 393 395 398 402 428 468 492
7 11 67 71 102 117 127 149 184 197 238 264 303 308 321 332 343 356 422
2 27 29 42 50 70 73 82 109 157 177 189 278 293 327 333 397 427 471
9 47 56 98 112 142 165 213 249 261 272 336 340 346 382 430 433 435 458
26 67 71 73 76 81 135 191 203 232 246 251 263 298 311 321 388 433 441 475
6 12 31 88 89 121 143 162 166 174 201 213 287 308 382 406 419 421 470 494
4 16 33 43 80 85 88 132 134 176 218 247 343 356 367 368 376 398 411 469
9 14 56 107 127 153 193 262 285 293 315 341 363 370 392 449 456 469 490 493
21 26 28 87 127 135 145 160 167 191 199 222 236 250 258 298 329 332 431 440
12 21 46 66 119 128 181 195 260 271 314 321 329 352 372 381 383 390 447 458
13 26 43 50 93 123 142 153 231 239 242 253 324 330 400 418 421 429 437 495
23 46 47 126 146 189 199 203 208 209 241 245 255 271 297 319 355 422 423 489
19 20 68 82 109 197 214 248 271 282 297 305 309 313 332 382 407 420 423 470
1 25 37 79 94 128 160 164 179 247 290 306 307 346 378 406 443 457 466 481
0 5 54 64 93 98 114 117 118 136 157 184 218 226 364 393 419 445 469 491
19 25 41 55 89 101 116 135 219 239 243 254 258 316 335 367 388 408 415 492
11 24 35 41 72 83 97 139 163 164 179 186 194 232 311 335 344 409 410 494
6 7 9 19 43 46 56 82 142 238 242 245 267 308 325 335 362 365 487 493
11 15 19 33 101 120 137 151 163 174 219 231 236 267 300 304 307 401 464 481
21 29 79 120 121 135 160 166 180 189 199 222 235 246 313 354 367 435 464 498
4 6 13 21 28 32 53 113 120 142 147 174 180 202 263 297 324 433 435 483
1 13 45 90 94 96 133 154 187 234 256 270 318 323 366 370 373 391 471 490
9 29 119 138 170 274 283 297 305 308 322 324 344 361 397 412 451 466 474 499
46 68 91 92 107 109 140 148 178 257 285 291 310 369 388 434 440 454 469 480
5 28 38 39 50 88 97 106 116 137 149 186 209 217 223 336 337 352 403 457
10 27 77 112 113 167 169 203 269 300 316 318 323 329 373 384 405 440 453 454
5 50 74 96 125 126 191 210 219 221 224 243 247 266 269 280 310 320 376 452
20 133 135 171 176 209 228 230 283 316 354 365 400 422 426 483 485 490 495 498
23 55 99 108 135 164 172 236 256 262 264 276 279 289 290 330 350 362 375 412
13 69 111 137 181 198 206 238 240 280 286 305 323 340 369 441 455 474 477 479
4 16 21 26 35 102 110 111 131 195 220 238 259 308 327 360 384 395 484 499
16 164 221 235 251 253 255 283 292 362 379 386 406 424 431 436 439 443 457 475
42 72 73 131 215 228 242 252 267 299 321 338 339 366 372 395 412 416 424 432
3 94 124 138 141 234 251 292 357 358 359 365 369 385 400 413 422 462 485 494
6 8 41 49 67 70 106 107 128 141 195 196 208 301 317 371 401 445 467 493
2 34 41 45 59 133 186 204 262 282 299 301 308 328 336 347 390 459 486 494
8 21 30 35 51 55 97 107 114 154 201 204 216 252 325 328 345 445 472 491
6 89 90 92 175 180 206 211 216 219 230 236 289 292 331 405 415 451 453 460
11 46 99 116 148 151 154 177 186 190 233 244 268 277 294 316 398 441 453 483
5 60 120 134 137 159 215 218 235 247 293 315 345 366 401 402 413 416 422 440
40 45 82 84 116 190 206 245 249 270 272 299 303 337 382 387 389 396 443 474
1 8 27 84 150 157 184 188 193 207 239 259 328 352 375 381 421 432 476 497
5 40 56 87 104 145 150 160 174 210 262 313 314 321 340 399 418 468 471 475
58 60 88 103 106 107 162 165 180 207 208 224 284 298 351 368 415 424 485 494
4 39 78 89 91 154 162 230 242 273 274 278 285 294 319 333 371 391 422 489
23 50 55 77 117 123 135 157 165 227 251 260 310 351 365 371 416 464 489 495
4 29 45 48 83 109 149 153 156 202 263 286 295 307 322 345 400 442 464 481
6 65 168 196 198 247 250 260 274 282 300 305 366 373 411 429 438 443 450 460
13 15 16 38 82 87 97 121 196 198 210 284 302 318 324 355 365 408 426 429
20 22 59 84 91 97 103 114 159 220 244 253 288 313 324 332 386 431 489 493
24 62 66 70 91 93 153 157 162 207 208 209 213 268 271 314 325 450 463 496
17 21 120 132 151 189 196 237 276 283 307 374 388 396 405 416 421 461 477 485
8 63 120 130 183 186 200 235 241 270 333 336 361 418 425 433 442 458 476 477
27 31 68 99 193 220 222 233 236 245 254 261 350 401 402 404 410 423 473 478
87 117 125 239 241 256 271 277 301 310 316 320 342 344 348 376 392 405 410 424
4 34 89 104 160 167 198 207 236 248 264 291 307 353 374 395 402 464 482 498
24 95 120 235 245 248 249 251 253 301 318 339 348 370 399 404 480 487 489 493
19 41 54 140 164 179 197 205 241 279 300 301 332 353 368 372 386 389 421 462
9 37 105 175 229 242 256 280 306 326 349 377 380 412 434 437 446 452 488 496
22 26 35 47 86 93 105 112 128 130 148 172 236 250 260 262 303 320 356 494
41 56 64 86 146 149 191 199 223 232 236 265 267 301 310 380 452 454 468 497
27 56 58 73 151 155 170 189 214 222 256 306 340 366 373 395 397 440 455 464
15 31 62 116 117 120 121 166 182 185 197 251 260 400 403 417 433 466 474 491
6 18 35 58 68 95 99 112 158 159 171 203 234 235 346 419 429 440 488 490
1 21 23 28 71 86 115 125 127 164 181 195 210 316 318 377 390 440 456 475
60 65 73 91 151 156 169 182 236 237 238 240 251 269 316 331 343 394 419 452
17 22 31 50 51 78 118 177 191 220 249 298 318 344 352 376 379 386 411 424
26 40 92 95 116 128 242 264 279 291 308 369 373 385 413 424 436 460 473 477
0 104 110 140 144 145 234 239 253 265 277 284 310 321 344 384 400 403 436 457
8 46 62 70 73 154 187 196 217 235 236 269 281 356 364 380 415 439 456 481
51 54 88 113 138 140 160 174 213 229 311 315 341 359 374 417 421 427 429 460
54 57 60 82 104 115 116 190 198 293 295 302 344 395 400 402 403 446 477 491
61 96 111 143 156 160 210 246 247 254 267 349 366 435 442 453 454 456 465 487
10 31 45 76 82 131 160 163 172 190 246 259 270 300 334 362 384 389 425 488
4 70 137 186 214 231 241 246 287 314 374 375 389 403 423 453 458 470 478 482
22 23 76 98 165 176 182 192 224 258 264 268 322 347 357 403 455 466 487 497
4 9 54 57 84 89 96 102 109 124 166 170 234 264 285 336 338 381 399 493
107 129 132 144 176 214 228 234 248 257 267 277 285 291 292 320 367 455 480 495
16 41 43 58 75 76 135 146 164 180 191 194 273 276 311 327 353 416 465 471
52 71 93 168 171 210 212 220 227 291 298 315 344 376 393 420 428 482 489 497
29 99 124 211 213 224 230 232 246 268 270 271 295 312 331 372 384 406 417 475
41 51 103 105 119 180 194 214 219 225 284 289 301 361 437 438 442 450 469 493
67 104 113 159 165 166 175 222 244 268 290 320 327 348 372 404 443 451 470 491
9 27 32 45 136 152 227 228 236 243 264 267 272 298 302 312 396 413 467 479
