210 213
455 482
400 446
213 284
305 331
150 165
395 397
3 10
122 179
325 336
105 134
126 181
330 356
422 478
102 136
169 198
320 365
213 293
238 249
201 253
38 98
180 192
402 427
242 289
471 474
204 237
219 257
17 79
60 90
34 68
38 80
19 85
443 481
438 493
317 394
106 176
125 139
168 177
218 248
420 469
417 465
227 263
19 55
231 265
12 16
441 477
308 325
419 472
257 262
230 258
116 171
349 371
174 182
242 297
244 272
137 163
443 478
354 395
51 92
95 98
212 215
143 188
109 176
90 99
31 81
256 282
187 192
322 359
12 77
430 451
12 66
224 233
418 468
236 269
125 127
437 482
281 287
125 190
129 174
417 476
236 280
454 485
314 398
6 84
133 148
251 280
105 152
312 319
15 66
125 143
271 283
166 172
51 62
405 443
352 365
136 191
137 153
444 483
332 365
201 237
419 493
113 186
116 173
208 286
421 455
336 379
205 285
108 137
337 360
203 298
410 466
170 173
2 36
306 317
413 421
12 26
190 193
305 332
12 59
359 367
68 87
165 197
320 339
39 81
338 366
145 157
16 94
162 177
227 299
17 52
448 465
110 192
10 64
447 454
102 123
26 60
35 39
485 494
371 376
407 461
76 86
304 342
119 127
250 255
20 54
52 65
241 267
15 81
165 195
45 70
209 295
149 176
140 195
54 88
429 441
352 364
343 365
253 297
301 307
132 193
258 272
112 194
48 97
217 299
213 267
338 368
133 187
420 496
310 385
344 394
207 222
333 356
20 29
48 79
154 158
434 440
405 429
108 122
418 477
130 179
441 471
300 310
26 52
103 136
405 461
14 55
188 191
310 369
241 273
386 389
13 75
321 387
335 389
138 185
39 51
435 451
223 289
216 277
37 75
400 463
20 64
248 291
245 296
104 187
30 82
302 346
115 132
161 193
174 175
401 437
452 475
2 22
251 281
56 62
249 259
207 250
75 81
257 264
45 84
53 92
205 257
36 40
65 70
448 469
82 92
140 192
426 428
447 473
246 259
119 146
321 365
307 318
323 334
120 131
117 123
101 146
208 296
331 391
206 287
29 34
17 98
249 264
306 391
206 269
283 296
309 363
208 261
379 386
417 476
143 187
263 286
309 370
450 474
319 346
115 158
147 199
444 499
109 151
417 420
284 299
4 46
135 173
6 43
114 157
341 387
144 187
216 292
312 325
350 364
255 268
160 168
408 424
128 170
220 262
477 499
31 34
349 386
362 387
411 483
411 424
83 99
76 80
252 260
318 321
319 346
24 61
327 389
283 296
443 449
416 474
42 58
330 339
211 292
465 476
253 285
427 434
174 184
345 356
52 70
327 348
44 64 375
60 90 99
124 141 219
51 209 276
40 465 486
25 218 254
250 359 392
122 194 268
76 83 92
107 112 403
253 427 492
110 167 347
4 6 296
307 361 484
267 271 277
46 60 78
36 43 229
81 369 372
428 442 447
193 305 363
109 140 196
7 36 296
256 429 473
21 333 392
163 229 250
190 307 352
52 55 161
60 344 353
15 73 236
5 10 33
29 88 93
53 483 491
118 145 164
301 330 331
151 401 448
55 77 357
200 204 247
387 388 453
170 374 395
50 326 346
388 442 458
215 261 348
214 278 300
238 264 267
233 415 419
232 283 439
123 135 330
73 81 222
12 42 85
303 325 395
1 8 165
66 73 454
212 372 382
274 326 340
101 212 296
303 345 347
304 426 427
160 186 195
30 235 243
170 231 257
283 442 467
340 344 357
169 172 470
277 400 422
130 191 416
44 68 303
124 166 168
36 42 56
175 440 443
44 61 417
317 400 460
339 343 358
237 421 445
27 48 373
12 312 395
244 428 494
150 181 289
132 185 433
311 395 451
224 261 262
38 62 368
418 430 472
193 199 290
127 167 365
103 139 491
9 224 299
102 182 387
305 309 357
164 413 486
136 188 421
104 195 201
310 375 397
184 335 370
199 432 489
166 411 481
224 258 473
98 203 299
215 443 450
9 33 284
234 424 454
194 337 395
129 434 491
16 21 146
84 333 377
43 83 246
241 257 273
235 328 383
142 165 238
100 159 355
106 409 466
140 307 347
55 130 172
37 321 346
207 256 346
48 95 295
97 119 181
179 309 328
57 95 137
58 108 123
51 68 385
14 99 423
106 120 191
91 346 375
133 171 444
222 286 348
122 126 142
355 401 496
16 56 156
27 74 125
64 288 291
254 309 375
160 351 386
116 170 266
308 373 418
203 218 253
163 326 392
89 435 437
244 264 304
152 186 392
152 190 459
107 141 143
39 362 384
74 83 366
130 337 354
150 151 200
30 422 494
308 367 380
170 327 330
321 345 383
313 315 332
7 232 251
138 212 268
209 210 338
119 143 164
340 379 387
2 25 488
81 303 307
259 300 394
201 210 227
178 308 366
145 152 216
411 427 466
341 351 367
198 328 348
252 267 289
114 139 179
108 136 241
129 195 432
80 476 490
451 455 467
424 455 468
261 312 397
429 431 439
2 46 323
485 494 499
302 307 338
83 339 396
226 272 330
25 51 192
176 431 478
53 68 88
390 396 428
183 186 358
150 165 445
249 315 342
161 181 442
8 71 101
18 39 491
219 249 444
204 275 397
169 174 348
36 78 172
117 416 486
322 340 375
118 137 185
36 407 446
120 307 320
203 308 375
225 254 297
125 135 256
3 81 424
164 195 308
200 251 337
138 143 214
10 39 92
438 448 490
117 155 364
23 262 275
257 275 451
130 144 350
342 414 420
120 190 195
297 410 489
269 270 385
211 227 398
117 160 328
40 137 156
77 97 318
116 307 379
199 409 479
223 265 355
278 366 379
104 127 187
138 142 280
206 215 232
330 377 396
85 418 440
24 41 309
206 250 438
212 488 499
325 407 492
5 275 283
65 459 493
270 402 447
138 209 238
10 457 495
14 46 186
187 462 468
215 449 495
27 51 384
143 441 482
210 223 305
130 199 218
104 113 429
149 309 382
15 91 396
144 328 368
79 282 289
211 229 259
218 315 384
167 401 476
433 455 491
442 448 463
107 131 139
61 171 185
19 100 179
119 170 219
30 306 341
41 142 143
251 339 368
95 406 428
183 348 357
180 182 371
58 117 177
20 67 201
357 360 367
12 403 416
56 224 261
337 340 371
20 84 289
242 290 404
26 60 231
109 193 484
253 264 274
74 331 372
0 13 186
7 483 499
60 82 95
216 254 327
387 446 458
301 403 424
50 57 422
174 281 299
179 400 456
113 117 181
257 309 325
258 287 319
32 39 272
436 461 481
38 67 103
40 42 56
124 158 409
62 67 453
10 41 325
349 432 455
140 149 327
94 247 255
211 408 431
1 57 65
18 61 302
104 146 422 449
51 59 67 194
163 205 219 325
28 41 51 78
254 286 313 335
254 262 330 468
144 179 447 470
177 273 294 461
64 91 106 220
153 197 255 453
28 199 219 278
33 235 238 354
138 361 428 480
31 358 363 386
22 70 81 237
4 41 121 481
99 189 305 308
95 320 372 400
48 52 82 138
220 274 328 437
50 72 75 326
31 435 452 465
209 299 346 483
80 87 266 430
106 124 137 145
15 98 272 486
75 275 413 437
106 184 280 355
146 306 419 420
40 121 169 368
62 63 254 380
50 74 322 450
359 365 498 499
60 388 412 492
324 420 438 489
158 173 246 486
32 333 345 381
7 25 406 433
198 235 245 342
98 131 159 189
41 83 208 221
186 272 300 303
80 300 395 398
235 304 408 491
105 216 255 326
15 46 198 273
29 106 123 225
6 125 323 357
23 352 360 440
85 220 264 288
151 321 487 497
154 257 328 337
48 215 278 282
64 279 284 349
60 69 414 454
164 196 230 243
2 214 228 251
285 360 384 421
33 48 290 398
17 102 305 330
177 195 200 317
99 161 171 217
10 294 432 472
36 186 218 258
122 185 403 432
181 225 493 495
269 272 405 409
195 397 413 415
137 314 382 470
231 238 262 310
206 228 357 492
221 228 244 261
64 96 271 291
241 425 457 490
127 149 205 264
62 88 181 208
80 218 415 463
69 93 96 330
34 420 452 467
138 413 459 496
91 144 328 363
223 287 409 428
220 323 352 465
94 160 418 438
30 35 149 196
4 30 35 465
240 259 327 353
104 443 451 472
100 449 484 488
43 225 298 479
73 146 420 436
122 143 242 444
126 239 325 352
115 260 269 314
0 32 64 359
129 189 246 335
29 127 159 463
68 73 266 328
33 196 411 488
35 55 65 167
88 117 169 482
45 137 199 327
278 341 400 486
19 153 172 238
34 73 476 492
139 455 467 471
107 152 326 335
67 309 330 394
74 100 361 390
54 137 222 235
59 144 163 438
144 213 283 454
19 20 170 211
84 203 251 262
42 78 98 333
56 94 403 435
279 289 296 495
14 33 100 336
31 84 286 491
187 252 289 290
9 57 88 492
54 124 331 354
19 89 181 498
159 190 470 480
197 365 437 462
132 187 469 473
46 170 489 498
118 262 408 457
264 287 465 490
269 297 439 493
223 259 260 414
100 209 299 469
214 280 301 396
195 237 250 299
38 53 232 263
214 272 373 440
35 47 87 431
136 421 423 425
84 118 429 491
260 300 390 392
32 36 52 455
1 37 47 54
230 266 269 308
245 353 368 377
15 213 223 423
242 355 377 450
63 64 88 186
128 169 334 349
140 407 435 472
219 244 262 269
33 76 96 458
209 391 438 467
0 298 323 333
48 158 195 402
108 287 346 368
125 344 422 462
2 45 102 497
39 327 382 441
378 384 477 496
43 94 232 383
188 343 422 498
276 288 377 488
23 37 157 173
25 85 354 367
19 41 271 386
5 20 75 482
0 172 314 396
206 209 297 397
218 437 448 460
138 315 323 490
145 159 352 404
49 224 456 497
135 157 171 347
107 212 392 393
85 110 164 374
48 188 217 259
111 291 309 333
360 383 393 496
35 71 236 484
136 183 208 295
8 235 425 464
15 66 180 421
135 173 182 497
119 158 225 361
3 21 97 392
25 326 333 373
159 194 305 377
63 104 114 117
248 282 340 368
352 390 421 433
401 451 462 485
3 27 414 416
234 267 335 340
13 22 62 270
17 95 224 268
231 262 405 487
89 334 352 414
144 193 433 496
234 249 280 347
12 428 494 495
114 134 188 220 378
54 71 117 406 454
73 159 254 304 340
84 307 326 351 415
37 55 241 377 420
8 63 139 376 425
31 74 84 365 377
18 39 177 254 270
11 252 285 324 397
0 78 89 304 393
261 269 336 365 387
92 230 241 303 348
41 95 143 146 429
37 40 270 320 427
112 208 418 422 451
41 144 453 471 491
37 84 213 217 254
65 119 172 218 365
250 256 261 441 471
131 307 392 393 421
118 148 230 248 371
233 239 257 381 495
273 331 340 381 440
21 27 71 73 229
257 282 285 354 459
53 59 259 274 351
13 334 371 426 463
184 311 342 352 477
11 51 55 233 358
45 114 118 129 192
150 166 198 257 320
87 132 138 192 295
106 126 355 465 499
346 355 420 429 476
113 148 280 296 345
65 176 216 273 313
198 265 278 294 318
230 242 271 285 488
312 415 423 426 453
135 247 297 385 463
92 99 239 285 315
9 217 311 316 338
138 225 267 272 419
83 105 156 200 244
19 22 275 435 445
60 79 172 436 466
47 113 122 128 319
65 67 188 411 472
31 44 81 168 497
70 78 148 291 327
29 57 78 91 363
33 62 252 429 453
120 224 241 306 322
100 125 167 222 287
195 324 436 468 484
36 42 59 212 448
58 126 313 395 418
5 61 73 307 345
100 302 401 425 456
234 251 263 397 403
53 70 328 398 435
213 280 356 360 480
169 195 219 291 409
272 309 359 392 415
44 82 99 202 238
213 245 283 404 495
81 119 321 335 368
20 74 146 217 223
38 65 324 327 366
94 190 307 336 499
100 139 313 358 443
18 24 60 295 399
94 145 147 190 401
109 135 140 372 469
73 215 352 386 390
43 156 277 468 470
94 198 268 314 379
117 161 205 307 351
85 127 204 298 445
46 54 72 343 416
170 209 247 249 415
46 169 234 247 265
81 326 327 400 437
169 196 327 398 450
2 196 273 278 467
34 114 143 275 457
4 9 121 212 249
10 115 131 161 316
7 122 149 215 340
153 304 362 442 456
124 231 242 358 369
88 245 295 300 496
87 314 347 393 496
115 158 191 193 294
202 223 272 288 290
102 244 250 292 362
208 231 251 257 278
222 225 250 252 435
410 424 447 449 475
73 328 388 392 411
153 223 310 352 497
232 298 429 435 480
38 61 312 348 354
21 105 266 311 333
40 64 131 439 495
164 262 337 352 493
112 135 280 302 391
62 184 448 449 487
115 211 412 454 456
116 151 175 311 437
5 266 270 362 416
141 165 331 343 362
108 120 140 197 253
15 120 313 406 408
191 269 326 376 435
47 194 200 261 279
63 97 213 228 491
10 84 204 324 342
41 42 50 204 467
12 34 83 124 125
93 179 415 430 442
85 125 251 294 308
52 119 337 413 447
166 210 228 387 423
20 122 272 460 469
120 240 266 301 441
39 84 109 110 116
13 23 271 449 475
176 274 280 443 485
54 88 97 147 328
49 124 338 441 498
101 185 191 236 303
92 189 320 443 460
11 138 403 433 435
67 102 119 305 478
157 174 236 444 487
167 203 308 335 396
5 7 41 118 353
4 76 93 249 401
209 210 211 262 265
1 38 354 364 479
167 213 238 283 445
76 250 255 294 406
4 106 370 454 489
15 61 62 264 334
174 326 389 407 471
42 99 203 256 363
224 238 262 308 477
168 243 257 355 399
36 75 81 172 324
154 185 216 289 376
39 190 193 276 322
76 235 263 267 349
53 65 189 417 491
211 225 298 319 410
148 197 203 262 274
105 212 274 431 490
348 360 362 413 449
79 139 160 284 353
94 166 288 304 363
90 116 119 199 412
134 165 275 277 291
103 387 420 440 458
26 267 324 493 496
220 309 353 365 451
98 436 443 471 473
182 207 225 326 332
35 60 95 359 433
269 298 422 470 484
8 25 341 343 493
63 203 221 311 356
13 44 91 384 443
100 224 317 456 473
13 138 177 238 355
60 201 388 403 472
61 72 79 82 288
157 160 347 367 376
185 356 361 445 465
83 242 302 318 357
29 49 136 144 317
76 114 162 189 448
45 147 186 190 483
38 48 63 71 177
51 107 180 199 452
79 241 310 370 448
8 179 294 433 434
37 153 200 207 468
106 168 268 446 478
144 152 154 263 293
33 101 263 311 355
121 201 205 273 300
127 162 257 310 386
20 68 187 444 466
100 123 271 312 317
33 194 206 453 461
15 144 188 386 388
270 312 323 453 493
11 23 50 76 103
40 109 160 195 417
198 241 321 414 478
239 251 291 309 333 380
44 210 414 472 480 489
103 122 202 413 414 429
6 104 279 428 487 489
172 188 196 322 404 449
19 229 321 359 424 433
103 183 215 236 354 374
23 98 124 195 306 370
30 58 316 326 382 494
151 201 221 226 233 298
181 184 359 419 427 497
20 114 127 142 250 291
279 363 401 425 437 498
234 275 293 312 344 479
63 83 96 100 428 491
64 103 126 179 371 380
19 251 269 275 435 487
37 44 249 264 308 338
79 115 129 136 188 426
48 265 389 393 408 427
104 149 192 427 449 458
127 131 134 259 435 497
27 104 110 186 335 495
24 160 374 380 389 420
42 106 119 200 326 366
141 160 175 235 271 442
305 314 364 380 403 450
9 18 363 369 375 466
287 292 372 395 396 455
108 124 217 338 357 373
29 82 85 162 375 455
121 136 150 250 394 478
188 265 360 424 428 451
1 56 290 299 388 414
136 147 356 387 413 450
253 302 333 369 374 396
93 112 211 271 459 484
149 187 248 318 366 379
115 310 329 373 374 388
51 62 76 119 194 373
15 74 186 325 352 474
14 82 189 317 336 341
30 173 402 412 431 486
57 184 211 219 261 295
1 13 35 44 215 234
31 198 217 245 248 257
11 71 200 241 286 289
153 194 228 229 257 311
18 51 310 378 432 473
113 205 305 307 360 377
46 78 255 279 430 439
11 74 87 99 419 438
96 160 181 190 361 421
218 295 358 378 381 390
233 254 277 295 297 404
303 304 321 327 364 414
0 10 363 365 402 448
76 96 158 357 439 445
286 312 316 336 369 440
29 56 66 119 142 443
34 44 132 185 201 422
106 202 300 331 416 427
93 128 356 365 406 444
69 86 150 191 422 486
169 257 314 410 437 443
50 65 176 241 290 467
19 63 80 86 210 292
126 144 354 426 436 450
0 144 176 200 247 248
33 42 291 438 459 498
117 133 200 296 430 495
35 153 278 353 360 377
1 28 40 305 379 383
141 336 359 387 433 494
32 124 166 235 245 270
115 137 141 160 318 404
43 69 207 306 311 390
8 71 78 226 254 409
11 56 64 158 159 494
234 287 320 399 459 469
15 42 65 98 144 235
128 354 364 371 435 468
0 17 22 46 356 467
140 302 366 439 472 480
14 70 109 181 312 366
117 125 128 146 215 223
102 143 157 264 312 470
106 120 130 255 417 482
37 105 107 305 421 449
82 112 300 361 369 370
57 72 196 230 240 476
18 83 96 446 456 497
9 21 25 81 209 222
143 276 287 420 422 486
11 42 128 335 473 483
15 126 262 291 297 347
255 357 411 457 478 493
27 219 288 298 392 408
16 41 357 440 465 487
125 187 192 228 239 390
25 123 148 157 279 350
3 104 235 298 465 480
146 281 346 396 411 473
148 179 229 249 253 368
6 7 10 19 51 260
125 160 168 182 298 330
40 214 256 357 394 467
7 211 338 383 413 485
160 326 345 358 383 425
62 251 297 301 330 396
62 229 432 455 459 494
32 54 64 132 239 241
21 26 97 384 391 416
25 183 279 361 408 471
108 131 301 305 350 383
159 162 314 336 447 472
121 178 225 270 295 473
108 245 255 386 404 492
173 178 303 413 473 488
40 145 162 238 352 414
90 92 293 308 328 392
46 70 71 121 344 402
203 214 337 374 398 405
47 95 270 276 282 307
12 333 373 409 412 476
6 167 305 371 396 440
6 8 32 33 319 350
62 80 88 258 305 391
0 101 203 332 333 376
46 71 217 360 434 469
132 176 351 356 425 473
205 232 247 293 353 364
62 103 157 299 426 491
209 222 328 343 376 489
87 94 325 386 429 489
19 22 35 86 231 375
16 26 141 169 196 230
134 204 212 213 246 472
55 68 115 125 143 273
51 52 99 190 395 398
119 185 254 407 454 481
99 274 291 373 413 442
98 210 257 412 455 489
40 110 176 324 392 427
25 108 201 207 245 256
144 279 308 337 365 493
155 238 242 261 429 449
6 20 96 186 370 435
42 167 344 430 479 485
49 150 456 461 486 494
57 258 291 346 348 417 480
23 58 110 117 230 271 441
128 149 264 314 375 385 451
27 67 120 155 170 278 292
88 106 326 434 463 485 487
3 113 125 275 391 452 472
61 70 214 263 315 366 454
37 38 160 371 375 440 463
34 79 83 166 298 395 479
61 69 138 262 445 457 474
57 97 157 161 291 402 472
32 109 164 169 211 265 340
189 312 418 426 484 492 493
56 73 85 212 226 373 466
38 66 253 284 483 491 497
120 281 298 328 385 421 460
12 38 252 295 422 424 445
113 189 289 291 349 358 384
62 74 78 185 224 451 476
225 259 295 449 478 480 481
110 136 167 175 177 334 379
24 62 152 417 432 455 461
187 284 304 310 360 366 496
246 270 289 346 354 383 415
63 127 142 220 236 309 322
88 131 160 196 197 272 283
7 24 46 137 220 260 275
109 302 313 321 364 416 453
52 164 189 228 245 395 427
98 139 236 243 276 289 298
60 230 359 360 372 410 436
10 28 69 81 174 244 256
131 181 189 232 250 352 378
45 203 215 274 280 419 432
0 92 112 119 182 221 473
21 32 69 210 301 309 406
49 97 171 313 324 344 465
87 201 240 250 329 416 446
144 167 188 212 332 343 426
15 212 224 327 341 399 417
24 61 126 322 358 412 427
128 132 161 379 418 450 482
30 48 57 88 137 176 243
12 72 229 233 298 327 409
15 20 231 279 312 395 433
38 40 43 85 98 130 411
4 20 77 131 149 305 465
38 253 288 346 349 383 412
158 223 391 420 430 439 494
93 110 191 330 334 402 477
92 210 238 450 455 458 474
6 28 159 275 318 391 444
0 18 46 178 336 368 435
31 77 301 322 386 449 477
107 136 149 155 377 397 456
244 261 263 269 302 425 471
107 169 273 330 359 377 419
30 118 140 175 253 488 498
43 61 215 227 289 334 376
60 131 333 348 392 395 456
194 218 244 294 297 318 383
31 87 181 281 435 479 489
134 206 223 237 342 376 443
24 142 197 203 318 332 466
23 118 208 253 290 392 484
26 66 88 111 249 260 292
108 117 206 339 350 395 460
143 230 232 262 340 343 476
4 43 83 162 227 321 443
19 76 89 228 230 266 481
114 122 161 187 198 239 277
32 170 172 199 375 406 426
73 133 212 218 259 363 448
36 91 236 239 315 415 487
169 248 283 391 436 461 493
20 77 122 215 246 265 279
1 74 87 178 265 345 365
47 112 122 154 222 355 386
212 302 323 330 358 384 403
120 156 198 224 246 353 430
129 133 165 254 296 346 393
96 98 114 315 361 429 479
11 51 244 270 274 417 477
130 264 267 330 338 392 398
85 122 123 171 223 259 296
107 110 138 207 227 417 480
213 215 272 370 406 445 453
5 56 124 203 205 259 277
77 160 281 335 417 459 476
55 62 215 334 366 433 447
68 85 141 308 330 390 487
94 153 267 303 353 386 445
15 246 331 348 413 419 437
48 105 160 172 275 388 484
7 51 56 105 209 291 489
10 73 292 363 410 453 495
31 82 100 283 287 304 382
21 22 31 243 250 307 378
20 44 144 295 311 473 492
9 25 28 59 336 351 455
279 299 315 318 369 398 423
2 21 23 97 227 253 489
38 84 99 320 367 438 499
109 120 129 136 206 247 274
320 367 380 407 426 459 487
21 31 204 244 278 323 371
149 156 208 239 331 419 467
73 77 278 317 363 430 492
63 94 109 305 324 358 367
36 54 65 143 390 444 455
50 53 67 70 182 381 433
119 144 187 197 234 328 368
13 20 61 93 198 212 391
18 42 52 212 316 359 488
55 144 215 227 290 310 370
77 189 247 257 357 381 416
89 123 155 232 274 400 463
141 274 364 370 397 398 452
31 87 327 331 406 412 453
84 199 290 345 422 432 498
48 95 225 279 300 319 461
20 78 124 132 288 347 372
102 139 191 265 325 333 342
100 244 273 305 403 404 469
201 300 311 356 386 391 401
52 57 193 328 436 464 483
38 64 67 73 189 228 353
30 40 44 57 143 156 232
65 102 113 147 183 186 248
57 135 268 277 291 328 329
64 89 191 212 253 277 381
10 30 51 57 177 249 437
27 142 240 257 306 387 443
22 34 194 268 306 333 343
1 66 263 328 335 351 449
19 76 78 87 297 326 349
63 116 263 348 383 463 465
78 87 134 155 179 192 310
5 237 376 420 439 467 493
151 201 286 294 342 416 423
102 113 215 316 347 359 381
2 68 126 210 269 270 474
43 200 223 249 256 291 347
104 117 124 236 286 383 459
112 127 358 404 438 460 487
31 182 184 234 451 457 458
17 71 136 223 324 358 410
48 112 157 173 277 371 473
108 185 241 243 359 417 423
71 107 132 189 250 288 463
59 61 196 357 438 461 474 478
90 91 98 115 120 159 263 364
14 19 72 106 202 262 331 469
253 306 353 359 368 411 431 473
29 119 237 290 372 419 440 451
49 64 70 126 135 165 327 418
2 13 183 212 229 277 414 460
53 72 80 102 236 292 306 455
93 100 134 187 276 294 312 454
71 78 79 104 198 376 415 456
9 11 58 70 111 319 357 484
66 115 307 366 368 427 430 437
113 208 289 300 321 465 470 487
32 83 314 368 466 472 477 494
27 91 312 322 340 384 395 414
136 185 226 258 378 380 429 480
29 114 138 205 356 387 397 439
13 93 241 388 397 414 419 498
47 134 184 212 261 312 378 491
28 34 151 155 164 345 357 382
39 162 197 208 409 410 439 486
20 154 216 281 318 340 343 449
70 79 127 175 218 232 283 383
8 9 47 89 146 147 177 191
123 241 326 344 359 369 382 478
64 189 221 237 384 407 463 472
7 36 122 171 237 311 336 494
130 136 164 169 193 200 365 432
10 95 258 312 332 346 359 384
48 125 150 168 301 374 382 433
47 124 125 145 170 189 268 494
1 176 226 228 260 314 321 368
105 123 136 193 232 282 289 458
76 150 168 310 436 449 462 478
19 58 93 94 126 182 310 312
119 170 205 359 415 443 462 497
116 130 156 160 179 223 270 436
153 236 315 344 388 437 459 489
108 136 222 336 432 439 443 464
34 52 63 149 267 360 368 416
6 84 143 144 198 372 388 491
11 31 64 166 205 360 388 391
205 228 293 300 356 410 452 484
22 38 186 194 296 301 367 378
192 288 302 306 312 343 438 459
33 49 67 401 415 447 456 459
3 75 161 231 299 357 413 471
88 129 141 311 338 385 446 454
266 336 360 404 420 429 473 487
41 70 110 136 305 334 370 405
2 26 58 90 125 161 396 435
121 130 194 195 273 345 390 431
1 134 303 365 389 436 462 471
11 50 102 116 331 383 440 460
66 140 153 160 196 351 397 432
22 123 126 147 156 170 398 426
52 55 91 101 133 156 243 250
62 121 166 173 264 436 439 471
59 84 240 313 316 381 412 481
27 108 157 225 330 437 452 495
18 57 64 126 135 202 265 485
171 198 218 267 353 359 457 473
53 88 146 160 178 208 280 345
2 22 27 48 110 214 254 390
1 83 100 148 241 250 272 284
120 231 265 290 354 386 402 492
280 296 322 335 340 407 417 474
155 163 213 337 422 427 459 475
109 166 177 218 288 334 335 341
45 109 123 220 299 324 328 358
8 44 75 76 102 183 203 268
24 204 277 303 341 359 384 390
18 129 267 273 313 359 361 364
24 195 303 332 352 359 415 474
18 48 60 202 291 293 331 461
24 90 152 159 414 424 432 452
52 159 309 343 347 379 404 469
60 74 119 285 303 316 340 466
0 84 222 248 268 308 364 497
100 149 182 200 220 408 416 433
67 99 152 192 226 259 266 409
21 45 83 146 212 213 434 438
38 58 215 282 377 390 437 468
117 156 160 267 338 368 375 442
209 242 262 269 273 343 364 466
132 202 209 251 257 357 387 447
159 201 216 327 348 366 435 471
21 92 117 130 281 371 467 499
3 229 297 331 351 354 405 468
6 33 166 199 203 278 382 484
39 150 232 236 295 319 401 473
0 29 137 187 222 293 411 494
195 287 310 318 384 397 421 447
110 126 177 193 278 417 419 447
2 85 159 208 258 364 381 384
33 73 138 180 193 283 327 463
29 107 117 149 375 383 405 493
17 93 105 151 246 401 423 447
134 180 276 365 426 432 459 469
51 66 89 104 172 225 278 478
6 40 116 214 242 301 327 353
43 238 247 291 353 402 446 489
78 100 106 156 207 270 297 431
20 25 58 68 130 303 422 434
35 102 126 188 220 379 469 475
95 97 132 212 249 258 422 454
52 94 232 278 316 363 389 399
46 162 181 217 273 361 375 379
3 11 182 266 354 408 425 459
7 25 37 104 107 195 200 260
2 4 11 54 75 99 131 185
18 63 101 189 316 351 379 402
3 6 27 44 54 59 190 417
89 109 113 161 196 248 364 373
119 153 165 244 261 306 388 496
8 28 53 66 144 337 437 467
233 256 265 271 310 318 484 487
11 53 164 220 308 309 351 376
5 62 209 284 329 402 412 452
21 57 205 210 232 341 346 387
12 55 82 84 88 96 150 474
23 111 115 172 208 241 401 491
52 66 70 81 131 286 294 481
21 100 122 181 182 184 339 344
2 142 149 223 250 273 424 475
82 109 221 247 250 279 284 355
23 51 129 240 319 346 399 426
24 33 47 120 277 281 308 452
146 175 223 246 273 306 320 393
176 219 275 280 325 348 382 389
15 47 59 114 125 195 207 223
76 88 135 139 142 148 470 489
17 21 37 56 77 162 337 410
118 119 196 225 317 381 465 492
27 102 145 199 214 325 362 417
25 35 53 120 133 263 337 370
74 77 108 113 217 228 377 428
119 123 148 226 229 280 345 365
126 203 212 246 270 392 431 437
42 136 160 239 262 437 453 493
0 163 303 309 320 399 434 454
6 81 144 201 215 404 412 424
31 54 67 130 227 299 408 454
97 159 209 265 336 414 427 495
83 169 360 384 396 416 464 499
8 11 100 163 217 240 346 367
36 117 128 144 304 307 481 496
47 59 351 376 377 438 449 477
0 52 124 173 248 297 350 384
184 213 233 285 298 306 424 460
19 88 175 218 263 272 277 322 398
15 24 36 70 177 207 287 339 390
37 112 170 185 234 259 325 392 423
39 125 138 217 250 258 435 451 493
18 59 71 137 150 194 247 423 456
4 22 25 36 95 97 309 316 377
8 39 102 121 258 262 418 442 463
96 101 104 136 146 248 252 308 479
55 131 250 279 338 341 352 359 371
19 102 113 122 203 257 313 315 477
60 109 240 250 254 330 335 425 435
46 57 130 176 211 258 406 419 497
67 96 174 193 252 284 411 414 448
41 53 80 104 105 133 149 184 358
18 74 106 131 234 311 335 345 448
33 194 197 287 331 407 409 454 471
85 127 134 155 169 181 222 325 366
11 41 51 112 114 184 253 414 466
108 162 176 200 233 351 357 409 469
32 36 41 108 164 172 257 268 276
14 229 248 430 438 472 477 488 496
74 82 129 219 291 326 336 346 358
3 51 54 63 332 373 420 444 446
1 18 239 277 301 449 475 477 495
2 63 131 145 202 240 257 289 404
133 167 174 254 278 383 415 418 434
101 151 177 210 221 240 338 372 436
234 239 275 314 316 354 408 412 438
49 84 127 142 162 188 280 362 489
32 58 72 100 107 134 286 408 452
17 53 57 200 240 247 249 270 369
7 18 138 148 312 338 441 461 468
73 177 245 306 392 400 415 448 454
37 66 180 208 220 287 359 398 496
111 138 159 169 248 271 358 397 461
81 152 156 183 302 303 327 415 480
84 111 125 243 254 280 303 396 444
35 50 209 232 245 253 419 447 489
31 174 262 288 368 417 445 488 490
59 80 93 208 305 329 403 434 476
40 180 280 346 380 452 464 482 484
13 40 135 157 270 281 310 321 394
7 57 79 119 205 255 338 361 378
69 71 221 235 277 278 435 479 494
51 68 69 142 183 227 262 265 368
22 35 100 108 197 316 318 452 470
235 236 289 350 369 453 458 474 486
8 149 253 270 421 441 465 492 497
106 121 156 160 318 321 349 394 430
118 148 208 211 229 276 299 390 415
9 185 258 277 366 368 369 452 478
100 133 142 192 273 439 444 464 483
107 131 244 250 308 316 473 486 492
6 110 166 203 220 319 414 473 479
7 29 68 80 101 133 267 427 441
2 55 76 151 183 318 460 473 491
46 53 58 60 197 220 293 326 408
251 279 299 301 327 360 366 367 425
25 27 122 133 140 233 256 331 359
53 71 215 230 256 285 304 308 461
21 55 110 119 148 156 231 272 413
49 72 244 296 329 341 372 393 418
11 34 119 226 280 283 362 382 403
52 129 140 169 171 184 329 371 491
49 91 97 147 161 247 252 371 446
6 72 104 173 194 198 269 362 379
37 60 101 184 214 310 340 344 490
18 27 32 354 382 424 456 460 474
42 171 185 274 372 395 444 471 476
31 149 158 173 187 263 385 420 470
83 187 235 261 273 298 389 407 479
12 63 247 276 301 318 417 443 445
193 248 283 332 362 403 418 485 497
69 92 199 237 277 343 367 402 423
9 159 277 341 362 380 384 421 460
87 163 241 253 321 485 488 492 493
2 7 19 68 146 155 281 282 358
1 25 39 47 119 191 241 284 360
68 106 249 261 357 384 386 470 471
49 167 188 191 310 369 380 455 470
26 29 49 121 128 169 243 295 365
41 43 152 289 333 373 406 442 483
93 114 140 162 180 276 396 444 477
84 215 224 241 248 282 306 475 479
25 38 95 166 286 326 351 358 361
36 44 46 61 89 165 310 402 485
18 35 86 87 165 209 239 346 455
10 65 81 92 174 205 229 291 355
64 201 274 289 293 312 340 405 491
112 198 205 259 318 349 409 473 483
46 95 247 299 399 411 441 475 478
67 91 189 242 246 250 268 272 443
192 253 260 279 281 282 302 328 359
82 223 277 302 333 371 389 400 432
58 164 190 222 244 309 362 383 491
27 102 168 204 233 256 265 372 448
1 54 126 147 163 196 255 423 424
2 244 256 260 297 383 392 396 457
57 131 239 249 256 314 335 346 488
6 17 33 91 94 192 315 420 424
86 103 270 295 301 347 391 462 468
10 95 126 227 234 308 344 367 497
20 55 115 179 252 361 395 457 469
39 175 204 379 432 470 477 481 493
40 111 282 290 291 389 406 421 462
169 198 205 254 283 349 387 444 468
23 99 123 286 341 385 430 431 496
137 226 259 418 420 456 466 467 498
14 121 144 231 338 378 463 467 482
127 183 191 228 268 311 320 345 412
12 80 116 122 147 200 280 338 339
25 153 179 194 230 260 372 400 408
46 63 115 263 308 316 317 355 430
50 69 104 251 269 385 410 431 482
130 133 136 193 231 261 279 402 405
122 165 254 322 346 374 385 409 449
26 77 128 166 168 310 313 363 383
65 71 73 148 157 235 300 333 453
12 126 163 197 206 236 311 312 427
31 156 184 186 377 409 439 477 493
23 24 45 159 177 339 348 398 498
28 105 227 293 312 364 393 427 493
35 145 177 230 261 309 327 340 397
136 146 192 230 271 332 361 487 491
35 171 210 283 301 433 476 485 490
69 125 148 305 320 334 360 375 446
46 56 129 144 269 359 411 423 468
11 139 252 281 293 332 409 444 461
78 86 122 155 233 406 408 413 435
8 10 32 184 198 345 426 442 447
45 74 97 144 163 206 232 347 421
9 50 80 120 332 336 422 439 456
20 54 57 105 124 134 180 228 367
24 55 173 191 239 264 287 406 452
28 29 86 94 129 350 379 390 399
11 53 121 193 236 277 357 386 449
33 49 56 75 93 108 180 281 494
74 166 190 214 237 269 277 369 380
103 292 299 315 318 377 390 448 491
4 104 129 167 187 191 442 451 473
109 115 157 179 233 234 330 337 352
0 114 126 154 222 279 328 392 451
0 8 230 265 363 437 466 476 479
57 170 172 174 272 319 376 428 498
40 53 258 275 293 337 359 372 439
41 131 151 171 177 221 297 365 430
14 210 351 366 400 414 446 457 479
47 56 92 133 248 305 346 464 481
127 311 322 323 364 401 478 494 495
13 57 59 60 69 76 121 261 274
38 39 49 345 372 413 431 441 442 474
107 141 156 268 343 355 370 419 429 486
77 227 235 248 287 345 375 426 432 499
84 182 211 223 234 337 393 397 407 452
126 186 272 305 343 351 398 448 468 470
123 126 171 172 177 214 223 288 374 389
30 151 241 258 340 409 419 420 480 494
18 106 181 273 297 308 347 446 468 472
6 11 47 77 150 279 343 438 479 493
1 77 135 162 174 186 217 322 349 472
2 3 66 143 157 176 285 326 327 391
22 36 116 128 135 140 231 336 429 449
6 67 120 136 142 146 219 308 379 470
22 31 53 76 170 190 235 372 375 445
95 112 202 256 302 310 358 391 457 479
66 72 138 155 158 179 246 298 372 417
56 191 255 276 315 338 350 461 464 491
74 89 97 113 185 287 310 406 420 492
27 61 81 109 111 152 158 195 278 376
23 139 234 249 269 343 392 412 414 436
117 205 225 234 283 296 398 426 469 481
25 140 238 255 257 265 322 328 358 485
0 16 128 233 274 380 386 462 492 497
39 57 59 171 244 256 362 369 427 461
26 145 165 330 370 372 400 474 476 488
113 124 132 139 172 299 404 411 468 476
98 139 249 299 306 317 326 430 461 477
59 215 259 299 312 319 338 412 420 486
75 82 90 106 157 184 194 210 326 404
28 46 137 143 231 235 381 388 432 445
3 14 18 48 49 208 231 384 434 499
20 37 52 130 176 216 273 275 459 495
3 121 158 244 295 302 306 351 354 490
136 211 223 272 381 386 388 405 476 495
22 50 116 249 251 360 393 419 423 460
21 22 45 143 179 234 283 339 358 492
116 124 169 174 176 201 283 398 421 476
19 57 150 174 178 187 239 264 347 484
11 47 160 290 329 338 388 464 491 497
131 297 397 398 401 414 423 461 480 485
14 70 209 230 279 287 314 452 462 475
23 101 119 147 195 298 346 474 491 498
1 42 97 130 194 219 302 332 335 494
60 117 140 141 152 237 283 321 398 412
42 93 158 160 199 202 243 284 318 334
60 209 229 236 250 300 396 405 426 459
8 34 74 88 184 186 303 326 405 411
107 127 157 167 174 179 258 381 439 495
131 262 268 275 282 283 285 297 374 404
70 77 139 151 157 224 227 302 310 313
107 131 209 217 222 267 277 328 335 409
8 63 101 347 355 418 430 438 470 490
59 124 151 178 211 220 223 382 400 413
6 25 50 84 89 96 209 277 314 439
79 97 162 305 318 320 418 456 482 487
109 163 179 190 214 272 295 300 422 463
77 92 135 173 180 240 257 319 341 394
292 329 335 338 352 423 442 475 477 497
8 20 43 56 71 76 136 464 478 485
240 254 280 339 351 417 444 448 455 473
88 104 119 123 133 149 292 332 448 490
55 131 156 157 176 192 220 385 435 460
59 85 173 184 189 417 475 477 481 499
80 116 135 164 240 327 367 455 464 485
46 94 105 119 231 280 345 350 364 487
22 99 145 170 220 225 280 400 425 475
3 38 46 266 268 309 343 415 464 467
27 28 41 61 150 187 237 296 330 397
93 125 147 187 189 215 337 344 368 375
24 49 63 134 264 322 341 435 458 464
4 18 75 175 202 213 270 367 425 485
48 56 102 106 141 307 309 352 413 485
167 172 180 239 273 318 373 406 424 462
155 181 187 223 228 229 311 359 390 420
52 87 90 155 164 188 193 225 373 466
15 39 138 141 145 154 186 287 374 484
90 168 231 242 259 268 281 349 411 427
48 49 62 134 140 244 301 336 467 493
10 23 74 288 291 315 316 330 379 451
34 47 57 183 251 297 358 404 414 462
32 79 152 205 207 211 304 363 379 401
140 192 259 296 304 335 370 402 410 446
0 32 63 72 86 101 128 338 387 454
157 210 262 279 281 328 329 416 433 470
199 247 301 354 366 367 398 413 415 466
35 62 74 80 277 279 300 319 365 488
79 199 325 408 412 421 422 444 453 468
62 123 128 181 211 232 247 274 431 490
23 188 217 218 300 329 442 455 489 493
26 28 36 164 168 231 256 276 307 388
23 71 111 165 178 246 421 428 435 458
145 298 321 338 379 391 403 479 485 494
21 29 45 83 128 252 319 344 350 436
67 103 183 220 360 383 399 429 462 464
5 7 22 73 81 88 106 204 401 491
32 70 77 78 96 157 360 382 387 412
13 35 70 148 176 201 220 224 260 418
146 210 214 217 338 341 353 363 377 452
46 161 173 185 349 372 401 405 415 444
175 245 285 346 382 396 409 414 434 470
84 138 232 277 336 367 377 404 422 434
75 148 150 196 215 225 277 315 472 493
79 129 130 131 139 205 272 414 437 482
30 104 114 122 234 273 339 391 480 491
88 105 228 299 324 382 397 407 447 490
50 118 135 262 311 348 377 393 394 458
13 27 42 77 98 202 214 413 471 483
33 109 166 183 206 270 324 337 344 374
16 32 210 249 255 269 300 303 384 411
59 135 163 165 273 312 431 461 493 497
160 226 228 369 391 397 420 430 486 488
134 199 267 274 314 389 441 467 479 488
75 98 102 112 140 184 247 325 436 466
63 104 109 114 169 288 291 315 458 476
94 97 160 340 405 437 461 467 468 477
66 184 201 232 257 273 281 291 319 411
18 38 138 204 207 251 310 336 360 369
12 135 162 332 393 396 402 419 462 477
32 51 82 120 137 139 232 235 268 428
17 67 136 179 281 340 373 394 476 497
15 26 39 135 136 208 277 388 455 470 491
4 62 119 153 170 283 317 346 382 449 490
65 87 142 191 283 291 313 322 349 353 475
14 63 91 121 149 243 384 404 405 460 468
13 68 128 206 284 304 351 353 390 442 470
57 95 108 115 133 146 148 157 170 183 241
9 32 111 322 345 376 429 430 437 462 486
2 4 12 15 40 94 190 255 257 337 445
5 8 28 47 132 140 146 396 412 469 492
21 33 120 125 187 282 308 389 425 427 460
51 92 112 171 196 329 358 368 379 406 479
0 7 41 57 71 87 93 170 303 366 493
65 141 181 185 262 285 313 378 400 413 415
23 26 93 109 144 259 280 310 325 361 388
35 37 66 69 104 122 169 185 221 359 425
71 109 138 275 312 317 370 411 435 451 471
48 50 60 108 135 221 314 386 403 449 452
44 113 122 170 209 240 269 345 373 485 492
175 182 183 201 204 225 234 254 344 389 419
100 147 151 193 298 305 324 364 378 413 433
25 40 85 88 92 100 129 310 319 327 376
11 13 65 89 176 311 338 353 374 420 471
10 57 95 122 157 176 193 240 278 283 328
36 51 61 71 73 150 158 247 283 341 493
19 29 125 223 227 269 275 396 441 474 493
59 94 167 196 231 273 384 438 472 476 493
56 217 264 268 284 344 352 403 424 431 442
76 99 153 251 281 309 330 408 439 449 451
77 133 136 137 142 159 270 298 390 406 463
39 122 141 153 162 164 233 280 326 337 447
62 73 100 148 163 190 212 223 232 246 418
17 30 81 153 259 302 342 395 445 487 499
86 100 146 204 250 275 307 318 345 354 440
91 96 149 183 214 221 222 359 362 391 491
28 41 150 202 219 247 249 260 331 357 449
29 77 84 129 197 246 268 294 356 409 472
35 48 109 116 194 340 408 414 424 430 475
47 61 77 135 169 210 310 369 401 438 454
41 80 98 163 164 315 424 425 457 467 472
41 72 104 128 200 243 369 405 482 490 493
49 51 133 139 153 180 248 258 333 354 366
94 101 122 162 210 214 248 302 390 459 461
9 48 88 89 106 154 253 345 454 495 496
37 76 133 147 156 207 218 239 351 473 479
6 11 18 75 142 197 228 393 418 464 493
57 72 81 84 85 108 218 228 251 281 396
86 100 178 225 250 252 374 402 436 463 495
15 18 69 140 159 199 201 234 295 407 451
32 40 64 72 93 156 159 190 286 307 434
52 68 163 168 194 227 304 312 334 411 430
11 131 253 290 301 318 374 382 455 481 487
16 46 47 73 81 103 207 311 399 455 485
17 80 87 116 134 236 241 335 353 385 390
1 28 47 67 86 94 245 277 290 486 493
15 73 80 159 219 291 310 333 366 375 452
4 18 34 74 130 323 336 343 360 404 457
217 262 286 289 292 310 352 379 458 476 499
93 105 115 170 198 405 406 430 452 460 470
69 91 109 118 183 247 258 311 368 401 482
18 22 25 61 113 131 186 423 437 439 489
4 76 153 190 216 228 243 321 337 381 425
44 70 98 121 158 168 221 268 323 329 422
66 146 200 201 211 260 263 283 389 393 451
25 83 135 146 264 326 327 379 394 395 400
16 104 114 174 220 326 368 378 432 450 464
7 12 36 71 94 110 126 212 236 298 373
34 130 164 196 283 298 319 320 438 481 491
57 62 121 124 286 331 382 385 399 401 491
0 15 35 128 141 254 265 270 325 378 479
17 57 269 314 388 397 408 442 447 465 491
8 14 17 18 67 130 276 320 333 437 455
21 41 84 99 158 199 208 308 362 366 388
36 181 191 258 285 300 356 369 426 427 499
0 27 33 98 136 162 219 305 342 383 439
20 121 153 195 210 212 226 327 389 461 478
24 35 44 128 225 242 261 298 333 347 459
20 83 84 110 180 315 368 398 423 450 460
6 17 21 101 108 136 200 211 257 283 432
30 87 124 239 275 342 374 411 437 455 488
97 154 164 177 216 243 308 339 390 478 493
11 19 106 169 194 222 223 238 294 368 451
62 101 169 216 250 313 340 349 366 410 437
128 130 241 268 295 309 352 363 384 447 459
2 48 65 75 103 179 219 362 432 474 477
39 66 67 163 257 336 354 373 394 425 486
30 42 65 95 117 129 346 360 431 479 489
8 15 29 47 59 83 118 185 237 435 481
91 173 229 329 344 367 397 423 426 438 458
129 147 246 260 264 272 364 419 443 463 486
120 122 254 258 321 324 336 399 433 448 455
3 53 95 100 168 228 310 353 367 393 496
20 78 137 197 275 294 334 386 396 414 420
11 43 214 218 222 232 235 269 270 287 457
157 192 215 257 285 333 338 354 397 454 469
33 56 92 93 148 161 202 314 356 415 475
63 169 217 233 259 294 341 370 390 461 494
3 117 146 176 210 222 303 367 437 451 486
110 161 211 215 323 350 394 430 472 482 488
22 122 170 211 235 290 293 314 449 479 494
5 51 60 122 254 281 296 331 381 484 489
143 172 211 260 265 270 286 345 369 390 490
112 118 204 228 231 244 286 328 336 416 451
4 8 23 32 50 105 109 137 257 345 401
22 137 266 269 301 314 316 392 396 416 493
52 122 167 205 314 315 321 341 352 411 461
27 44 139 153 159 270 298 348 357 433 436
13 23 144 173 236 252 306 432 443 485 491
4 15 25 46 61 84 109 253 288 342 485
97 141 146 187 207 226 308 319 329 416 454
11 41 74 96 225 298 304 374 395 406 461
5 15 117 154 174 203 216 242 292 390 493
54 69 95 96 122 156 178 194 219 228 472
152 249 362 369 377 385 396 409 422 424 459
60 130 209 223 233 235 238 256 305 379 485
2 55 82 88 99 132 139 195 217 423 426
66 91 97 146 186 273 306 323 403 445 492
13 19 103 179 223 237 325 389 462 474 477
18 168 182 205 254 257 281 305 383 390 473
71 95 106 131 183 309 343 381 393 466 482
29 38 48 57 62 150 180 188 202 225 279
36 111 219 238 271 273 390 421 426 445 470 480
0 3 42 59 81 103 157 200 230 265 290 328
26 57 63 85 124 170 192 193 195 199 389 444
8 42 54 103 135 187 193 219 238 251 318 382
0 46 107 166 228 264 268 283 344 398 407 417
5 17 86 105 213 268 311 387 440 444 466 480
13 21 98 101 158 167 207 215 221 248 407 442
14 52 64 70 77 182 183 246 277 280 371 474
79 113 114 160 250 268 284 330 364 375 378 468
1 29 38 129 144 187 269 341 396 406 411 499
47 65 87 292 297 319 348 363 413 428 447 459
29 58 61 99 115 131 251 256 302 461 475 481
35 52 64 124 125 131 150 203 241 326 365 443
5 7 114 125 189 195 199 248 298 318 328 459
10 64 103 112 138 213 276 290 295 343 385 421
59 61 93 136 163 180 189 307 380 395 413 452
4 11 17 55 57 165 296 377 407 449 460 493
2 41 171 179 200 203 213 261 305 418 435 482
88 99 145 203 232 254 261 301 357 426 451 463
16 44 65 75 182 209 223 301 317 388 442 454
66 88 95 177 219 267 286 345 368 409 429 436
4 110 281 308 313 340 368 373 375 441 443 479
11 84 94 98 150 180 186 303 345 421 440 467
83 103 110 189 190 199 226 383 402 404 410 458
21 31 39 65 78 163 239 301 305 404 458 491
91 151 163 173 181 221 235 246 322 329 330 459
7 24 44 46 173 230 263 270 288 367 395 456
69 99 110 192 199 242 375 376 403 407 428 491
21 46 61 70 90 142 197 220 265 276 318 331
77 104 149 169 231 249 293 345 358 365 393 426
7 13 118 176 218 228 251 260 279 392 415 448
33 63 96 176 262 271 277 298 352 374 380 424
29 114 144 194 236 241 248 260 311 352 436 437
31 60 66 93 162 167 191 196 342 344 454 456
102 160 177 226 229 240 280 337 379 430 442 472
82 131 160 169 179 206 251 354 392 421 441 442
3 14 38 101 110 136 175 180 341 349 360 393
4 5 25 32 86 110 274 288 314 320 333 467
9 109 120 140 368 376 407 417 425 481 483 497
38 66 113 138 139 162 188 246 303 364 430 433
3 16 55 87 95 122 198 200 350 368 423 440
18 39 70 91 169 214 229 248 285 372 387 465
110 169 212 263 308 346 404 423 429 437 483 494
65 122 204 208 224 251 289 329 332 365 423 450
15 16 135 166 304 347 355 372 468 473 485 489
34 36 73 173 190 277 278 284 397 433 447 491
131 144 184 233 255 260 311 333 453 469 479 481
110 119 177 202 204 221 245 252 303 456 485 492
17 87 185 217 266 271 298 304 337 387 414 481
9 80 84 103 186 226 342 389 398 451 455 489
40 45 85 90 138 147 156 184 225 226 275 449
146 187 239 283 293 326 348 361 378 401 438 463
36 47 57 118 154 201 295 318 335 394 412 438
73 80 207 211 296 307 317 328 434 437 468 470
41 43 53 77 152 155 204 208 343 454 459 487
0 139 140 178 201 202 235 265 269 332 438 467
8 56 60 63 93 113 127 178 240 244 299 425
21 60 63 143 226 258 278 340 366 406 459 490
68 118 122 143 152 215 236 289 317 403 470 489
137 148 149 199 222 328 363 368 378 406 410 492
156 161 213 226 242 362 372 394 413 419 422 437
106 209 266 267 283 294 314 381 444 452 486 495
47 115 125 166 220 224 252 276 295 297 395 466
59 83 133 160 195 199 231 349 358 430 471 478
21 114 126 131 202 263 278 322 328 333 407 463
20 37 41 45 61 119 153 218 306 355 406 477
94 113 153 157 166 197 276 321 409 435 448 490
29 99 113 170 178 196 198 201 313 333 466 493
74 138 180 228 238 245 248 393 408 414 449 456
32 39 149 187 194 215 272 280 292 399 415 458
12 86 119 136 184 376 382 413 422 449 474 499
10 129 174 199 209 213 217 249 304 348 420 474
49 56 97 126 140 215 234 265 274 349 355 499
74 154 155 157 233 279 287 311 338 340 450 483
35 281 310 333 346 410 420 429 471 475 485 489
81 123 136 252 278 280 284 306 377 457 493 498
62 65 102 212 249 297 305 311 333 382 444 474
0 34 46 51 57 58 60 76 139 356 372 484
1 133 134 198 202 204 206 264 292 301 319 464
1 3 42 117 158 190 242 306 339 411 443 470
47 66 175 257 269 273 293 295 340 343 400 441
2 11 49 101 177 203 220 223 272 293 297 498
63 112 168 187 251 266 328 329 372 419 425 429
17 103 158 213 224 321 340 386 430 453 469 487
16 47 68 112 169 214 223 304 425 459 477 485
134 169 175 191 216 319 351 362 372 391 412 489
24 30 38 58 157 164 201 304 324 374 394 428
117 179 184 221 255 279 326 333 377 383 395 428
28 118 175 185 287 322 369 398 447 470 483 484
5 44 104 132 140 147 177 230 282 462 488 499
1 40 72 156 157 190 205 277 289 386 443 482
47 68 86 115 135 261 301 321 357 381 410 484
4 48 55 87 172 343 383 386 412 416 432 469
46 112 191 250 286 330 368 374 433 437 482 498
43 51 133 158 191 263 280 314 357 436 447 471
4 23 78 144 221 244 266 276 309 362 388 488
17 30 191 197 233 249 272 296 331 347 356 379
4 44 48 78 135 147 196 210 314 377 398 485
22 84 85 165 185 272 324 338 360 383 427 438
88 106 113 192 217 265 361 373 376 420 450 476
64 277 284 302 321 382 416 426 430 476 483 498
73 89 91 159 163 171 228 360 367 390 396 490
18 24 67 88 186 202 223 274 306 371 376 393
34 99 158 167 181 201 208 263 297 349 403 433
51 59 107 128 246 259 263 264 315 371 404 409
64 88 106 114 160 162 264 290 316 326 339 342
27 28 33 69 124 266 306 309 358 440 441 450
71 94 201 229 243 271 284 290 337 363 380 491
7 42 77 107 145 171 224 231 268 306 351 373
41 110 138 168 205 207 233 320 415 417 418 456
18 41 47 51 61 66 106 225 252 282 314 400
71 98 141 171 265 316 322 366 434 435 486 496
32 44 46 66 150 238 265 288 323 411 433 450
27 47 121 162 208 229 300 371 372 390 454 477
19 48 51 84 165 168 219 220 240 299 361 477
60 108 117 119 138 169 182 217 259 384 405 441
3 28 45 59 76 110 158 186 197 232 235 433
47 80 92 229 230 248 310 345 407 435 456 484
18 55 110 146 199 243 249 404 432 436 484 499
25 28 41 99 178 214 251 252 308 423 480 495
7 149 214 244 267 310 347 362 366 434 435 485 497
25 86 164 206 303 329 373 381 388 393 394 409 432
16 32 63 77 123 289 305 360 367 420 421 441 472
13 50 63 118 227 317 318 345 356 368 374 404 499
29 72 95 149 159 265 345 346 386 422 431 473 482
6 50 107 117 161 249 264 304 314 337 405 455 498
62 69 106 168 189 213 214 241 256 260 376 422 437
3 9 48 53 91 181 184 204 238 349 403 434 476
4 13 80 144 149 161 165 175 217 369 376 440 466
9 19 74 87 102 132 200 250 266 279 280 360 394
29 89 158 162 225 276 285 319 324 381 389 484 492
24 40 50 70 76 193 230 238 301 320 345 381 480
21 104 115 132 183 189 212 310 372 417 482 489 498
9 24 27 127 174 235 243 252 274 324 345 381 449
17 21 83 132 145 230 232 272 279 414 426 431 473
29 39 40 103 159 172 192 334 341 351 405 434 437
22 36 38 116 136 156 185 200 208 283 308 330 472
0 69 120 124 230 244 250 258 301 327 356 383 394
25 37 121 149 202 204 240 260 292 312 368 370 380
6 25 38 39 270 282 295 344 379 398 451 463 491
117 153 169 227 263 269 277 418 430 476 477 480 499
118 137 160 186 300 310 328 393 407 425 466 484 496
34 37 104 135 183 222 262 296 325 402 429 438 456
9 31 150 193 198 278 328 332 349 412 424 448 467
0 14 101 117 118 135 137 234 298 324 408 464 482
9 32 83 111 192 233 301 311 313 331 367 415 493
1 9 30 50 72 121 186 247 251 264 318 359 369
28 48 76 80 126 189 245 314 341 362 383 405 457
52 125 175 211 212 215 223 246 282 305 437 456 467
38 57 68 103 119 177 208 326 332 354 402 482 483
5 57 58 71 89 120 150 187 191 235 278 466 479
29 67 165 178 184 214 216 223 251 264 304 380 415
69 120 141 145 170 190 226 233 270 315 328 378 384
88 110 132 140 165 256 257 274 310 383 384 397 428
14 47 141 201 213 227 242 258 313 379 393 427 452
55 69 114 173 180 210 256 277 324 441 456 459 482
58 87 155 160 174 200 216 253 304 316 364 430 439
87 92 93 141 181 294 349 351 370 393 438 469 475
50 124 171 209 219 224 246 258 272 305 334 406 433
0 4 9 98 112 148 252 281 288 330 402 447 491
9 10 30 102 138 198 316 340 343 358 416 430 466
101 149 190 199 212 227 256 305 313 329 399 441 460
85 107 113 124 206 225 296 361 379 424 444 445 487
24 47 91 96 144 212 218 229 255 311 429 440 481
56 83 165 175 214 357 373 377 391 415 424 459 480
17 63 137 188 216 224 274 279 309 367 373 385 482
58 75 85 158 230 273 293 314 445 468 471 486 498
57 97 138 152 159 235 239 273 283 321 377 443 489
16 74 143 169 177 192 207 289 336 364 400 443 475
46 63 115 121 202 227 245 310 349 356 365 432 452
107 217 224 233 288 294 295 304 327 364 442 475 480
187 234 235 236 298 300 321 361 371 375 412 451 466
7 12 60 211 213 224 231 258 334 380 411 430 482
7 45 176 198 213 294 298 325 394 403 409 410 490
30 35 66 87 97 111 112 139 190 203 257 314 361
39 175 199 202 219 247 250 252 276 287 340 384 440
20 76 128 132 148 195 280 289 295 344 382 434 460
14 75 154 227 243 298 327 329 331 356 387 408 424
99 104 132 172 214 242 254 264 280 307 350 379 447
5 66 71 79 113 189 190 206 349 395 410 420 468
42 75 90 114 133 183 231 262 293 326 345 465 466
29 160 199 244 287 314 315 371 413 432 464 472 496
16 26 32 41 56 120 200 325 346 401 404 427 464
1 21 45 79 84 101 164 226 261 311 323 326 380
18 27 55 62 69 163 166 174 286 313 331 361 434
54 91 134 154 160 187 212 239 286 301 355 397 438
13 127 134 187 231 243 341 343 373 375 383 434 469
36 72 119 140 169 179 223 237 295 323 325 350 388
4 19 73 84 92 100 243 265 274 383 385 477 480
14 58 121 132 158 178 272 308 362 394 449 477 480
17 44 47 60 78 125 163 185 211 250 264 323 363
19 29 71 87 113 228 330 354 364 391 410 411 416
2 13 33 36 179 221 342 361 377 421 441 480 488
1 13 116 195 236 260 265 315 395 403 471 472 487
43 91 107 114 142 159 164 176 190 206 333 365 452
1 68 244 248 260 264 281 394 400 432 455 481 493
18 78 148 167 168 170 232 278 298 301 354 447 448
70 112 200 227 252 275 292 311 343 365 411 442 451
33 64 76 96 98 167 251 303 383 386 432 461 482
208 251 283 322 330 337 341 345 346 354 402 414 460
8 53 75 81 109 152 156 171 175 289 322 333 413
11 17 117 122 129 149 230 343 353 370 379 455 469
40 52 114 159 161 180 186 236 311 342 362 382 489
16 18 155 161 244 293 346 347 348 367 375 456 470
6 41 69 106 137 155 262 307 318 346 352 386 404
13 25 61 77 131 157 230 291 351 355 392 399 496
71 89 124 129 148 160 165 250 256 335 359 395 408
97 161 198 244 272 274 282 362 403 428 454 471 475
14 16 22 26 63 200 239 290 295 302 366 406 436
11 13 18 53 90 91 98 150 240 290 317 430 451
28 42 64 102 104 174 189 200 297 358 364 401 481
12 20 59 160 164 168 306 337 397 424 454 460 485
65 112 140 199 255 259 270 299 338 350 362 457 459
34 36 89 135 139 189 296 311 367 391 399 447 478
25 47 137 143 160 231 248 251 294 389 458 482 484
8 62 116 117 142 204 253 291 297 410 413 452 490
2 16 29 91 94 104 166 246 252 406 448 449 474
21 60 76 117 121 130 155 168 206 303 368 394 475
8 26 47 51 98 190 240 289 296 380 398 428 493
6 115 121 142 164 178 182 206 367 405 409 438 480
9 76 84 129 203 247 280 366 436 442 447 471 478
17 22 37 204 269 273 278 282 313 323 334 431 488
4 8 25 37 49 59 105 112 223 416 420 429 431
32 108 113 242 247 285 328 346 349 363 367 409 424
49 94 174 200 212 351 366 376 403 426 459 490 494
2 100 134 219 230 246 315 325 345 354 365 395 495
23 25 77 82 113 253 259 260 370 424 428 434 497
34 62 142 214 244 287 357 396 401 417 419 453 498
61 84 105 211 216 229 236 289 358 390 443 497 499
50 181 209 253 268 282 308 339 386 413 422 461 476
15 52 118 141 166 237 258 277 280 331 345 417 486
9 103 118 159 175 189 195 315 356 360 397 428 469
21 47 52 57 213 227 250 253 296 383 411 427 475
1 35 73 133 352 371 380 393 395 411 414 432 443
73 124 131 132 143 176 276 306 308 318 394 430 432
24 123 140 160 161 164 167 281 297 325 340 365 472
48 75 78 92 118 120 161 163 185 254 262 354 421
2 8 29 43 66 84 263 370 390 442 454 458 468
18 24 46 65 194 202 234 258 317 336 387 400 417
160 161 173 217 231 238 257 275 305 322 354 409 444
48 62 173 232 278 288 328 330 338 367 442 448 473 483
40 64 89 98 150 214 224 227 240 341 356 369 380 463
72 78 85 139 172 262 283 289 313 370 377 389 430 479
34 40 48 49 92 94 100 103 121 261 270 283 354 426
6 38 44 103 112 159 252 275 279 362 404 409 428 439
31 44 49 62 163 202 251 266 304 320 370 381 429 477
5 21 143 157 203 227 229 240 279 290 398 435 437 487
65 106 138 170 281 334 362 374 376 395 396 403 404 430
0 46 113 135 137 156 195 199 207 296 320 354 411 471
51 53 72 86 96 114 128 195 246 266 375 388 407 408
84 117 120 126 138 219 258 380 421 441 443 444 481 482
19 74 85 88 174 242 284 312 325 328 358 366 436 468
8 10 140 174 232 237 250 290 362 366 406 451 487 495
2 157 188 197 210 270 307 338 385 433 452 456 457 490
0 30 46 186 189 221 228 289 290 299 394 441 443 485
46 58 112 122 177 189 200 242 261 271 329 384 432 483
13 21 30 34 63 102 142 162 165 171 236 297 363 475
75 118 138 155 216 221 313 331 360 381 397 486 490 492
38 48 52 128 199 240 298 299 303 366 381 473 474 491
15 95 105 173 202 221 232 281 301 303 312 341 374 394
87 89 138 157 159 160 197 199 224 267 284 302 328 461
30 32 45 60 80 207 254 262 270 296 445 448 459 465
38 39 53 84 114 161 178 227 261 271 422 476 496 499
39 67 73 78 107 134 175 207 214 237 261 401 453 464
8 39 106 132 143 260 286 332 391 400 405 432 491 498
18 21 38 43 62 218 245 263 275 404 464 476 481 490
14 25 57 92 138 172 311 327 341 359 361 408 442 476
1 27 101 120 159 171 172 223 229 231 242 323 466 472
36 100 129 158 188 214 242 245 293 327 372 375 403 495
11 22 23 49 62 156 176 201 220 256 287 393 476 499
23 31 56 75 101 220 290 357 405 422 432 438 484 497
4 125 215 222 238 246 299 376 415 422 458 476 495 498
8 82 111 163 173 183 224 252 258 264 266 281 400 440
32 67 98 102 185 200 201 289 317 340 400 407 424 498
12 29 55 56 119 125 151 186 229 243 253 266 336 417
114 127 178 191 233 243 281 300 317 321 375 386 459 466
9 12 13 51 104 147 234 236 260 280 282 302 312 341
27 46 112 140 179 207 268 277 311 320 356 378 393 430
82 110 164 220 224 274 290 321 368 385 392 448 472 481
50 66 118 127 175 183 291 327 345 379 380 391 418 421
47 78 122 160 184 270 299 362 372 397 402 432 456 497
19 21 96 201 264 306 313 315 369 439 447 452 470 494
20 90 97 180 242 245 249 278 283 285 298 330 422 498
2 20 43 56 88 223 244 320 337 373 379 427 455 478
13 67 149 244 249 325 383 385 402 431 474 478 486 490
4 11 65 71 115 202 205 216 228 234 337 391 418 478
34 87 115 120 138 183 229 252 273 293 297 346 359 378
27 101 131 155 176 198 242 243 300 326 347 352 422 437
0 48 74 115 143 175 181 194 296 305 389 401 451 487
46 111 117 142 184 239 242 255 260 275 279 397 418 429
73 106 177 210 215 225 298 315 388 425 471 481 495 499
14 28 71 79 104 129 157 263 319 337 363 371 416 441
6 72 86 158 171 187 228 276 308 312 394 397 465 467
2 62 90 97 123 187 211 216 243 298 392 428 431 482
66 142 150 152 191 252 269 299 309 373 416 427 460 468
12 59 83 152 170 173 202 204 263 292 319 348 356 360
29 96 105 111 149 182 191 215 219 226 277 315 331 353
31 42 48 163 249 267 332 349 374 399 429 431 457 469
6 33 61 76 219 241 256 308 451 459 466 474 490 492
32 92 139 180 189 212 289 307 311 334 358 422 428 462
4 27 66 94 183 185 188 215 344 376 382 395 494 495
12 16 38 61 110 131 167 224 242 268 408 417 469 477
10 69 89 207 214 299 302 345 369 384 441 451 453 470
8 12 36 37 38 63 104 148 202 230 261 366 407 413
47 53 59 109 121 172 190 247 327 328 353 417 432 497
119 121 142 145 194 211 216 276 327 344 407 448 464 496
25 37 98 110 124 212 269 314 320 401 460 462 472 498
14 17 49 57 75 103 105 108 189 222 268 283 380 403
1 20 71 76 98 114 149 165 167 245 257 290 364 460
58 166 220 237 270 273 284 290 311 367 368 386 396 472
21 92 99 122 144 185 188 204 255 260 292 321 411 476
12 15 41 62 70 98 132 202 276 303 310 348 362 492
11 26 32 76 142 155 161 199 207 211 229 339 371 420
20 31 158 199 211 213 219 230 231 254 288 293 453 472
127 135 153 158 185 254 297 324 348 372 378 392 419 477
5 141 143 175 215 247 310 320 348 357 435 441 449 458
108 123 141 171 191 230 246 283 284 358 396 426 451 481
67 107 137 170 189 228 249 264 377 434 438 440 462 482
34 40 89 107 157 204 210 233 291 302 326 339 355 416
31 52 56 103 108 130 138 238 248 311 343 370 387 460
135 143 174 184 185 230 321 329 334 345 395 446 489 490
83 156 157 161 188 196 225 330 343 358 399 434 460 461
107 153 192 221 253 286 313 333 343 398 410 417 449 499
18 28 105 179 259 314 323 335 341 366 405 413 428 469
21 64 92 94 103 116 119 158 164 204 366 386 421 449
45 51 167 172 193 261 309 314 334 353 360 379 474 493
19 88 107 119 193 207 215 217 222 229 235 254 259 494
8 21 41 93 136 171 210 228 283 351 383 386 437 464
16 51 58 96 134 139 143 169 245 313 337 385 434 480
25 55 111 121 223 268 286 300 333 344 371 418 430 467
13 40 42 45 55 93 115 229 231 259 272 398 428 433
11 78 164 177 204 216 314 359 360 394 409 435 438 488
60 82 151 177 179 303 308 323 333 357 386 438 453 473
27 49 54 68 87 92 192 225 270 314 345 387 446 449
88 98 122 123 199 204 235 261 301 323 328 371 423 463
144 188 204 219 234 293 303 329 338 359 379 426 435 488
5 77 98 106 140 195 196 201 272 278 349 397 451 452
10 57 91 126 138 191 212 222 400 403 443 449 461 465
74 80 108 114 115 240 259 267 284 302 326 398 468 478
9 12 41 49 126 167 181 375 389 391 447 458 478 493
5 78 85 93 107 148 211 220 231 267 273 348 395 454 474
43 61 108 197 251 297 323 325 352 374 381 450 464 473 483
58 91 144 188 196 204 209 284 306 319 339 351 410 436 441
43 63 84 95 114 118 208 264 371 402 417 473 484 487 491
89 131 135 178 180 282 303 351 367 376 438 445 458 494 499
12 26 62 91 101 135 178 270 294 297 318 321 446 474 477
11 51 59 84 89 119 199 209 277 295 303 320 339 466 469
58 70 79 92 99 170 195 199 227 297 316 334 336 434 497
5 19 29 52 77 161 163 175 211 232 235 236 349 369 372
88 160 179 180 206 264 285 331 335 349 386 406 419 422 446
19 113 196 232 264 342 361 398 402 405 426 464 471 485 486
1 32 34 79 89 134 135 168 198 252 259 292 302 311 464
9 78 82 95 102 103 111 236 259 322 340 369 402 416 439
9 22 40 44 84 89 108 195 218 244 295 391 426 427 485
8 37 78 89 102 105 116 147 211 424 439 442 452 455 490
74 84 89 101 146 223 248 267 268 329 392 412 416 425 475
39 85 103 105 118 126 163 189 253 307 323 337 352 482 497
18 21 29 40 68 137 238 270 281 283 287 289 294 318 422
91 125 127 153 197 201 229 245 351 370 377 388 394 461 464
4 33 53 78 99 111 130 132 145 151 212 229 246 328 459
4 30 50 114 142 169 185 203 300 306 325 329 335 369 453
45 109 112 115 186 189 226 239 319 347 350 360 377 395 493
4 21 27 33 49 126 166 239 255 268 316 400 469 481 494
6 34 45 64 104 219 237 246 260 323 347 357 376 398 442
11 20 29 71 72 98 116 212 297 351 387 395 445 478 484
40 57 63 139 144 150 165 169 170 194 266 336 354 366 469
30 45 92 151 199 226 238 333 344 345 347 407 410 455 467
35 118 177 205 212 252 334 339 382 400 438 442 464 465 496
93 153 167 177 194 230 235 244 270 295 338 403 414 439 461
40 46 50 81 191 194 197 224 225 235 274 283 332 493 497
16 60 63 161 209 283 304 306 373 375 384 404 441 442 446
47 75 109 120 199 212 334 341 383 394 431 451 462 497 499
41 72 117 163 208 223 259 281 329 333 409 415 427 467 498
101 146 158 160 180 201 225 231 274 282 283 370 437 442 468
5 9 34 54 91 222 283 341 361 379 400 404 405 408 476
46 55 76 102 190 192 198 272 291 320 326 440 452 454 463
63 80 97 103 115 118 139 144 156 164 187 252 254 433 462
16 79 90 115 134 173 227 313 338 340 348 376 458 460 497
40 44 50 123 132 188 258 270 288 297 395 411 416 447 489
0 31 89 101 183 203 253 260 276 309 367 427 433 468 481
50 73 147 155 156 221 253 283 301 318 351 354 381 389 462
41 100 125 150 176 241 253 334 358 360 433 454 455 472 491
2 14 24 41 72 96 116 158 222 230 245 255 267 310 325
4 26 139 140 164 169 253 260 293 294 433 448 455 465 487
55 60 69 116 118 124 231 268 294 314 347 373 380 419 466
30 45 63 87 107 133 146 152 220 268 309 317 369 443 477
1 25 52 82 94 120 189 196 207 237 261 294 311 317 433
18 20 25 51 61 249 262 313 324 325 327 378 409 441 487
17 46 49 84 113 125 158 251 271 276 283 298 301 365 409
30 53 97 152 175 193 195 197 199 205 239 248 303 394 444
5 6 64 68 88 95 122 182 261 269 290 295 435 443 445
26 28 37 76 118 145 228 238 273 292 319 367 419 438 453
26 37 65 82 142 148 190 194 216 263 279 304 321 409 430
74 83 94 167 182 189 211 240 255 262 270 282 382 409 475
78 79 92 95 104 116 152 226 291 299 318 321 327 407 431
21 41 78 198 224 262 271 312 313 373 391 432 436 456 462
22 55 68 69 71 94 117 122 174 218 219 255 258 311 413
35 61 76 91 94 96 149 152 181 207 215 266 297 322 462
55 58 100 110 135 149 180 195 196 202 203 260 263 264 384
22 60 75 122 212 228 241 257 308 314 377 405 415 482 489
19 21 66 84 90 161 261 290 317 319 362 415 420 477 484
43 85 126 169 175 190 216 266 325 348 353 369 392 458 463
20 22 30 45 73 97 127 138 193 210 332 377 387 426 484
4 44 55 72 83 102 120 225 244 284 322 372 430 436 498
28 39 69 142 143 234 261 276 285 342 385 389 403 473 494
1 49 154 194 221 246 292 309 347 371 382 393 424 463 494
8 115 123 128 146 155 184 309 344 353 356 375 392 419 444
2 62 123 139 142 145 195 204 314 373 384 390 394 440 497
115 206 214 247 264 320 406 409 412 423 424 451 479 485 486
118 157 164 168 312 316 323 324 335 359 378 418 482 489 499
24 43 106 134 148 195 202 215 227 241 253 261 271 367 487
17 19 139 150 167 221 228 270 273 302 303 320 364 475 487
54 60 70 76 93 123 194 201 237 282 300 310 326 338 468
37 103 149 183 251 266 288 290 292 294 335 425 430 445 451
21 52 117 252 269 277 320 349 374 383 435 436 446 455 474
110 115 136 204 223 230 323 331 395 398 441 452 494 495 496
2 37 50 77 121 158 180 211 219 229 299 402 445 477 497
43 113 122 143 155 162 174 227 287 302 438 459 475 476 483
26 72 111 165 182 228 301 306 350 387 395 437 477 495 496
41 65 112 142 148 152 200 203 218 273 347 356 424 433 453
9 66 87 140 143 147 261 274 278 324 333 376 416 471 492
6 14 40 64 136 150 161 297 336 352 355 407 420 426 454
1 4 78 118 226 252 258 260 274 286 303 344 391 496 497
4 34 96 151 155 180 196 263 268 270 286 346 367 435 464
30 58 102 182 185 186 226 258 266 313 339 413 464 466 478
7 103 112 183 218 261 267 282 313 314 353 366 398 411 450
36 46 67 69 77 189 242 251 262 332 384 412 415 432 481
18 30 175 186 216 233 243 276 308 327 337 339 348 459 480
31 62 72 151 192 215 327 328 334 353 362 456 458 467 490
27 51 55 84 156 168 176 196 219 287 303 340 448 474 479
10 46 59 106 117 159 187 215 284 293 320 394 430 431 464
22 97 106 130 132 194 211 232 293 333 355 424 467 484 494
60 118 136 141 173 176 187 244 298 340 365 369 371 414 456
91 110 127 146 149 188 195 250 292 295 303 373 400 406 414
41 48 69 73 222 240 284 289 304 326 397 403 421 437 456
104 133 149 201 205 214 220 255 337 344 348 428 445 452 475
10 43 48 141 176 204 209 236 252 270 334 369 396 457 489
50 88 134 193 207 258 282 315 363 430 439 451 463 479 496
22 65 98 107 145 150 173 281 337 399 421 436 447 452 469
10 11 81 145 275 292 307 311 312 376 407 410 423 449 486
23 32 55 65 100 106 137 141 160 194 206 245 265 336 343 397
34 42 67 196 227 242 296 297 332 340 351 358 402 409 414 497
32 93 101 108 154 191 198 205 266 282 296 433 445 456 463 497
63 78 84 85 120 164 190 193 205 214 262 275 404 429 492 499
35 61 107 129 136 170 203 224 229 251 254 388 414 462 463 489
4 6 15 67 118 131 145 164 220 327 338 348 371 391 430 470
0 12 123 139 165 196 230 276 380 394 412 429 444 459 462 483
39 40 61 97 184 253 268 274 280 308 314 317 332 437 448 499
45 57 58 134 154 156 173 187 287 294 305 306 459 484 485 494
46 62 76 129 186 192 219 298 341 357 380 418 446 451 480 495
33 60 101 104 133 152 167 176 187 339 356 394 397 409 454 463
19 92 142 151 180 181 205 245 282 286 315 412 441 453 454 466
14 25 32 107 143 168 215 220 258 276 286 338 341 444 474 492
23 39 50 81 93 258 259 263 305 320 322 342 354 403 425 486
29 88 91 101 137 208 225 232 263 348 391 394 396 409 423 443
13 23 114 133 145 186 225 240 299 304 317 328 354 356 366 421
35 82 89 104 118 196 224 307 311 330 379 451 454 460 466 480
8 16 17 73 92 99 165 175 201 221 235 236 245 252 278 402
50 57 60 67 115 150 185 246 290 299 392 416 423 470 484 493
6 34 42 45 49 71 77 79 156 287 313 316 342 387 428 464
71 88 143 206 207 209 217 285 297 309 379 382 398 412 462 498
8 40 65 72 179 200 216 226 280 306 378 414 421 428 429 440
25 130 199 208 255 261 299 341 346 351 353 366 374 417 470 488
3 7 22 49 185 194 236 248 283 329 337 374 422 424 435 499
48 69 74 96 120 129 221 279 305 382 395 398 404 412 446 474
10 63 95 104 132 158 221 234 264 293 305 315 322 350 358 456
2 16 17 20 52 55 74 103 180 240 265 271 327 383 443 490
38 51 104 112 128 147 160 341 381 390 420 441 448 456 464 478
4 23 36 54 97 115 119 179 212 224 239 347 352 362 387 411
9 36 59 107 162 166 168 174 239 255 278 290 291 295 367 426
42 64 88 97 144 160 172 199 200 225 242 255 328 366 423 489
16 70 238 293 313 315 337 369 379 405 419 438 444 479 480 492
22 24 118 138 153 159 170 218 221 248 278 307 325 387 446 457
20 83 109 146 197 206 249 294 328 345 346 350 384 387 439 448
7 42 48 171 192 233 303 308 309 323 345 369 381 390 398 414
15 66 72 103 154 159 172 258 279 300 307 319 360 372 413 484
10 14 101 111 114 116 166 178 183 233 266 305 351 355 371 491
17 23 45 50 59 123 136 144 168 195 222 317 342 373 400 421
50 113 137 206 270 298 313 327 336 346 355 356 357 430 439 499
34 144 169 182 191 214 232 250 258 259 317 323 332 397 419 435
8 14 51 83 89 112 118 139 146 161 170 211 215 247 393 407
37 98 150 168 251 277 278 316 409 423 445 454 463 471 478 487
29 48 74 152 165 202 214 237 274 301 303 312 318 428 457 472
5 44 61 70 106 107 119 121 127 183 187 214 248 326 338 357
18 52 71 179 263 267 297 337 338 363 367 382 384 399 419 456
17 51 86 146 242 254 294 309 322 336 367 406 409 440 454 497
20 50 78 87 116 117 153 208 212 236 237 339 342 385 393 459
9 36 68 98 139 144 185 191 208 238 264 271 291 316 384 422
7 18 74 78 96 121 174 221 230 270 290 326 418 427 443 447
23 28 34 81 101 175 263 272 284 297 344 346 362 384 438 490
1 11 20 62 75 78 184 254 266 293 303 317 357 374 441 498
11 48 118 183 266 286 293 298 335 405 448 465 479 481 485 492
3 14 73 134 164 198 266 274 276 294 300 403 411 424 474 497
26 78 99 170 181 183 235 246 267 290 293 319 363 403 404 490
118 178 182 190 230 246 250 274 322 367 383 404 417 488 490 498
12 70 94 102 153 185 221 232 233 248 271 279 280 289 325 454
146 156 203 222 236 262 303 326 338 372 376 432 439 446 477 493
58 92 93 198 208 296 316 349 366 393 395 397 427 462 475 480
10 12 24 63 101 189 230 259 269 280 302 310 345 354 464 494
54 60 200 230 242 259 273 274 281 319 385 397 402 414 444 474
25 28 31 44 79 151 153 179 182 247 252 272 320 399 415 476
31 33 70 87 139 148 157 171 182 195 237 255 267 326 333 381
55 70 81 102 171 215 230 250 268 291 340 357 402 436 452 480
12 14 38 49 50 98 111 122 180 252 266 271 275 279 339 409
1 77 95 108 132 152 197 199 280 282 292 294 411 436 490 496
19 90 117 127 143 144 197 205 248 310 374 427 442 454 460 490
43 72 73 105 144 148 198 216 272 281 296 320 343 381 387 482
1 2 135 180 211 215 247 254 269 279 308 316 364 396 440 459
37 48 57 70 71 116 141 145 226 255 290 297 383 440 455 472
23 28 55 121 122 123 126 152 219 252 275 402 422 424 454 492
2 64 71 132 134 153 159 160 213 318 339 396 421 430 450 466
13 47 50 88 98 102 172 179 258 264 282 303 405 423 439 440
25 34 37 49 53 95 111 163 176 186 300 311 363 396 468 471
115 121 143 186 229 254 255 257 271 285 286 290 354 412 494 499
14 16 38 112 156 200 226 265 282 293 305 311 329 343 368 411
6 28 69 130 150 181 258 309 330 357 412 423 462 489 493 498
3 39 54 63 75 87 96 109 173 214 233 272 274 320 433 474
69 81 90 92 157 188 218 234 263 340 384 428 447 473 481 492
55 133 140 145 190 191 204 212 232 296 363 374 384 388 435 484
18 49 54 85 119 126 137 229 263 275 287 316 321 424 426 487
97 105 113 125 128 132 161 167 176 181 196 219 297 342 419 427
17 52 77 91 119 127 186 206 256 303 320 325 355 399 413 417
3 18 30 116 126 155 161 176 207 225 371 392 397 410 426 491
1 38 47 50 104 130 153 176 254 299 306 340 360 426 452 469
26 27 40 74 85 118 138 146 156 169 197 247 311 410 411 417
0 60 71 80 85 115 130 135 148 190 207 213 274 320 404 456
92 157 160 176 203 208 213 226 321 322 342 373 418 448 451 462
16 17 29 36 59 120 159 174 177 186 227 274 442 466 475 494
64 153 167 261 291 295 296 321 332 347 356 371 375 457 478 498
21 58 69 169 260 265 298 306 314 366 390 417 420 427 471 484
11 19 39 67 144 149 155 180 212 224 245 250 287 377 440 470
52 101 123 138 213 224 274 310 328 348 368 376 424 425 454 478
22 29 32 51 93 143 205 222 318 348 419 421 441 444 456 473
15 63 75 92 104 150 246 252 322 363 418 421 440 471 480 483
10 42 45 51 58 119 122 130 167 177 184 209 219 220 315 373
3 29 53 81 93 97 196 284 313 389 416 419 457 459 488 494
81 128 162 215 216 228 229 230 297 307 329 340 368 379 433 436
48 72 113 133 137 169 235 258 259 265 344 363 381 387 406 446
3 40 49 78 115 116 203 206 220 225 254 323 387 431 485 494
10 11 39 55 61 75 96 152 218 261 275 284 332 370 496 497
2 11 46 70 71 120 150 200 245 250 262 304 356 382 422 444 449
9 17 44 56 76 126 158 172 199 205 213 222 334 336 443 449 452
21 34 80 184 247 252 301 318 325 350 366 380 392 420 435 449 459
4 31 44 52 83 99 246 275 280 372 382 386 412 426 469 489 494
11 55 107 138 230 233 239 299 325 326 336 382 394 398 451 455 493
32 41 127 163 197 200 214 215 216 252 255 281 334 375 391 460 467
27 136 164 181 195 219 276 277 282 285 291 306 393 401 446 468 499
37 56 104 106 107 135 159 175 215 229 238 266 380 382 388 422 479
10 27 58 61 66 76 106 128 138 145 172 278 307 315 359 458 489
49 51 89 133 152 174 223 241 251 315 317 335 391 395 398 441 442
14 42 103 112 167 207 235 248 257 277 307 328 333 363 366 387 438
11 97 112 119 214 217 225 226 229 232 262 272 344 409 471 480 499
70 101 105 115 127 130 140 147 148 190 236 268 290 351 369 459 481
136 175 176 186 246 259 267 329 341 356 411 415 423 432 461 482 489
54 72 77 93 123 183 216 277 289 295 301 331 350 367 386 387 416
2 128 197 247 266 287 291 295 316 357 365 382 386 410 426 435 459
3 23 28 66 96 204 233 248 315 316 335 356 367 389 423 472 492
33 39 187 239 248 256 297 313 323 332 334 362 366 407 435 441 447
55 74 112 133 193 222 274 313 333 344 345 387 404 421 432 457 480
7 13 81 85 94 115 191 206 255 261 272 278 317 331 389 435 445
1 8 18 24 57 114 129 141 181 229 292 322 358 413 432 456 463
53 134 179 189 211 231 244 277 304 328 340 376 403 419 429 455 491
5 41 60 78 114 118 154 184 243 264 272 273 305 361 373 449 467
22 35 55 81 114 175 256 286 301 302 309 335 336 401 403 455 456
8 43 50 57 104 162 178 234 240 285 293 394 404 405 428 486 488
17 30 31 73 201 215 261 326 361 372 389 400 404 446 460 470 497
20 25 37 39 44 92 121 136 175 184 206 285 300 306 388 427 483
0 39 115 139 150 174 206 221 239 260 285 297 324 344 385 406 439
6 25 42 48 62 180 285 288 301 305 346 366 413 423 481 494 498
0 46 52 60 66 80 99 150 194 216 282 334 343 373 378 461 471
46 58 91 99 130 145 160 198 313 326 382 393 398 415 432 472 481
8 32 33 71 78 99 134 173 260 282 320 322 340 368 396 402 406
37 50 56 65 82 89 167 208 272 276 356 394 403 405 425 443 476
21 32 55 102 110 172 213 245 291 298 329 370 375 400 417 422 454
147 168 169 180 205 253 303 315 333 348 396 414 429 439 442 478 481
23 56 59 99 147 149 186 289 293 295 302 305 397 402 410 439 478
32 70 73 102 126 144 145 168 171 182 232 305 376 386 446 476 496
77 90 128 176 186 201 220 231 269 279 286 382 390 407 414 436 460
21 31 33 44 88 91 117 148 150 169 209 279 282 293 423 431 445
17 60 80 107 161 168 182 187 245 257 268 270 386 414 425 437 484
9 26 80 114 124 127 163 223 245 275 346 352 356 381 410 426 465
63 83 140 143 148 149 158 161 175 187 191 196 203 278 381 385 495
104 153 154 177 189 256 317 318 336 337 341 358 360 432 435 476 491
9 31 59 61 78 91 131 135 163 264 361 383 409 426 440 454 471
45 62 127 224 238 273 314 332 347 352 363 387 398 450 456 490 496
9 45 47 52 91 156 162 170 227 240 290 303 434 438 449 460 467
13 17 41 58 59 74 104 105 124 171 181 207 371 386 411 462 476
8 12 30 48 57 98 102 126 173 242 303 327 339 343 362 393 414
68 69 152 161 167 173 208 233 255 260 314 331 374 392 460 480 483
38 190 231 256 281 297 318 320 324 381 392 405 442 467 481 483 489
18 43 70 91 116 121 124 155 157 231 232 284 355 405 455 475 490
15 29 47 48 53 59 149 163 236 282 288 332 347 408 418 438 496
1 68 83 94 95 131 175 214 215 235 261 290 330 343 395 450 483
81 118 140 202 219 231 232 237 271 277 291 374 391 410 419 461 487
9 20 116 118 128 159 184 229 248 289 341 347 355 376 406 412 429
30 95 135 201 204 220 221 233 244 261 283 290 300 343 383 385 465
21 38 62 63 72 88 130 157 167 242 268 345 349 355 374 398 410
2 15 50 119 147 232 271 295 317 334 350 378 414 415 435 444 496
35 38 42 45 66 84 110 283 316 338 342 356 390 440 454 455 496
18 38 47 61 66 116 154 184 206 221 237 291 296 320 341 373 420
31 37 45 64 97 107 128 194 210 246 297 305 346 374 481 487 493
21 93 173 208 275 303 318 366 367 369 372 375 387 403 411 418 473
24 33 129 131 173 183 190 240 261 308 310 323 326 384 403 443 455
58 109 110 127 129 146 152 189 263 280 338 369 381 399 413 441 484
10 28 40 50 54 74 104 179 225 240 304 370 378 404 421 422 449
50 101 116 134 196 208 218 232 251 290 298 322 342 396 424 460 467
86 142 196 200 202 222 252 266 337 341 401 413 416 433 456 463 491
78 130 144 192 226 248 266 276 285 297 323 372 402 452 477 492 494
25 29 51 92 124 130 156 159 169 213 222 240 320 329 431 444 460
6 42 51 75 88 197 210 252 283 286 303 310 384 396 401 430 492
11 113 124 129 147 162 216 254 256 267 332 337 366 396 411 428 493
6 19 84 88 111 121 182 210 237 308 315 405 428 448 461 465 487
19 32 85 113 122 126 129 145 234 237 270 284 354 361 386 414 438
106 118 122 182 196 226 239 271 282 314 377 385 386 387 388 407 467
43 51 53 95 123 125 146 182 226 234 266 334 355 399 403 423 478
40 68 113 131 144 156 190 195 220 241 248 263 348 357 376 426 455
4 70 166 173 205 215 229 283 285 333 364 381 384 386 426 433 465
19 79 152 162 165 224 233 253 254 293 301 310 345 369 401 426 473
50 116 128 142 240 247 251 267 286 308 361 393 397 400 413 447 496
11 42 94 117 142 152 172 234 252 277 330 336 353 372 449 486 490
26 41 44 88 102 126 151 154 162 187 250 258 268 306 367 431 481
20 31 33 37 39 117 132 152 189 238 243 309 324 358 390 406 487
6 10 27 28 43 52 58 159 206 250 259 294 415 422 454 472 482
10 95 97 110 111 127 176 220 286 357 370 440 452 463 468 478 498
7 11 17 49 80 97 135 137 145 161 179 199 229 330 390 454 463
6 36 52 71 82 86 185 238 305 309 334 375 387 389 401 482 490
17 42 108 137 139 238 270 297 318 328 396 411 425 458 466 475 487
13 68 71 87 136 166 171 174 233 319 365 419 431 432 460 470 475
1 29 44 59 85 101 102 159 160 175 233 340 398 403 411 439 479
111 127 147 162 165 188 193 228 237 277 284 327 349 353 374 414 421
2 54 100 111 130 141 172 269 286 293 326 367 385 387 425 469 480
4 63 79 147 169 206 242 279 298 347 352 408 422 424 460 469 473
13 21 34 99 162 164 168 223 239 264 299 343 347 376 395 468 489
16 41 72 81 119 123 180 245 276 277 282 297 300 322 339 474 480
20 29 35 51 134 143 179 231 264 282 351 412 424 433 463 473 478
13 21 62 96 100 112 116 124 195 203 220 231 255 305 355 373 382
0 86 149 210 214 235 239 251 279 288 291 299 346 367 379 432 468
10 32 37 45 46 47 83 186 222 237 295 298 324 327 360 363 397
14 45 49 117 140 142 167 216 217 241 272 362 398 409 416 447 483
13 29 39 60 93 145 175 213 233 259 282 288 365 374 408 422 494
14 16 26 35 48 79 107 164 169 195 200 211 243 289 332 390 433 478
8 49 71 72 108 173 175 197 239 259 263 284 303 376 383 407 410 427
9 17 36 104 143 144 193 200 218 242 281 349 382 424 437 456 490 492
12 18 46 75 76 88 114 174 189 190 229 259 306 360 387 400 409 431
24 27 29 75 105 119 130 136 203 207 241 246 249 273 301 349 438 490
5 14 59 66 148 174 191 204 219 223 224 257 296 298 319 426 445 455
11 12 47 115 123 163 175 185 200 249 323 338 348 387 401 410 435 482
10 18 19 80 88 130 140 143 148 188 255 328 382 403 407 432 464 485
44 46 94 120 133 179 184 238 256 269 291 296 308 359 374 421 444 452
0 6 8 98 206 207 219 233 236 238 272 335 373 409 458 460 465 469
14 26 73 85 131 185 205 243 305 382 391 401 414 445 466 470 478 490
31 37 56 77 121 139 153 173 184 185 235 280 284 309 329 390 402 415
21 29 68 94 108 110 111 128 149 165 197 272 275 278 310 336 353 480
1 63 81 94 111 128 213 214 235 256 297 325 369 370 380 389 391 433
19 27 49 127 153 159 199 202 216 248 268 273 282 302 344 375 418 451
28 67 155 178 181 186 226 234 251 284 294 311 321 344 358 381 392 444
63 73 117 138 171 183 216 222 229 242 273 283 294 319 349 399 462 488
59 67 89 117 138 144 173 202 254 260 270 290 341 369 407 415 455 481
5 8 47 81 109 151 156 200 210 291 301 333 352 368 463 474 475 482
30 36 51 91 129 142 165 193 218 231 259 260 285 309 373 412 415 420
9 10 98 118 127 179 202 219 232 261 360 385 441 458 475 480 483 496
41 60 101 156 211 241 255 297 299 304 315 332 363 398 411 458 461 489
28 40 132 143 165 191 247 248 249 257 289 294 296 358 361 363 374 477
7 140 151 244 315 320 328 370 376 401 425 432 434 448 472 476 487 489
43 61 83 88 111 157 169 189 193 236 296 300 322 323 452 488 492 499
25 49 54 90 143 184 204 269 291 348 355 364 391 423 427 449 467 479
124 144 151 153 164 181 273 275 306 311 312 349 366 410 425 446 456 470
5 14 52 60 65 93 131 183 186 187 208 225 333 354 365 395 424 497
15 39 59 73 99 106 110 116 132 174 220 288 307 314 388 408 434 446
86 134 161 175 176 266 268 272 283 284 301 312 315 318 325 403 436 442
7 14 34 38 40 59 68 80 147 185 195 199 200 238 289 347 385 454
0 23 30 44 70 93 135 171 216 262 270 297 298 441 442 447 481 496
30 98 145 146 151 156 162 166 172 236 258 260 273 321 352 411 424 477
73 81 82 83 103 194 212 229 241 245 255 257 293 327 449 461 478 498
13 17 25 138 165 203 274 298 300 320 331 358 420 438 447 464 470 493
4 35 48 80 102 162 184 268 287 296 306 309 376 378 393 396 471 480
89 98 171 178 180 184 205 211 219 220 231 244 265 301 311 325 390 397
14 68 106 116 130 131 180 182 240 271 295 376 378 406 409 447 483 484
4 89 108 140 167 283 318 359 379 390 404 408 413 425 449 452 491 493
2 39 78 109 115 129 151 180 181 208 209 218 223 252 288 316 404 484
14 27 34 43 55 98 130 145 225 229 238 255 282 290 299 306 332 492
6 19 162 168 179 188 217 244 299 301 367 394 395 399 480 481 494 496
13 45 101 102 107 123 147 182 183 227 270 294 316 325 350 367 441 466
5 33 66 79 90 181 254 269 279 305 323 334 383 421 444 466 482 487
2 67 69 114 126 153 174 193 206 223 246 251 291 374 424 449 462 476
4 26 30 54 77 78 81 104 108 126 160 184 235 352 359 383 385 487
12 13 118 179 187 195 202 203 252 267 288 311 332 358 395 398 404 451
22 118 129 158 169 218 237 251 272 289 325 333 334 407 418 450 455 461
4 72 143 228 230 292 298 299 305 318 327 329 344 345 392 394 401 470
4 12 15 66 77 90 125 153 154 160 204 220 278 320 331 447 473 474
31 63 72 85 91 128 137 166 173 202 209 217 236 240 251 275 347 407
3 4 40 190 202 249 272 323 325 335 351 401 416 418 420 435 444 476
3 42 51 58 84 115 132 173 245 299 349 362 371 385 397 433 454 478
30 34 35 72 107 124 152 175 223 265 287 317 394 407 412 443 446 479
103 111 117 123 124 130 168 179 181 224 234 262 271 334 358 359 372 412
12 49 60 73 97 101 122 159 216 235 254 281 341 374 378 383 407 470
3 52 72 90 131 191 197 201 223 237 247 358 360 386 420 451 466 476
18 20 80 88 113 151 201 239 297 303 304 326 329 362 388 397 458 468
13 26 35 79 81 100 195 214 222 249 277 286 305 320 340 368 478 498
23 38 39 42 73 82 83 121 180 307 373 426 428 435 449 460 485 495
10 55 74 98 129 157 189 198 201 245 289 295 312 317 350 386 447 484
20 49 61 88 162 188 194 202 204 234 241 249 256 315 337 448 487 492
21 50 94 98 104 110 118 128 132 141 155 207 211 256 320 416 464 486
55 57 130 142 150 163 181 230 231 259 305 320 329 385 397 406 479 489
36 40 108 122 153 156 167 209 275 334 335 356 390 393 443 451 489 493
52 59 76 89 97 129 133 139 165 171 213 215 247 284 317 346 393 454
47 51 65 74 103 130 133 158 174 191 256 283 290 400 437 450 473 475
43 89 104 125 167 191 214 241 260 274 288 303 333 389 397 402 467 487
5 10 32 57 96 137 141 150 177 268 279 332 370 410 437 442 443 494
11 56 73 112 133 185 198 222 258 281 336 338 350 408 409 412 429 472
64 117 119 126 137 149 161 163 192 207 220 235 259 306 329 346 405 473
7 20 21 22 26 31 92 101 111 113 180 220 311 340 347 352 370 378
3 32 45 74 137 146 209 239 249 272 293 295 361 388 420 430 478 489
9 89 133 148 185 237 255 261 274 284 290 306 388 397 405 433 438 439
4 23 31 35 38 67 75 99 109 139 152 238 239 276 304 324 337 370
3 18 23 49 130 131 139 141 162 178 191 242 319 337 344 426 454 492
2 59 74 79 93 112 114 153 234 235 247 270 286 366 418 439 449 472
70 97 106 130 138 158 211 238 265 289 302 303 323 382 397 438 462 468
25 33 93 112 117 122 124 130 134 238 346 354 364 389 431 449 459 470
47 51 108 143 177 182 223 229 237 277 289 299 375 396 412 423 427 486
49 124 144 178 184 222 232 237 239 244 259 262 336 353 366 447 455 462 499
3 55 71 74 101 143 164 168 182 237 265 292 308 379 382 412 422 460 474
71 75 104 136 153 164 173 190 202 215 231 267 329 333 366 377 411 423 437
5 61 90 109 170 192 195 202 207 229 293 307 309 347 386 394 439 453 466
8 24 66 79 150 212 230 250 252 296 326 339 346 347 349 378 381 462 477
8 57 74 75 87 110 135 176 253 304 310 332 335 360 375 400 409 460 475
8 49 74 124 147 210 211 266 311 321 339 354 363 367 437 446 455 456 466
27 103 142 182 221 253 277 330 351 358 365 367 397 401 425 426 427 491 492
81 127 179 219 224 239 258 301 305 327 371 374 418 422 452 455 478 493 494
118 131 166 219 268 284 294 305 315 326 340 359 371 415 430 433 442 476 477
0 30 55 65 73 77 82 132 164 172 203 236 339 363 399 422 483 490 494
33 37 57 108 164 187 241 251 254 261 314 331 343 354 358 383 400 416 492
31 50 191 239 240 250 270 276 313 317 335 368 400 406 410 475 478 481 483
7 44 51 121 177 203 233 248 269 272 278 291 297 384 386 399 410 450 462
17 27 61 63 154 209 245 262 283 289 297 313 332 336 363 404 410 427 469
133 155 166 172 237 241 243 245 256 312 316 325 331 364 372 418 422 450 470
24 169 174 175 208 214 281 282 286 292 298 324 391 393 407 417 451 477 486
4 78 110 154 164 165 206 213 255 272 336 344 374 409 425 429 443 470 474
13 45 69 79 90 126 138 204 215 240 260 279 292 307 347 397 399 449 489
37 61 80 136 152 170 186 202 240 265 270 290 339 356 372 387 416 420 490
1 78 115 121 199 245 274 283 300 307 308 340 359 369 373 425 450 461 486
1 8 9 14 48 82 118 130 156 185 281 297 349 356 386 487 488 491 492
76 98 109 119 125 131 144 198 229 283 326 352 388 426 447 456 473 492 495
3 8 20 53 55 73 96 99 103 105 186 240 306 424 447 453 459 483 499
8 28 72 135 138 140 183 217 257 259 282 331 347 389 423 426 448 449 458
9 48 63 80 92 139 170 208 222 240 259 279 374 410 422 424 432 462 471
120 126 136 146 166 225 280 301 359 362 371 401 425 429 432 436 455 483 497
18 41 58 96 115 138 151 193 203 273 335 357 430 433 445 461 474 495 499
35 43 74 120 165 177 277 287 292 304 324 368 372 392 413 417 446 461 475
0 13 40 45 50 104 107 194 203 218 242 282 302 307 327 390 404 481 491
32 34 62 111 140 148 151 193 240 291 310 328 366 403 413 444 446 454 458
9 36 129 176 217 237 254 261 267 304 344 355 394 416 435 438 471 490 494
24 78 92 105 114 148 152 203 233 234 238 308 320 344 424 428 465 472 494
23 115 120 129 148 161 165 167 190 192 197 210 246 280 342 355 368 395 451
2 34 54 112 114 145 153 162 168 180 200 264 301 320 361 382 388 410 438
27 118 128 142 266 286 289 306 335 345 354 388 389 400 424 438 439 472 498
1 8 27 64 148 156 200 204 206 270 276 278 291 363 399 424 452 475 481
64 151 157 173 177 187 201 228 254 256 261 308 314 347 360 364 384 392 397
25 68 108 123 163 193 195 208 214 228 250 269 313 338 350 357 367 418 449
75 85 93 104 105 129 162 170 199 208 269 322 344 353 377 387 391 456 491
11 53 61 102 119 125 154 169 170 197 206 236 332 360 364 380 433 477 499
0 21 36 68 91 98 183 184 189 218 255 272 281 303 308 322 391 401 438
43 82 103 126 152 164 169 286 294 321 374 383 386 402 407 409 412 477 491
4 13 81 99 140 160 197 202 218 234 256 269 277 286 325 333 338 381 392
44 72 74 77 107 116 172 303 308 316 335 340 346 352 390 404 421 455 487
0 11 205 247 292 302 323 326 335 347 356 367 373 388 394 409 434 457 460
8 30 37 47 61 89 120 139 216 265 282 291 299 308 322 333 382 443 447
23 39 40 86 107 112 126 132 187 195 209 264 304 368 374 409 429 431 477
11 128 186 225 232 260 277 295 297 304 344 360 370 389 407 413 462 476 499
0 36 45 72 83 88 135 140 145 190 269 280 301 308 327 338 367 401 443
32 53 78 96 143 149 208 227 241 242 260 303 324 411 452 460 481 482 490
64 81 93 96 185 207 212 242 245 272 282 290 364 394 411 412 432 460 487
36 83 105 109 128 154 155 184 185 188 249 284 326 390 408 463 466 490 498
7 16 116 135 175 207 251 273 294 307 310 323 342 354 394 405 444 457 481
17 52 62 91 93 135 145 157 175 239 285 346 354 380 387 403 412 425 492
2 8 16 43 60 133 135 162 166 193 214 217 277 338 340 383 420 436 484
8 11 36 47 49 69 112 132 161 177 183 232 324 358 395 408 419 454 496
60 90 91 134 164 180 218 237 241 273 284 285 297 324 329 353 381 424 455
2 14 26 183 191 194 239 243 258 261 278 286 302 345 375 399 417 421 490
36 56 75 76 109 148 268 272 322 369 387 403 412 418 423 425 462 463 475
49 107 109 142 148 217 218 234 261 298 320 322 323 334 341 382 396 463 473
49 134 176 188 221 226 294 301 311 319 320 329 352 361 383 393 425 458 462
1 27 58 64 116 123 138 192 220 228 235 245 285 316 400 413 453 462 498
17 29 38 45 50 82 159 170 223 277 324 331 360 402 410 423 427 491 498
17 39 43 44 48 106 109 141 144 158 221 228 268 365 406 434 464 469 470
39 46 85 88 142 145 150 162 191 297 312 314 366 378 385 391 392 437 486
62 120 137 138 146 161 184 188 229 235 241 249 315 380 407 414 430 436 442
69 114 129 153 155 166 175 218 219 230 255 267 272 321 324 371 442 445 480
29 32 94 188 223 235 312 318 328 336 343 357 360 395 422 450 455 478 498
21 31 36 63 84 128 132 137 156 182 184 199 223 226 246 305 356 379 425
20 60 71 82 85 89 138 183 191 216 264 308 349 393 402 421 433 439 472
13 38 46 64 127 183 186 249 255 256 269 290 296 299 380 440 451 482 484
8 27 36 43 73 102 105 143 165 198 236 252 260 383 410 425 440 445 476
13 25 38 81 131 137 142 204 226 243 262 277 287 409 420 441 451 464 478
48 58 81 204 227 229 242 281 284 326 337 375 385 392 396 436 438 454 488
28 33 50 77 105 135 160 232 253 279 312 372 405 411 436 446 487 491 492
5 19 93 127 145 190 224 225 246 257 269 276 344 376 401 443 446 448 451
20 28 39 43 53 83 139 208 218 227 275 288 327 333 343 347 378 457 498
59 93 108 128 161 166 176 187 242 252 263 264 287 309 364 375 412 473 495
16 39 78 152 162 216 228 245 255 317 340 349 376 380 426 444 446 475 482
3 14 26 34 41 66 71 106 108 181 216 270 324 371 399 421 432 441 443 450
4 7 14 25 61 66 71 90 98 119 288 299 308 417 441 447 450 475 479 481
56 62 71 79 110 119 132 144 191 229 263 278 281 332 374 422 452 467 469 489
34 45 56 96 97 115 120 124 248 294 301 319 335 364 376 391 392 434 435 457
62 65 87 93 101 121 131 201 215 218 248 277 288 308 331 413 436 473 479 494
4 52 77 94 132 134 138 148 217 231 244 246 252 317 344 353 428 435 440 472
37 41 62 69 92 120 129 134 143 144 148 161 163 221 301 334 345 381 393 431
2 41 51 63 64 106 151 179 197 263 282 302 316 387 394 426 439 458 483 486
19 88 102 106 108 143 164 186 191 226 243 305 321 343 364 384 413 414 441 472
47 57 77 90 166 204 227 239 240 265 277 283 287 406 429 453 463 479 484 489
144 150 201 203 207 211 217 226 244 247 264 275 341 372 385 413 440 453 481 486
58 70 83 95 154 174 250 294 307 312 341 355 360 372 375 376 416 421 437 438
1 2 38 45 52 56 78 88 98 110 120 140 221 256 300 347 351 369 449 470
6 17 60 101 129 134 137 161 185 220 233 295 352 356 382 388 404 423 465 473
0 34 35 79 95 104 138 172 184 197 225 234 275 293 365 367 408 441 491 497
1 17 109 124 146 179 195 226 268 277 303 326 348 360 364 388 400 407 485 498
70 140 160 170 222 245 257 263 277 298 300 328 330 355 374 379 395 424 435 481
50 173 191 196 243 295 303 305 307 321 326 363 377 378 395 396 402 433 444 454
12 37 41 98 110 123 148 151 152 178 187 201 226 252 255 340 349 361 399 482
32 51 107 127 217 222 236 260 270 279 282 316 318 326 327 334 380 401 406 483
23 40 55 87 120 164 177 204 205 239 251 263 279 293 337 338 373 383 402 432
21 75 111 195 204 229 246 270 311 343 387 413 414 424 429 432 446 450 488 494
15 97 145 165 178 251 263 295 314 316 326 365 371 384 390 411 426 434 465 492
9 13 23 45 49 127 142 189 212 222 236 248 260 293 318 329 373 386 415 465
39 45 59 60 113 152 156 174 223 231 250 252 282 286 318 338 371 437 444 474
28 30 35 129 150 234 256 276 329 332 357 376 389 409 416 426 428 439 449 471
18 20 33 40 80 110 147 159 185 224 261 275 365 379 411 445 457 458 466 482
9 26 34 52 65 74 88 106 119 193 228 230 252 267 296 304 334 352 381 496
11 15 44 52 55 74 99 120 127 131 161 246 247 254 297 309 317 341 411 413
2 4 5 63 66 80 114 115 122 128 136 158 228 307 365 396 424 438 468 484
40 85 119 144 177 189 225 226 245 321 333 348 349 355 369 373 401 402 433 440
7 27 87 103 104 116 128 133 196 233 246 311 316 359 371 398 440 445 490 498
4 49 60 63 89 90 122 132 145 153 252 264 312 336 351 368 408 433 449 490
10 30 105 116 159 183 193 222 228 244 260 275 299 355 410 458 475 488 489 499
62 72 86 123 142 150 152 177 316 319 365 381 410 422 434 446 453 472 475 490
60 151 165 176 262 282 319 344 363 367 374 377 379 384 405 410 440 455 474 480
2 25 26 29 60 151 258 268 291 295 297 352 403 415 419 439 465 473 475 476
9 12 28 37 54 76 77 91 111 140 144 147 187 221 265 314 366 402 447 454
22 43 70 114 170 175 244 250 283 287 313 316 342 380 401 406 427 464 475 483
46 72 73 126 136 138 171 172 175 239 264 265 281 297 301 303 337 387 398 455
59 134 136 139 171 212 218 228 231 235 236 303 328 382 420 448 476 486 497 499
0 53 58 93 158 171 229 243 291 320 345 350 391 417 442 447 456 473 477 478
12 32 34 43 44 80 92 136 144 160 162 163 232 298 309 312 313 384 389 415
9 26 37 51 66 89 137 173 205 211 288 337 338 420 421 427 437 438 447 473
41 50 58 60 75 82 116 129 140 158 195 228 284 327 353 377 444 467 474 484
7 32 62 181 182 199 210 218 220 224 257 264 279 294 307 311 369 381 396 438
14 69 85 131 157 174 192 229 262 269 276 292 308 324 349 353 429 439 440 451
68 78 83 91 93 172 179 186 189 233 241 242 278 333 344 391 396 417 420 448
2 9 149 151 220 235 288 301 319 329 331 338 411 418 422 434 444 456 458 476
42 83 97 104 116 134 151 155 170 193 208 250 317 325 344 347 355 377 386 497
52 67 87 140 143 166 168 203 247 249 258 269 276 286 330 333 375 410 474 494
64 66 85 88 94 103 132 134 166 183 239 259 346 350 359 384 430 448 454 475
18 55 62 109 133 159 167 209 246 259 260 269 272 335 346 365 379 454 474 486
1 36 81 83 128 153 159 165 218 223 226 233 234 254 313 350 408 415 430 445
24 30 46 58 62 76 101 105 171 219 226 263 297 301 317 360 427 432 436 481
20 51 95 126 132 134 146 178 226 248 256 280 366 373 386 400 401 460 478 496
23 39 41 72 92 239 294 316 329 349 372 417 423 428 430 433 436 469 472 499
29 95 121 174 242 269 274 307 314 319 324 327 348 370 377 387 411 443 445 453
4 45 92 127 140 173 194 233 269 301 322 332 379 384 401 438 454 463 471 483
15 24 26 28 56 84 90 95 116 218 228 246 265 282 321 336 352 431 469 487
24 57 58 66 94 100 101 252 303 337 350 378 387 395 431 446 448 484 489 494
36 50 72 87 90 107 121 216 225 226 262 273 286 305 325 337 405 426 439 484
56 84 108 114 117 138 139 269 291 317 327 331 336 361 389 401 417 455 473 498
19 38 84 184 187 214 223 284 295 306 313 326 349 355 371 392 393 403 407 408
6 9 27 53 79 134 141 201 284 347 351 354 372 392 415 447 472 476 486 487
31 42 48 78 104 165 184 197 199 226 278 308 356 371 375 379 412 417 449 498
7 42 43 49 54 60 63 64 71 84 145 148 191 264 275 285 411 455 480 496
2 45 47 80 96 124 140 141 152 201 204 208 216 218 240 331 371 388 415 430
54 66 74 97 123 144 153 183 210 266 299 330 391 392 436 454 462 471 474 491
4 47 51 73 87 122 131 140 182 245 250 275 297 349 353 384 458 480 484 493
73 117 162 185 186 212 225 232 235 252 271 283 312 325 339 372 402 405 422 449
11 31 45 48 57 59 163 177 192 209 223 285 289 293 372 373 431 432 445 458
21 98 107 129 133 135 160 161 192 240 242 254 285 302 410 420 448 470 475 484
8 68 83 93 125 130 137 196 197 220 237 320 359 363 368 369 399 439 467 487
23 97 117 147 153 160 169 186 192 212 216 224 240 242 253 291 303 441 460 464
3 29 35 37 60 93 104 184 196 210 234 255 300 324 349 397 401 426 447 458
33 87 107 118 125 142 209 232 245 291 319 367 397 411 423 456 469 478 492 499
34 35 82 109 131 132 136 170 182 212 213 238 255 375 394 443 449 480 487 495
3 6 21 35 70 87 113 127 137 156 170 211 217 245 290 315 319 364 390 491
35 85 112 133 135 179 193 194 239 246 268 274 299 313 365 434 447 458 462 465
